Study Name	044_15
Sample Name	2024-10-02
Run Name	spot_00
Operator	Elena
Date	10/2/2024
Time	19:46
Sign	NEG
Grating Spacing	03.40um
Channel	3
Number Traces	2000
Files in Batch	6
Batch Number	467
dt	100.000001E-12
time stamp (ms)	9:14:47 PM
	
Time	Amplitude
0.000000E+0	7.452074E-4
1.000000E-10	1.096396E-3
2.000000E-10	1.156355E-3
3.000000E-10	1.019306E-3
4.000000E-10	6.081583E-4
5.000000E-10	4.111502E-4
6.000000E-10	3.169289E-4
7.000000E-10	3.768879E-4
8.000000E-10	3.854535E-4
9.000000E-10	5.396337E-4
1.000000E-9	4.025846E-4
1.100000E-9	3.169289E-4
1.200000E-9	1.884454E-4
1.300000E-9	-8.562754E-6
1.400000E-9	1.713396E-5
1.500000E-9	1.541831E-4
1.600000E-9	2.312732E-4
1.700000E-9	3.511912E-4
1.800000E-9	4.625436E-4
1.900000E-9	5.310682E-4
2.000000E-9	5.396337E-4
2.100000E-9	5.310682E-4
2.200000E-9	3.426256E-4
2.300000E-9	2.141421E-4
2.400000E-9	-8.565289E-5
2.500000E-9	-3.854478E-4
2.600000E-9	-6.595461E-4
2.700000E-9	-6.424149E-4
2.800000E-9	-4.711035E-4
2.900000E-9	-2.569643E-4
3.000000E-9	1.713396E-5
3.100000E-9	-8.562754E-6
3.200000E-9	-4.282504E-5
3.300000E-9	-1.627430E-4
3.400000E-9	-3.940134E-4
3.500000E-9	-3.083577E-4
3.600000E-9	-3.854478E-4
3.700000E-9	-2.141364E-4
3.800000E-9	-8.565289E-5
3.900000E-9	5.996181E-5
4.000000E-9	4.283067E-5
4.100000E-9	3.426510E-5
4.200000E-9	1.113552E-4
4.300000E-9	2.815796E-9
4.400000E-9	2.227076E-4
4.500000E-9	1.884454E-4
4.600000E-9	2.398388E-4
4.700000E-9	2.398388E-4
4.800000E-9	2.484044E-4
4.900000E-9	8.565852E-5
5.000000E-9	1.456175E-4
5.100000E-9	2.741011E-4
5.200000E-9	3.083633E-4
5.300000E-9	4.539780E-4
5.400000E-9	4.625436E-4
5.500000E-9	2.826666E-4
5.600000E-9	2.815796E-9
5.700000E-9	-1.199152E-4
5.800000E-9	-4.025790E-4
5.900000E-9	-3.683167E-4
6.000000E-9	-2.483987E-4
6.100000E-9	-1.113496E-4
6.200000E-9	-9.421846E-5
6.300000E-9	8.568386E-6
6.400000E-9	-6.852175E-5
6.500000E-9	-4.282504E-5
6.600000E-9	1.199208E-4
6.700000E-9	2.655355E-4
6.800000E-9	6.852484E-4
6.900000E-9	1.096396E-3
7.000000E-9	1.353363E-3
7.100000E-9	1.370494E-3
7.200000E-9	1.045002E-3
7.300000E-9	5.310682E-4
7.400000E-9	6.852738E-5
7.500000E-9	-2.483987E-4
7.600000E-9	-3.768823E-4
7.700000E-9	-1.027840E-4
7.800000E-9	2.055765E-4
7.900000E-9	4.454125E-4
8.000000E-9	6.509861E-4
8.100000E-9	7.537730E-4
8.200000E-9	5.396337E-4
8.300000E-9	3.768879E-4
8.400000E-9	1.798798E-4
8.500000E-9	1.798798E-4
8.600000E-9	4.539780E-4
8.700000E-9	7.195107E-4
8.800000E-9	8.479943E-4
8.900000E-9	8.479943E-4
9.000000E-9	7.794697E-4
9.100000E-9	5.225026E-4
9.200000E-9	1.199208E-4
9.300000E-9	-1.627430E-4
9.400000E-9	-3.768823E-4
9.500000E-9	-4.111446E-4
9.600000E-9	-6.338494E-4
9.700000E-9	-7.023739E-4
9.800000E-9	-5.910215E-4
9.900000E-9	-3.511856E-4
1.000000E-8	-5.995618E-5
1.010000E-8	3.169289E-4
1.020000E-8	4.282813E-4
1.030000E-8	4.968059E-4
1.040000E-8	2.912322E-4
1.050000E-8	2.569953E-5
1.060000E-8	-1.113496E-4
1.070000E-8	-1.370463E-4
1.080000E-8	3.426510E-5
1.090000E-8	2.312732E-4
1.100000E-8	6.252894E-4
1.110000E-8	8.565598E-4
1.120000E-8	8.051664E-4
1.130000E-8	5.481993E-4
1.140000E-8	2.569699E-4
1.150000E-8	-1.798742E-4
1.160000E-8	-2.997921E-4
1.170000E-8	-4.197101E-4
1.180000E-8	-2.569643E-4
1.190000E-8	-9.421846E-5
1.200000E-8	1.970109E-4
1.210000E-8	2.141421E-4
1.220000E-8	2.312732E-4
1.230000E-8	2.312732E-4
1.240000E-8	1.627486E-4
1.250000E-8	1.456175E-4
1.260000E-8	1.027897E-4
1.270000E-8	-2.398331E-4
1.280000E-8	-3.683167E-4
1.290000E-8	-3.940134E-4
1.300000E-8	-2.912266E-4
1.310000E-8	-2.141364E-4
1.320000E-8	6.852738E-5
1.330000E-8	2.227076E-4
1.340000E-8	2.398388E-4
1.350000E-8	-8.565289E-5
1.360000E-8	-4.454068E-4
1.370000E-8	-8.736853E-4
1.380000E-8	-1.113521E-3
1.390000E-8	-1.216308E-3
1.400000E-8	-1.224874E-3
1.410000E-8	-1.079259E-3
1.420000E-8	-7.794641E-4
1.430000E-8	-3.854478E-4
1.440000E-8	7.709295E-5
1.450000E-8	5.053715E-4
1.460000E-8	7.537730E-4
1.470000E-8	8.993877E-4
1.480000E-8	6.766829E-4
1.490000E-8	5.396337E-4
1.500000E-8	2.655355E-4
1.510000E-8	1.541831E-4
1.520000E-8	1.713396E-5
1.530000E-8	5.996181E-5
1.540000E-8	2.569953E-5
1.550000E-8	8.565852E-5
1.560000E-8	3.426510E-5
1.570000E-8	4.283067E-5
1.580000E-8	-1.027840E-4
1.590000E-8	-9.421846E-5
1.600000E-8	-6.852175E-5
1.610000E-8	1.713142E-4
1.620000E-8	4.111502E-4
1.630000E-8	8.394287E-4
1.640000E-8	1.062134E-3
1.650000E-8	1.173486E-3
1.660000E-8	9.679122E-4
1.670000E-8	8.051664E-4
1.680000E-8	5.053715E-4
1.690000E-8	3.426510E-5
1.700000E-8	-2.997921E-4
1.710000E-8	-7.195051E-4
1.720000E-8	-9.936033E-4
1.730000E-8	-1.207743E-3
1.740000E-8	-1.344792E-3
1.750000E-8	-1.344792E-3
1.760000E-8	-1.139218E-3
1.770000E-8	-9.165132E-4
1.780000E-8	-5.910215E-4
1.790000E-8	-3.511856E-4
1.800000E-8	-2.227020E-4
1.810000E-8	-3.169233E-4
1.820000E-8	-2.398331E-4
1.830000E-8	-1.884397E-4
1.840000E-8	-2.569389E-5
1.850000E-8	5.996181E-5
1.860000E-8	5.996181E-5
1.870000E-8	9.422409E-5
1.880000E-8	-1.712832E-5
1.890000E-8	-1.027840E-4
1.900000E-8	-1.970053E-4
1.910000E-8	-7.708732E-5
1.920000E-8	-5.139061E-5
1.930000E-8	-4.539724E-4
1.940000E-8	-1.396185E-3
1.950000E-8	-3.785979E-3
1.960000E-8	-8.128723E-3
1.970000E-8	-1.433020E-2
1.980000E-8	-2.223622E-2
1.990000E-8	-3.069044E-2
2.000000E-8	-3.864785E-2
2.010000E-8	-4.475510E-2
2.020000E-8	-4.872096E-2
2.030000E-8	-5.045121E-2
2.040000E-8	-5.105936E-2
2.050000E-8	-5.135059E-2
2.060000E-8	-5.173604E-2
2.070000E-8	-5.189879E-2
2.080000E-8	-5.093088E-2
2.090000E-8	-4.844686E-2
2.100000E-8	-4.389854E-2
2.110000E-8	-3.852793E-2
2.120000E-8	-3.363699E-2
2.130000E-8	-2.975679E-2
2.140000E-8	-2.758113E-2
2.150000E-8	-2.695585E-2
2.160000E-8	-2.721281E-2
2.170000E-8	-2.781240E-2
2.180000E-8	-2.856617E-2
2.190000E-8	-2.949982E-2
2.200000E-8	-3.074183E-2
2.210000E-8	-3.254916E-2
2.220000E-8	-3.465629E-2
2.230000E-8	-3.681482E-2
2.240000E-8	-3.834805E-2
2.250000E-8	-3.875920E-2
2.260000E-8	-3.788551E-2
2.270000E-8	-3.596683E-2
2.280000E-8	-3.340572E-2
2.290000E-8	-3.072470E-2
2.300000E-8	-2.798371E-2
2.310000E-8	-2.525986E-2
2.320000E-8	-2.310134E-2
2.330000E-8	-2.103704E-2
2.340000E-8	-1.962372E-2
2.350000E-8	-1.908409E-2
2.360000E-8	-1.924683E-2
2.370000E-8	-2.021474E-2
2.380000E-8	-2.199638E-2
2.390000E-8	-2.410351E-2
2.400000E-8	-2.606503E-2
2.410000E-8	-2.783810E-2
2.420000E-8	-2.915720E-2
2.430000E-8	-2.979105E-2
2.440000E-8	-3.007371E-2
2.450000E-8	-2.960261E-2
2.460000E-8	-2.846339E-2
2.470000E-8	-2.683593E-2
2.480000E-8	-2.461745E-2
2.490000E-8	-2.207347E-2
2.500000E-8	-1.954663E-2
2.510000E-8	-1.728532E-2
2.520000E-8	-1.531524E-2
2.530000E-8	-1.427024E-2
2.540000E-8	-1.383339E-2
2.550000E-8	-1.424454E-2
2.560000E-8	-1.540946E-2
2.570000E-8	-1.707118E-2
2.580000E-8	-1.913548E-2
2.590000E-8	-2.156810E-2
2.600000E-8	-2.375232E-2
2.610000E-8	-2.543118E-2
2.620000E-8	-2.671601E-2
2.630000E-8	-2.739269E-2
2.640000E-8	-2.722138E-2
2.650000E-8	-2.652757E-2
2.660000E-8	-2.500290E-2
2.670000E-8	-2.236470E-2
2.680000E-8	-1.879286E-2
2.690000E-8	-1.461286E-2
2.700000E-8	-1.059561E-2
2.710000E-8	-7.897453E-3
2.720000E-8	-6.826757E-3
2.730000E-8	-7.657617E-3
2.740000E-8	-1.000458E-2
2.750000E-8	-1.313958E-2
2.760000E-8	-1.619749E-2
2.770000E-8	-1.887851E-2
2.780000E-8	-2.095138E-2
2.790000E-8	-2.257884E-2
2.800000E-8	-2.362384E-2
2.810000E-8	-2.414634E-2
2.820000E-8	-2.383798E-2
2.830000E-8	-2.266450E-2
2.840000E-8	-2.033466E-2
2.850000E-8	-1.675425E-2
2.860000E-8	-1.263421E-2
2.870000E-8	-8.591264E-3
2.880000E-8	-5.576183E-3
2.890000E-8	-4.154299E-3
2.900000E-8	-4.548315E-3
2.910000E-8	-6.441306E-3
2.920000E-8	-9.122329E-3
2.930000E-8	-1.194040E-2
2.940000E-8	-1.427024E-2
2.950000E-8	-1.617179E-2
2.960000E-8	-1.787634E-2
2.970000E-8	-1.937532E-2
2.980000E-8	-2.084859E-2
2.990000E-8	-2.191929E-2
3.000000E-8	-2.221052E-2
3.010000E-8	-2.107987E-2
3.020000E-8	-1.864724E-2
3.030000E-8	-1.492979E-2
3.040000E-8	-1.110098E-2
3.050000E-8	-7.494871E-3
3.060000E-8	-4.882372E-3
3.070000E-8	-3.717455E-3
3.080000E-8	-3.726020E-3
3.090000E-8	-4.933766E-3
3.100000E-8	-6.783929E-3
3.110000E-8	-8.916756E-3
3.120000E-8	-1.110098E-2
3.130000E-8	-1.320811E-2
3.140000E-8	-1.495548E-2
3.150000E-8	-1.645446E-2
3.160000E-8	-1.755085E-2
3.170000E-8	-1.804765E-2
3.180000E-8	-1.785065E-2
3.190000E-8	-1.698552E-2
3.200000E-8	-1.539233E-2
3.210000E-8	-1.317384E-2
3.220000E-8	-1.074979E-2
3.230000E-8	-8.411387E-3
3.240000E-8	-6.629748E-3
3.250000E-8	-5.541921E-3
3.260000E-8	-4.882372E-3
3.270000E-8	-4.753889E-3
3.280000E-8	-5.190733E-3
3.290000E-8	-5.953068E-3
3.300000E-8	-7.049461E-3
3.310000E-8	-8.497043E-3
3.320000E-8	-1.009024E-2
3.330000E-8	-1.184618E-2
3.340000E-8	-1.364495E-2
3.350000E-8	-1.495548E-2
3.360000E-8	-1.565786E-2
3.370000E-8	-1.589770E-2
3.380000E-8	-1.516106E-2
3.390000E-8	-1.378200E-2
3.400000E-8	-1.182048E-2
3.410000E-8	-9.353600E-3
3.420000E-8	-6.689707E-3
3.430000E-8	-3.974422E-3
3.440000E-8	-1.533234E-3
3.450000E-8	1.798798E-4
3.460000E-8	9.593467E-4
3.470000E-8	3.768879E-4
3.480000E-8	-1.464710E-3
3.490000E-8	-4.265651E-3
3.500000E-8	-7.760404E-3
3.510000E-8	-1.102389E-2
3.520000E-8	-1.379057E-2
3.530000E-8	-1.571782E-2
3.540000E-8	-1.646302E-2
3.550000E-8	-1.614610E-2
3.560000E-8	-1.487839E-2
3.570000E-8	-1.294257E-2
3.580000E-8	-1.053565E-2
3.590000E-8	-7.906018E-3
3.600000E-8	-5.053684E-3
3.610000E-8	-2.252742E-3
3.620000E-8	3.768879E-4
3.630000E-8	2.295576E-3
3.640000E-8	2.818075E-3
3.650000E-8	2.192789E-3
3.660000E-8	4.283067E-5
3.670000E-8	-3.349135E-3
3.680000E-8	-7.032330E-3
3.690000E-8	-1.043286E-2
3.700000E-8	-1.312245E-2
3.710000E-8	-1.448438E-2
3.720000E-8	-1.462999E-2
3.730000E-8	-1.403897E-2
3.740000E-8	-1.273700E-2
3.750000E-8	-1.126372E-2
3.760000E-8	-9.704788E-3
3.770000E-8	-7.666182E-3
3.780000E-8	-5.379175E-3
3.790000E-8	-2.689586E-3
3.800000E-8	1.713396E-5
3.810000E-8	2.030043E-3
3.820000E-8	2.655330E-3
3.830000E-8	1.730248E-3
3.840000E-8	-7.280706E-4
3.850000E-8	-4.102905E-3
3.860000E-8	-7.666182E-3
3.870000E-8	-1.071553E-2
3.880000E-8	-1.270274E-2
3.890000E-8	-1.343938E-2
3.900000E-8	-1.327663E-2
3.910000E-8	-1.275413E-2
3.920000E-8	-1.176909E-2
3.930000E-8	-1.060417E-2
3.940000E-8	-8.968149E-3
3.950000E-8	-6.715404E-3
3.960000E-8	-4.265651E-3
3.970000E-8	-2.115693E-3
3.980000E-8	-2.655299E-4
3.990000E-8	8.479943E-4
4.000000E-8	8.651254E-4
4.010000E-8	-8.562754E-6
4.020000E-8	-1.507538E-3
4.030000E-8	-3.246348E-3
4.040000E-8	-4.933766E-3
4.050000E-8	-6.347085E-3
4.060000E-8	-7.734707E-3
4.070000E-8	-8.676920E-3
4.080000E-8	-9.345034E-3
4.090000E-8	-9.773313E-3
4.100000E-8	-9.644829E-3
4.110000E-8	-9.156592E-3
4.120000E-8	-8.325731E-3
4.130000E-8	-7.092289E-3
4.140000E-8	-5.481962E-3
4.150000E-8	-3.666061E-3
4.160000E-8	-1.524669E-3
4.170000E-8	7.452074E-4
4.180000E-8	2.458321E-3
4.190000E-8	3.657501E-3
4.200000E-8	3.666067E-3
4.210000E-8	2.603936E-3
4.220000E-8	5.481993E-4
4.230000E-8	-1.952947E-3
4.240000E-8	-4.591143E-3
4.250000E-8	-6.835322E-3
4.260000E-8	-8.676920E-3
4.270000E-8	-9.936059E-3
4.280000E-8	-1.045856E-2
4.290000E-8	-9.987452E-3
4.300000E-8	-9.070936E-3
4.310000E-8	-7.537699E-3
4.320000E-8	-5.627577E-3
4.330000E-8	-3.340570E-3
4.340000E-8	-1.010734E-3
4.350000E-8	1.182051E-3
4.360000E-8	2.895166E-3
4.370000E-8	4.008690E-3
4.380000E-8	4.317050E-3
4.390000E-8	3.606108E-3
4.400000E-8	1.884428E-3
4.410000E-8	-6.852428E-4
4.420000E-8	-3.923028E-3
4.430000E-8	-7.229338E-3
4.440000E-8	-1.021016E-2
4.450000E-8	-1.217167E-2
4.460000E-8	-1.281409E-2
4.470000E-8	-1.227446E-2
4.480000E-8	-1.066413E-2
4.490000E-8	-8.308600E-3
4.500000E-8	-5.756060E-3
4.510000E-8	-3.237783E-3
4.520000E-8	-9.764722E-4
4.530000E-8	1.130658E-3
4.540000E-8	2.860903E-3
4.550000E-8	4.317050E-3
4.560000E-8	4.976599E-3
4.570000E-8	4.702501E-3
4.580000E-8	3.237788E-3
4.590000E-8	6.509861E-4
4.600000E-8	-2.758111E-3
4.610000E-8	-6.218601E-3
4.620000E-8	-8.976715E-3
4.630000E-8	-1.056991E-2
4.640000E-8	-1.083544E-2
4.650000E-8	-9.824706E-3
4.660000E-8	-7.957412E-3
4.670000E-8	-5.507659E-3
4.680000E-8	-3.117865E-3
4.690000E-8	-9.250788E-4
4.700000E-8	6.509861E-4
4.710000E-8	1.892994E-3
4.720000E-8	2.424059E-3
4.730000E-8	2.535412E-3
4.740000E-8	2.244182E-3
4.750000E-8	1.610330E-3
4.760000E-8	7.366419E-4
4.770000E-8	-3.854478E-4
4.780000E-8	-1.875857E-3
4.790000E-8	-3.357701E-3
4.800000E-8	-4.848110E-3
4.810000E-8	-6.072986E-3
4.820000E-8	-6.741101E-3
4.830000E-8	-6.732535E-3
4.840000E-8	-6.398478E-3
4.850000E-8	-5.696101E-3
4.860000E-8	-4.933766E-3
4.870000E-8	-3.965856E-3
4.880000E-8	-2.663890E-3
4.890000E-8	-1.087825E-3
4.900000E-8	5.139370E-4
4.910000E-8	2.030043E-3
4.920000E-8	2.886600E-3
4.930000E-8	2.800944E-3
4.940000E-8	2.158526E-3
4.950000E-8	8.222976E-4
4.960000E-8	-1.062128E-3
4.970000E-8	-2.886594E-3
4.980000E-8	-4.556881E-3
4.990000E-8	-5.481962E-3
5.000000E-8	-6.013027E-3
5.010000E-8	-6.124380E-3
5.020000E-8	-6.030159E-3
5.030000E-8	-5.721798E-3
5.040000E-8	-5.336347E-3
5.050000E-8	-4.771020E-3
5.060000E-8	-3.597537E-3
5.070000E-8	-1.987209E-3
5.080000E-8	1.456175E-4
5.090000E-8	2.372666E-3
5.100000E-8	4.008690E-3
5.110000E-8	5.010861E-3
5.120000E-8	5.019427E-3
5.130000E-8	3.965862E-3
5.140000E-8	2.098568E-3
5.150000E-8	-2.655299E-4
5.160000E-8	-2.852332E-3
5.170000E-8	-5.173602E-3
5.180000E-8	-7.135117E-3
5.190000E-8	-8.222945E-3
5.200000E-8	-8.651223E-3
5.210000E-8	-8.137289E-3
5.220000E-8	-7.083724E-3
5.230000E-8	-5.353479E-3
5.240000E-8	-3.537578E-3
5.250000E-8	-1.336226E-3
5.260000E-8	7.794697E-4
5.270000E-8	3.152133E-3
5.280000E-8	5.087951E-3
5.290000E-8	6.287131E-3
5.300000E-8	6.612623E-3
5.310000E-8	5.747500E-3
5.320000E-8	3.914468E-3
5.330000E-8	1.507543E-3
5.340000E-8	-1.070693E-3
5.350000E-8	-3.606102E-3
5.360000E-8	-5.696101E-3
5.370000E-8	-6.980937E-3
5.380000E-8	-7.546265E-3
5.390000E-8	-7.280732E-3
5.400000E-8	-6.021593E-3
5.410000E-8	-4.034381E-3
5.420000E-8	-1.653152E-3
5.430000E-8	6.252894E-4
5.440000E-8	2.098568E-3
5.450000E-8	2.920862E-3
5.460000E-8	2.955125E-3
5.470000E-8	2.603936E-3
5.480000E-8	2.021477E-3
5.490000E-8	1.481846E-3
5.500000E-8	8.394287E-4
5.510000E-8	-2.569389E-5
5.520000E-8	-1.327661E-3
5.530000E-8	-3.023643E-3
5.540000E-8	-4.642536E-3
5.550000E-8	-5.738929E-3
5.560000E-8	-6.252863E-3
5.570000E-8	-5.893109E-3
5.580000E-8	-4.719626E-3
5.590000E-8	-3.280611E-3
5.600000E-8	-1.396185E-3
5.610000E-8	2.312732E-4
5.620000E-8	1.678855E-3
5.630000E-8	2.569674E-3
5.640000E-8	3.057911E-3
5.650000E-8	3.092174E-3
5.660000E-8	2.903731E-3
5.670000E-8	2.424059E-3
5.680000E-8	1.661723E-3
5.690000E-8	5.824616E-4
5.700000E-8	-8.308575E-4
5.710000E-8	-2.312701E-3
5.720000E-8	-3.871635E-3
5.730000E-8	-5.302085E-3
5.740000E-8	-6.398478E-3
5.750000E-8	-6.621183E-3
5.760000E-8	-6.201470E-3
5.770000E-8	-5.045118E-3
5.780000E-8	-3.606102E-3
5.790000E-8	-1.944382E-3
5.800000E-8	-4.368413E-4
5.810000E-8	7.709041E-4
5.820000E-8	1.670289E-3
5.830000E-8	2.158526E-3
5.840000E-8	2.535412E-3
5.850000E-8	2.749551E-3
5.860000E-8	2.758116E-3
5.870000E-8	2.638198E-3
5.880000E-8	1.995781E-3
5.890000E-8	9.507811E-4
5.900000E-8	-6.681117E-4
5.910000E-8	-2.278439E-3
5.920000E-8	-3.931594E-3
5.930000E-8	-4.865241E-3
5.940000E-8	-5.267823E-3
5.950000E-8	-5.122208E-3
5.960000E-8	-4.239954E-3
5.970000E-8	-2.997947E-3
5.980000E-8	-1.807332E-3
5.990000E-8	-6.252838E-4
6.000000E-8	5.653304E-4
6.010000E-8	1.507543E-3
6.020000E-8	2.432625E-3
6.030000E-8	3.511887E-3
6.040000E-8	3.957296E-3
6.050000E-8	4.000124E-3
6.060000E-8	3.143567E-3
6.070000E-8	1.507543E-3
6.080000E-8	-6.338494E-4
6.090000E-8	-2.783807E-3
6.100000E-8	-4.916634E-3
6.110000E-8	-6.484134E-3
6.120000E-8	-7.040896E-3
6.130000E-8	-6.886716E-3
6.140000E-8	-5.661839E-3
6.150000E-8	-3.837373E-3
6.160000E-8	-1.764505E-3
6.170000E-8	5.310682E-4
6.180000E-8	2.269879E-3
6.190000E-8	3.623239E-3
6.200000E-8	4.197132E-3
6.210000E-8	4.282788E-3
6.220000E-8	3.614673E-3
6.230000E-8	2.766682E-3
6.240000E-8	1.456150E-3
6.250000E-8	8.565852E-5
6.260000E-8	-1.207743E-3
6.270000E-8	-2.424054E-3
6.280000E-8	-3.631799E-3
6.290000E-8	-4.591143E-3
6.300000E-8	-5.105077E-3
6.310000E-8	-5.139339E-3
6.320000E-8	-4.291348E-3
6.330000E-8	-2.955119E-3
6.340000E-8	-1.216308E-3
6.350000E-8	7.280763E-4
6.360000E-8	2.518280E-3
6.370000E-8	3.760288E-3
6.380000E-8	4.359878E-3
6.390000E-8	4.162870E-3
6.400000E-8	3.323444E-3
6.410000E-8	2.287010E-3
6.420000E-8	1.156355E-3
6.430000E-8	1.970109E-4
6.440000E-8	-5.481937E-4
6.450000E-8	-1.173480E-3
6.460000E-8	-1.730242E-3
6.470000E-8	-2.261308E-3
6.480000E-8	-2.646758E-3
6.490000E-8	-2.946553E-3
6.500000E-8	-2.989381E-3
6.510000E-8	-2.595365E-3
6.520000E-8	-2.004341E-3
6.530000E-8	-1.130652E-3
6.540000E-8	2.569953E-5
6.550000E-8	1.173486E-3
6.560000E-8	2.115699E-3
6.570000E-8	2.920862E-3
6.580000E-8	3.057911E-3
6.590000E-8	2.878034E-3
6.600000E-8	2.415494E-3
6.610000E-8	1.781641E-3
6.620000E-8	1.010740E-3
6.630000E-8	4.197158E-4
6.640000E-8	-3.597511E-4
6.650000E-8	-1.096390E-3
6.660000E-8	-1.867291E-3
6.670000E-8	-2.398357E-3
6.680000E-8	-2.715283E-3
6.690000E-8	-2.629627E-3
6.700000E-8	-2.381226E-3
6.710000E-8	-1.764505E-3
6.720000E-8	-7.452018E-4
6.730000E-8	3.340601E-4
6.740000E-8	1.636027E-3
6.750000E-8	2.920862E-3
6.760000E-8	3.957296E-3
6.770000E-8	4.582583E-3
6.780000E-8	4.428403E-3
6.790000E-8	3.854509E-3
6.800000E-8	2.569674E-3
6.810000E-8	9.936090E-4
6.820000E-8	-8.565542E-4
6.830000E-8	-2.415488E-3
6.840000E-8	-3.426225E-3
6.850000E-8	-3.897332E-3
6.860000E-8	-3.640365E-3
6.870000E-8	-2.972250E-3
6.880000E-8	-2.047168E-3
6.890000E-8	-1.044997E-3
6.900000E-8	-1.627430E-4
6.910000E-8	7.880353E-4
6.920000E-8	1.713117E-3
6.930000E-8	2.646764E-3
6.940000E-8	3.092174E-3
6.950000E-8	3.237788E-3
6.960000E-8	2.663895E-3
6.970000E-8	1.747379E-3
6.980000E-8	3.768879E-4
6.990000E-8	-9.936033E-4
7.000000E-8	-2.098562E-3
7.010000E-8	-2.878029E-3
7.020000E-8	-3.057906E-3
7.030000E-8	-2.980816E-3
7.040000E-8	-2.732414E-3
7.050000E-8	-2.132824E-3
7.060000E-8	-1.498972E-3
7.070000E-8	-7.452018E-4
7.080000E-8	3.511912E-4
7.090000E-8	1.533240E-3
7.100000E-8	2.543977E-3
7.110000E-8	3.451928E-3
7.120000E-8	3.777419E-3
7.130000E-8	3.726026E-3
7.140000E-8	2.946559E-3
7.150000E-8	1.850166E-3
7.160000E-8	5.053715E-4
7.170000E-8	-8.051608E-4
7.180000E-8	-1.995775E-3
7.190000E-8	-2.543972E-3
7.200000E-8	-2.526840E-3
7.210000E-8	-2.209914E-3
7.220000E-8	-1.704546E-3
7.230000E-8	-1.053562E-3
7.240000E-8	-6.424149E-4
7.250000E-8	-1.713086E-4
7.260000E-8	1.713396E-5
7.270000E-8	2.741011E-4
7.280000E-8	6.852484E-4
7.290000E-8	1.070699E-3
7.300000E-8	1.379060E-3
7.310000E-8	1.584633E-3
7.320000E-8	1.413322E-3
7.330000E-8	1.224879E-3
7.340000E-8	6.681173E-4
7.350000E-8	8.568386E-6
7.360000E-8	-7.366362E-4
7.370000E-8	-1.327661E-3
7.380000E-8	-1.892988E-3
7.390000E-8	-2.098562E-3
7.400000E-8	-2.167086E-3
7.410000E-8	-2.124259E-3
7.420000E-8	-2.021472E-3
7.430000E-8	-1.627456E-3
7.440000E-8	-1.130652E-3
7.450000E-8	-4.539724E-4
7.460000E-8	3.511912E-4
7.470000E-8	1.242010E-3
7.480000E-8	1.850166E-3
7.490000E-8	2.415494E-3
7.500000E-8	2.492584E-3
7.510000E-8	2.209920E-3
7.520000E-8	1.841600E-3
7.530000E-8	1.498978E-3
7.540000E-8	8.993877E-4
7.550000E-8	3.340601E-4
7.560000E-8	-4.111446E-4
7.570000E-8	-9.079476E-4
7.580000E-8	-1.370488E-3
7.590000E-8	-1.224874E-3
7.600000E-8	-1.147784E-3
7.610000E-8	-7.195051E-4
7.620000E-8	-2.997921E-4
7.630000E-8	3.854535E-4
7.640000E-8	1.070699E-3
7.650000E-8	1.764510E-3
7.660000E-8	2.235617E-3
7.670000E-8	2.612502E-3
7.680000E-8	2.758116E-3
7.690000E-8	2.792379E-3
7.700000E-8	2.449756E-3
7.710000E-8	2.081436E-3
7.720000E-8	1.336232E-3
7.730000E-8	4.368469E-4
7.740000E-8	-3.683167E-4
7.750000E-8	-1.173480E-3
7.760000E-8	-1.747373E-3
7.770000E-8	-2.012906E-3
7.780000E-8	-2.141390E-3
7.790000E-8	-1.944382E-3
7.800000E-8	-1.327661E-3
7.810000E-8	-3.511856E-4
7.820000E-8	9.336500E-4
7.830000E-8	2.269879E-3
7.840000E-8	3.212092E-3
7.850000E-8	3.803116E-3
7.860000E-8	3.845944E-3
7.870000E-8	3.254919E-3
7.880000E-8	2.466887E-3
7.890000E-8	1.653158E-3
7.900000E-8	7.966008E-4
7.910000E-8	-8.562754E-6
7.920000E-8	-6.938084E-4
7.930000E-8	-1.379054E-3
7.940000E-8	-1.935816E-3
7.950000E-8	-2.124259E-3
7.960000E-8	-2.158521E-3
7.970000E-8	-1.653152E-3
7.980000E-8	-1.010734E-3
7.990000E-8	-3.940134E-4
8.000000E-8	5.139624E-5
8.010000E-8	3.169289E-4
8.020000E-8	5.225026E-4
8.030000E-8	5.995927E-4
8.040000E-8	7.109451E-4
8.050000E-8	5.910272E-4
8.060000E-8	3.511912E-4
8.070000E-8	3.426510E-5
8.080000E-8	-4.282757E-4
8.090000E-8	-7.965952E-4
8.100000E-8	-1.053562E-3
8.110000E-8	-1.336226E-3
8.120000E-8	-1.516103E-3
8.130000E-8	-1.276267E-3
8.140000E-8	-9.593410E-4
8.150000E-8	-3.426200E-4
8.160000E-8	3.426256E-4
8.170000E-8	7.366419E-4
8.180000E-8	6.509861E-4
8.190000E-8	7.709295E-5
8.200000E-8	-6.938084E-4
8.210000E-8	-1.404751E-3
8.220000E-8	-1.670283E-3
8.230000E-8	-1.636021E-3
8.240000E-8	-1.079259E-3
8.250000E-8	-2.227020E-4
8.260000E-8	5.225026E-4
8.270000E-8	1.002175E-3
8.280000E-8	1.319101E-3
8.290000E-8	1.413322E-3
8.300000E-8	1.207748E-3
8.310000E-8	9.936090E-4
8.320000E-8	3.768879E-4
8.330000E-8	-1.199152E-4
8.340000E-8	-5.567592E-4
8.350000E-8	-8.394231E-4
8.360000E-8	-6.081527E-4
8.370000E-8	-7.708732E-5
8.380000E-8	3.940190E-4
8.390000E-8	8.993877E-4
8.400000E-8	1.301969E-3
8.410000E-8	1.558937E-3
8.420000E-8	1.661723E-3
8.430000E-8	1.815904E-3
8.440000E-8	1.678855E-3
8.450000E-8	1.516109E-3
8.460000E-8	1.267707E-3
8.470000E-8	1.002175E-3
8.480000E-8	6.509861E-4
8.490000E-8	2.312732E-4
8.500000E-8	-2.312676E-4
8.510000E-8	-5.481937E-4
8.520000E-8	-9.079476E-4
8.530000E-8	-1.062128E-3
8.540000E-8	-1.122087E-3
8.550000E-8	-8.993821E-4
8.560000E-8	-5.738904E-4
8.570000E-8	1.113552E-4
8.580000E-8	6.338550E-4
8.590000E-8	1.293404E-3
8.600000E-8	1.884428E-3
8.610000E-8	2.269879E-3
8.620000E-8	2.132830E-3
8.630000E-8	1.841600E-3
8.640000E-8	1.387625E-3
8.650000E-8	5.481993E-4
8.660000E-8	-3.340544E-4
8.670000E-8	-8.993821E-4
8.680000E-8	-1.284833E-3
8.690000E-8	-1.199177E-3
8.700000E-8	-7.965952E-4
8.710000E-8	-3.940134E-4
8.720000E-8	4.283067E-5
8.730000E-8	3.083633E-4
8.740000E-8	5.824616E-4
8.750000E-8	7.195107E-4
8.760000E-8	8.308631E-4
8.770000E-8	7.537730E-4
8.780000E-8	6.338550E-4
8.790000E-8	6.081583E-4
8.800000E-8	4.197158E-4
8.810000E-8	1.199208E-4
8.820000E-8	-1.370463E-4
8.830000E-8	-2.055709E-4
8.840000E-8	-4.454068E-4
8.850000E-8	-4.625380E-4
8.860000E-8	-5.738904E-4
8.870000E-8	-5.567592E-4
8.880000E-8	-2.740954E-4
8.890000E-8	-2.398331E-4
8.900000E-8	-1.113496E-4
8.910000E-8	-6.852175E-5
8.920000E-8	1.456175E-4
8.930000E-8	3.083633E-4
8.940000E-8	7.280763E-4
8.950000E-8	7.966008E-4
8.960000E-8	9.507811E-4
8.970000E-8	8.565598E-4
8.980000E-8	5.910272E-4
8.990000E-8	3.254945E-4
9.000000E-8	1.713142E-4
9.010000E-8	1.284864E-4
9.020000E-8	1.713396E-5
9.030000E-8	4.283067E-5
9.040000E-8	-2.569643E-4
9.050000E-8	-2.569643E-4
9.060000E-8	-4.454068E-4
9.070000E-8	-4.882347E-4
9.080000E-8	-2.997921E-4
9.090000E-8	1.456175E-4
9.100000E-8	5.824616E-4
9.110000E-8	1.002175E-3
9.120000E-8	1.096396E-3
9.130000E-8	9.079533E-4
9.140000E-8	6.681173E-4
9.150000E-8	6.852484E-4
9.160000E-8	8.993877E-4
9.170000E-8	1.439019E-3
9.180000E-8	1.661723E-3
9.190000E-8	1.790207E-3
9.200000E-8	1.430453E-3
9.210000E-8	8.736910E-4
9.220000E-8	-5.995618E-5
9.230000E-8	-7.880296E-4
9.240000E-8	-1.284833E-3
9.250000E-8	-1.344792E-3
9.260000E-8	-1.027866E-3
9.270000E-8	-5.053658E-4
9.280000E-8	-3.425946E-5
9.290000E-8	5.310682E-4
9.300000E-8	1.173486E-3
9.310000E-8	1.721682E-3
9.320000E-8	2.124264E-3
9.330000E-8	2.432625E-3
9.340000E-8	2.389797E-3
9.350000E-8	1.927256E-3
9.360000E-8	1.190617E-3
9.370000E-8	5.910272E-4
9.380000E-8	-1.884397E-4
9.390000E-8	-6.252838E-4
9.400000E-8	-1.062128E-3
9.410000E-8	-1.044997E-3
9.420000E-8	-8.051608E-4
9.430000E-8	-4.796691E-4
9.440000E-8	8.565852E-5
9.450000E-8	5.225026E-4
9.460000E-8	7.452074E-4
9.470000E-8	9.593467E-4
9.480000E-8	1.096396E-3
9.490000E-8	1.113527E-3
9.500000E-8	1.164920E-3
9.510000E-8	1.250576E-3
9.520000E-8	1.207748E-3
9.530000E-8	1.130658E-3
9.540000E-8	9.593467E-4
9.550000E-8	5.653304E-4
9.560000E-8	1.370519E-4
9.570000E-8	-3.169233E-4
9.580000E-8	-6.167182E-4
9.590000E-8	-5.481937E-4
9.600000E-8	-2.312676E-4
9.610000E-8	1.713396E-5
9.620000E-8	5.225026E-4
9.630000E-8	7.537730E-4
9.640000E-8	6.167239E-4
9.650000E-8	7.452074E-4
9.660000E-8	7.023796E-4
9.670000E-8	8.394287E-4
9.680000E-8	1.293404E-3
9.690000E-8	1.713117E-3
9.700000E-8	1.636027E-3
9.710000E-8	1.464715E-3
9.720000E-8	8.908221E-4
9.730000E-8	1.456175E-4
9.740000E-8	-5.396281E-4
9.750000E-8	-9.422099E-4
9.760000E-8	-1.156349E-3
9.770000E-8	-8.394231E-4
9.780000E-8	-3.683167E-4
9.790000E-8	-7.708732E-5
9.800000E-8	3.254945E-4
9.810000E-8	5.824616E-4
9.820000E-8	7.023796E-4
9.830000E-8	6.252894E-4
9.840000E-8	6.509861E-4
9.850000E-8	7.452074E-4
9.860000E-8	8.736910E-4
9.870000E-8	8.736910E-4
9.880000E-8	7.023796E-4
9.890000E-8	5.910272E-4
9.900000E-8	5.996181E-5
9.910000E-8	-2.826610E-4
9.920000E-8	-6.852428E-4
9.930000E-8	-8.137264E-4
9.940000E-8	-6.595461E-4
9.950000E-8	-5.310625E-4
9.960000E-8	-1.113496E-4
9.970000E-8	-1.199152E-4
9.980000E-8	-1.199152E-4
9.990000E-8	-1.541774E-4
1.000000E-7	-1.284807E-4
1.001000E-7	1.199208E-4
1.002000E-7	2.655355E-4
1.003000E-7	4.111502E-4
1.004000E-7	5.567649E-4
1.005000E-7	7.366419E-4
1.006000E-7	5.053715E-4
1.007000E-7	3.854535E-4
1.008000E-7	2.569699E-4
1.009000E-7	2.055765E-4
1.010000E-7	6.852738E-5
1.011000E-7	1.713396E-5
1.012000E-7	2.815796E-9
1.013000E-7	-4.282504E-5
1.014000E-7	1.456175E-4
1.015000E-7	3.426256E-4
1.016000E-7	5.824616E-4
1.017000E-7	1.036437E-3
1.018000E-7	1.173486E-3
1.019000E-7	1.216314E-3
1.020000E-7	1.173486E-3
1.021000E-7	1.130658E-3
1.022000E-7	1.156355E-3
1.023000E-7	1.130658E-3
1.024000E-7	1.010740E-3
1.025000E-7	1.070699E-3
1.026000E-7	8.308631E-4
1.027000E-7	6.595517E-4
1.028000E-7	4.282813E-4
1.029000E-7	4.882403E-4
1.030000E-7	4.111502E-4
1.031000E-7	4.111502E-4
1.032000E-7	2.912322E-4
1.033000E-7	2.655355E-4
1.034000E-7	2.912322E-4
1.035000E-7	5.824616E-4
1.036000E-7	7.109451E-4
1.037000E-7	9.850434E-4
1.038000E-7	9.764778E-4
1.039000E-7	9.593467E-4
1.040000E-7	8.651254E-4
1.041000E-7	6.938140E-4
1.042000E-7	4.711092E-4
1.043000E-7	1.627486E-4
1.044000E-7	-1.113496E-4
1.045000E-7	-2.655299E-4
1.046000E-7	-5.995871E-4
1.047000E-7	-7.023739E-4
1.048000E-7	-7.452018E-4
1.049000E-7	-5.995871E-4
1.050000E-7	-3.340544E-4
1.051000E-7	-2.569389E-5
1.052000E-7	4.368469E-4
1.053000E-7	8.479943E-4
1.054000E-7	1.002175E-3
1.055000E-7	1.319101E-3
1.056000E-7	1.507543E-3
1.057000E-7	1.636027E-3
1.058000E-7	1.747379E-3
1.059000E-7	1.764510E-3
1.060000E-7	1.490412E-3
1.061000E-7	1.019306E-3
1.062000E-7	4.968059E-4
1.063000E-7	-1.199152E-4
1.064000E-7	-3.340544E-4
1.065000E-7	-2.740954E-4
1.066000E-7	-1.027840E-4
1.067000E-7	7.709295E-5
1.068000E-7	3.169289E-4
1.069000E-7	3.940190E-4
1.070000E-7	1.541831E-4
1.071000E-7	1.199208E-4
1.072000E-7	-1.713086E-4
1.073000E-7	-2.912266E-4
1.074000E-7	-4.025790E-4
1.075000E-7	-4.197101E-4
1.076000E-7	-2.055709E-4
1.077000E-7	1.370519E-4
1.078000E-7	4.197158E-4
1.079000E-7	6.766829E-4
1.080000E-7	7.880353E-4
1.081000E-7	6.338550E-4
1.082000E-7	4.282813E-4
1.083000E-7	2.055765E-4
1.084000E-7	-1.541774E-4
1.085000E-7	-3.426200E-4
1.086000E-7	-5.139314E-4
1.087000E-7	-6.338494E-4
1.088000E-7	-4.796691E-4
1.089000E-7	-3.340544E-4
1.090000E-7	-5.995618E-5
1.091000E-7	1.284864E-4
1.092000E-7	4.282813E-4
1.093000E-7	4.968059E-4
1.094000E-7	3.854535E-4
1.095000E-7	1.027897E-4
1.096000E-7	-1.113496E-4
1.097000E-7	-3.083577E-4
1.098000E-7	-3.169233E-4
1.099000E-7	-8.565289E-5
1.100000E-7	1.456175E-4
1.101000E-7	5.738960E-4
1.102000E-7	8.565598E-4
1.103000E-7	1.122093E-3
1.104000E-7	9.422155E-4
1.105000E-7	6.852484E-4
1.106000E-7	3.597568E-4
1.107000E-7	2.227076E-4
1.108000E-7	-5.995618E-5
1.109000E-7	-2.141364E-4
1.110000E-7	-1.284807E-4
1.111000E-7	-1.627430E-4
1.112000E-7	-1.113496E-4
1.113000E-7	-1.970053E-4
1.114000E-7	-3.083577E-4
1.115000E-7	-3.254889E-4
1.116000E-7	-3.426200E-4
1.117000E-7	-5.224970E-4
1.118000E-7	-5.910215E-4
1.119000E-7	-5.481937E-4
1.120000E-7	-6.167182E-4
1.121000E-7	-4.882347E-4
1.122000E-7	-4.711035E-4
1.123000E-7	-2.569643E-4
1.124000E-7	-1.370463E-4
1.125000E-7	2.741011E-4
1.126000E-7	3.940190E-4
1.127000E-7	7.023796E-4
1.128000E-7	9.764778E-4
1.129000E-7	1.079265E-3
1.130000E-7	1.130658E-3
1.131000E-7	1.190617E-3
1.132000E-7	1.182051E-3
1.133000E-7	1.062134E-3
1.134000E-7	1.259142E-3
1.135000E-7	1.156355E-3
1.136000E-7	1.087830E-3
1.137000E-7	1.096396E-3
1.138000E-7	9.850434E-4
1.139000E-7	9.250844E-4
1.140000E-7	8.222976E-4
1.141000E-7	6.167239E-4
1.142000E-7	5.053715E-4
1.143000E-7	5.738960E-4
1.144000E-7	6.509861E-4
1.145000E-7	8.137320E-4
1.146000E-7	8.479943E-4
1.147000E-7	8.308631E-4
1.148000E-7	8.394287E-4
1.149000E-7	8.051664E-4
1.150000E-7	5.653304E-4
1.151000E-7	6.424206E-4
1.152000E-7	6.681173E-4
1.153000E-7	6.852484E-4
1.154000E-7	6.595517E-4
1.155000E-7	4.968059E-4
1.156000E-7	4.454125E-4
1.157000E-7	6.081583E-4
1.158000E-7	9.679122E-4
1.159000E-7	1.199183E-3
1.160000E-7	1.421887E-3
1.161000E-7	1.439019E-3
1.162000E-7	1.173486E-3
1.163000E-7	7.366419E-4
1.164000E-7	4.625436E-4
1.165000E-7	2.655355E-4
1.166000E-7	3.169289E-4
1.167000E-7	4.025846E-4
1.168000E-7	3.340601E-4
1.169000E-7	1.884454E-4
1.170000E-7	4.283067E-5
1.171000E-7	-4.025790E-4
1.172000E-7	-5.995871E-4
1.173000E-7	-4.368413E-4
1.174000E-7	-3.683167E-4
1.175000E-7	5.139624E-5
1.176000E-7	3.083633E-4
1.177000E-7	4.625436E-4
1.178000E-7	4.197158E-4
1.179000E-7	3.854535E-4
1.180000E-7	1.113552E-4
1.181000E-7	-1.370463E-4
1.182000E-7	-5.995618E-5
1.183000E-7	1.970109E-4
1.184000E-7	6.509861E-4
1.185000E-7	1.284838E-3
1.186000E-7	1.584633E-3
1.187000E-7	1.576068E-3
1.188000E-7	1.199183E-3
1.189000E-7	5.396337E-4
1.190000E-7	-8.565289E-5
1.191000E-7	-5.310625E-4
1.192000E-7	-3.940134E-4
1.193000E-7	3.426510E-5
1.194000E-7	6.595517E-4
1.195000E-7	1.062134E-3
1.196000E-7	1.353363E-3
1.197000E-7	1.344797E-3
1.198000E-7	9.250844E-4
1.199000E-7	6.681173E-4
1.200000E-7	4.539780E-4
1.201000E-7	3.254945E-4
1.202000E-7	3.169289E-4
1.203000E-7	3.854535E-4
1.204000E-7	3.426256E-4
1.205000E-7	3.254945E-4
1.206000E-7	5.053715E-4
1.207000E-7	7.709041E-4
1.208000E-7	1.173486E-3
1.209000E-7	1.190617E-3
1.210000E-7	1.027871E-3
1.211000E-7	8.479943E-4
1.212000E-7	7.366419E-4
1.213000E-7	4.539780E-4
1.214000E-7	3.511912E-4
1.215000E-7	4.968059E-4
1.216000E-7	3.854535E-4
1.217000E-7	3.768879E-4
1.218000E-7	1.713142E-4
1.219000E-7	1.113552E-4
1.220000E-7	2.141421E-4
1.221000E-7	4.025846E-4
1.222000E-7	5.053715E-4
1.223000E-7	7.109451E-4
1.224000E-7	4.796747E-4
1.225000E-7	2.826666E-4
1.226000E-7	8.568386E-6
1.227000E-7	-2.055709E-4
1.228000E-7	-4.111446E-4
1.229000E-7	-7.366362E-4
1.230000E-7	-9.507755E-4
1.231000E-7	-9.593410E-4
1.232000E-7	-8.308575E-4
1.233000E-7	-5.139314E-4
1.234000E-7	-1.541774E-4
1.235000E-7	2.141421E-4
1.236000E-7	5.053715E-4
1.237000E-7	4.968059E-4
1.238000E-7	3.768879E-4
1.239000E-7	5.653304E-4
1.240000E-7	6.509861E-4
1.241000E-7	1.079265E-3
1.242000E-7	1.310535E-3
1.243000E-7	1.430453E-3
1.244000E-7	1.216314E-3
1.245000E-7	6.852484E-4
1.246000E-7	-6.852175E-5
1.247000E-7	-6.081527E-4
1.248000E-7	-8.051608E-4
1.249000E-7	-6.681117E-4
1.250000E-7	-2.055709E-4
1.251000E-7	2.484044E-4
1.252000E-7	2.655355E-4
1.253000E-7	2.826666E-4
1.254000E-7	2.141421E-4
1.255000E-7	-1.113496E-4
1.256000E-7	-2.826610E-4
1.257000E-7	-3.254889E-4
1.258000E-7	-4.968003E-4
1.259000E-7	-2.997921E-4
1.260000E-7	-1.713086E-4
1.261000E-7	3.426510E-5
1.262000E-7	1.370519E-4
1.263000E-7	2.398388E-4
1.264000E-7	2.484044E-4
1.265000E-7	1.199208E-4
1.266000E-7	-1.370463E-4
1.267000E-7	-3.254889E-4
1.268000E-7	-4.711035E-4
1.269000E-7	-3.083577E-4
1.270000E-7	-2.055709E-4
1.271000E-7	2.826666E-4
1.272000E-7	7.966008E-4
1.273000E-7	1.259142E-3
1.274000E-7	1.490412E-3
1.275000E-7	1.498978E-3
1.276000E-7	1.224879E-3
1.277000E-7	8.651254E-4
1.278000E-7	6.338550E-4
1.279000E-7	4.454125E-4
1.280000E-7	5.481993E-4
1.281000E-7	5.910272E-4
1.282000E-7	8.308631E-4
1.283000E-7	1.002175E-3
1.284000E-7	9.936090E-4
1.285000E-7	9.593467E-4
1.286000E-7	7.023796E-4
1.287000E-7	2.312732E-4
1.288000E-7	-1.199152E-4
1.289000E-7	-2.912266E-4
1.290000E-7	-8.565289E-5
1.291000E-7	3.254945E-4
1.292000E-7	1.002175E-3
1.293000E-7	1.473281E-3
1.294000E-7	1.661723E-3
1.295000E-7	1.387625E-3
1.296000E-7	9.336500E-4
1.297000E-7	4.968059E-4
1.298000E-7	3.254945E-4
1.299000E-7	2.655355E-4
1.300000E-7	2.227076E-4
1.301000E-7	4.282813E-4
1.302000E-7	3.768879E-4
1.303000E-7	2.912322E-4
1.304000E-7	1.541831E-4
1.305000E-7	2.997978E-4
1.306000E-7	2.741011E-4
1.307000E-7	4.539780E-4
1.308000E-7	5.481993E-4
1.309000E-7	5.396337E-4
1.310000E-7	6.595517E-4
1.311000E-7	8.479943E-4
1.312000E-7	9.250844E-4
1.313000E-7	9.336500E-4
1.314000E-7	9.764778E-4
1.315000E-7	7.195107E-4
1.316000E-7	5.567649E-4
1.317000E-7	2.227076E-4
1.318000E-7	2.815796E-9
1.319000E-7	-1.284807E-4
1.320000E-7	-1.713086E-4
1.321000E-7	-1.970053E-4
1.322000E-7	2.569953E-5
1.323000E-7	3.169289E-4
1.324000E-7	6.252894E-4
1.325000E-7	9.250844E-4
1.326000E-7	8.051664E-4
1.327000E-7	6.167239E-4
1.328000E-7	2.655355E-4
1.329000E-7	-2.740954E-4
1.330000E-7	-3.597511E-4
1.331000E-7	-5.396281E-4
1.332000E-7	-4.025790E-4
1.333000E-7	-2.141364E-4
1.334000E-7	1.798798E-4
1.335000E-7	4.197158E-4
1.336000E-7	5.225026E-4
1.337000E-7	5.310682E-4
1.338000E-7	3.683223E-4
1.339000E-7	1.456175E-4
1.340000E-7	1.370519E-4
1.341000E-7	2.997978E-4
1.342000E-7	3.683223E-4
1.343000E-7	4.282813E-4
1.344000E-7	2.055765E-4
1.345000E-7	-4.282504E-5
1.346000E-7	-1.798742E-4
1.347000E-7	-1.027840E-4
1.348000E-7	1.199208E-4
1.349000E-7	5.053715E-4
1.350000E-7	7.195107E-4
1.351000E-7	4.882403E-4
1.352000E-7	1.541831E-4
1.353000E-7	-1.541774E-4
1.354000E-7	-3.169233E-4
1.355000E-7	-1.456119E-4
1.356000E-7	8.565852E-5
1.357000E-7	3.597568E-4
1.358000E-7	5.910272E-4
1.359000E-7	7.023796E-4
1.360000E-7	6.681173E-4
1.361000E-7	7.966008E-4
1.362000E-7	8.993877E-4
1.363000E-7	1.062134E-3
1.364000E-7	8.051664E-4
1.365000E-7	6.509861E-4
1.366000E-7	2.912322E-4
1.367000E-7	2.815796E-9
1.368000E-7	-7.708732E-5
1.369000E-7	8.565852E-5
1.370000E-7	3.340601E-4
1.371000E-7	7.366419E-4
1.372000E-7	8.308631E-4
1.373000E-7	1.122093E-3
1.374000E-7	8.822565E-4
1.375000E-7	6.167239E-4
1.376000E-7	3.940190E-4
1.377000E-7	3.511912E-4
1.378000E-7	5.396337E-4
1.379000E-7	8.993877E-4
1.380000E-7	1.122093E-3
1.381000E-7	1.190617E-3
1.382000E-7	1.139224E-3
1.383000E-7	1.019306E-3
1.384000E-7	8.394287E-4
1.385000E-7	6.167239E-4
1.386000E-7	4.882403E-4
1.387000E-7	4.454125E-4
1.388000E-7	4.796747E-4
1.389000E-7	5.910272E-4
1.390000E-7	4.111502E-4
1.391000E-7	3.683223E-4
1.392000E-7	1.284864E-4
1.393000E-7	-9.421846E-5
1.394000E-7	-2.826610E-4
1.395000E-7	-4.025790E-4
1.396000E-7	-6.252838E-4
1.397000E-7	-6.595461E-4
1.398000E-7	-5.396281E-4
1.399000E-7	-5.053658E-4
1.400000E-7	-4.539724E-4
1.401000E-7	-2.398331E-4
1.402000E-7	-1.370463E-4
1.403000E-7	1.284864E-4
1.404000E-7	3.768879E-4
1.405000E-7	5.310682E-4
1.406000E-7	5.738960E-4
1.407000E-7	6.338550E-4
1.408000E-7	6.424206E-4
1.409000E-7	6.852484E-4
1.410000E-7	7.794697E-4
1.411000E-7	7.195107E-4
1.412000E-7	7.023796E-4
1.413000E-7	5.910272E-4
1.414000E-7	3.511912E-4
1.415000E-7	2.055765E-4
1.416000E-7	1.456175E-4
1.417000E-7	1.199208E-4
1.418000E-7	3.340601E-4
1.419000E-7	5.310682E-4
1.420000E-7	7.195107E-4
1.421000E-7	6.252894E-4
1.422000E-7	2.741011E-4
1.423000E-7	-2.740954E-4
1.424000E-7	-7.537674E-4
1.425000E-7	-7.623329E-4
1.426000E-7	-6.167182E-4
1.427000E-7	-1.627430E-4
1.428000E-7	3.683223E-4
1.429000E-7	7.452074E-4
1.430000E-7	9.079533E-4
1.431000E-7	7.195107E-4
1.432000E-7	4.796747E-4
1.433000E-7	2.826666E-4
1.434000E-7	1.541831E-4
1.435000E-7	4.111502E-4
1.436000E-7	5.567649E-4
1.437000E-7	8.222976E-4
1.438000E-7	8.908221E-4
1.439000E-7	7.452074E-4
1.440000E-7	5.481993E-4
1.441000E-7	2.484044E-4
1.442000E-7	9.422409E-5
1.443000E-7	7.709295E-5
1.444000E-7	1.027897E-4
1.445000E-7	2.569953E-5
1.446000E-7	6.852738E-5
1.447000E-7	7.709295E-5
1.448000E-7	-5.995618E-5
1.449000E-7	5.139624E-5
1.450000E-7	1.027897E-4
1.451000E-7	1.627486E-4
1.452000E-7	4.283067E-5
1.453000E-7	-2.483987E-4
1.454000E-7	-5.481937E-4
1.455000E-7	-6.252838E-4
1.456000E-7	-6.681117E-4
1.457000E-7	-2.055709E-4
1.458000E-7	1.456175E-4
1.459000E-7	7.109451E-4
1.460000E-7	1.062134E-3
1.461000E-7	1.319101E-3
1.462000E-7	1.216314E-3
1.463000E-7	9.679122E-4
1.464000E-7	6.595517E-4
1.465000E-7	4.197158E-4
1.466000E-7	2.484044E-4
1.467000E-7	4.711092E-4
1.468000E-7	7.280763E-4
1.469000E-7	1.010740E-3
1.470000E-7	1.130658E-3
1.471000E-7	9.593467E-4
1.472000E-7	7.366419E-4
1.473000E-7	6.509861E-4
1.474000E-7	6.509861E-4
1.475000E-7	1.070699E-3
1.476000E-7	1.755945E-3
1.477000E-7	1.910125E-3
1.478000E-7	1.730248E-3
1.479000E-7	1.130658E-3
1.480000E-7	3.083633E-4
1.481000E-7	-2.569643E-4
1.482000E-7	-4.882347E-4
1.483000E-7	-3.254889E-4
1.484000E-7	3.340601E-4
1.485000E-7	9.507811E-4
1.486000E-7	1.430453E-3
1.487000E-7	1.558937E-3
1.488000E-7	1.327666E-3
1.489000E-7	9.679122E-4
1.490000E-7	7.109451E-4
1.491000E-7	3.597568E-4
1.492000E-7	5.996181E-5
1.493000E-7	9.422409E-5
1.494000E-7	-1.113496E-4
1.495000E-7	-1.456119E-4
1.496000E-7	-2.569643E-4
1.497000E-7	-2.826610E-4
1.498000E-7	-1.284807E-4
1.499000E-7	1.713142E-4
1.500000E-7	3.254945E-4
1.501000E-7	4.796747E-4
1.502000E-7	6.766829E-4
1.503000E-7	8.137320E-4
1.504000E-7	7.452074E-4
1.505000E-7	8.479943E-4
1.506000E-7	7.966008E-4
1.507000E-7	8.822565E-4
1.508000E-7	7.623386E-4
1.509000E-7	7.109451E-4
1.510000E-7	4.625436E-4
1.511000E-7	3.940190E-4
1.512000E-7	3.254945E-4
1.513000E-7	4.025846E-4
1.514000E-7	5.910272E-4
1.515000E-7	9.507811E-4
1.516000E-7	1.122093E-3
1.517000E-7	1.164920E-3
1.518000E-7	1.242010E-3
1.519000E-7	7.023796E-4
1.520000E-7	3.169289E-4
1.521000E-7	2.815796E-9
1.522000E-7	-3.083577E-4
1.523000E-7	-2.483987E-4
1.524000E-7	-2.227020E-4
1.525000E-7	-2.997921E-4
1.526000E-7	-1.456119E-4
1.527000E-7	8.568386E-6
1.528000E-7	2.815796E-9
1.529000E-7	1.970109E-4
1.530000E-7	5.396337E-4
1.531000E-7	7.195107E-4
1.532000E-7	1.036437E-3
1.533000E-7	1.199183E-3
1.534000E-7	1.019306E-3
1.535000E-7	7.023796E-4
1.536000E-7	3.683223E-4
1.537000E-7	-1.713086E-4
1.538000E-7	-3.854478E-4
1.539000E-7	-4.454068E-4
1.540000E-7	-3.511856E-4
1.541000E-7	3.426510E-5
1.542000E-7	5.824616E-4
1.543000E-7	1.053568E-3
1.544000E-7	1.353363E-3
1.545000E-7	1.490412E-3
1.546000E-7	1.224879E-3
1.547000E-7	1.045002E-3
1.548000E-7	8.308631E-4
1.549000E-7	8.736910E-4
1.550000E-7	1.199183E-3
1.551000E-7	1.644592E-3
1.552000E-7	1.944387E-3
1.553000E-7	1.927256E-3
1.554000E-7	1.541805E-3
1.555000E-7	7.880353E-4
1.556000E-7	-2.569389E-5
1.557000E-7	-5.396281E-4
1.558000E-7	-7.794641E-4
1.559000E-7	-5.139314E-4
1.560000E-7	2.569953E-5
1.561000E-7	7.023796E-4
1.562000E-7	1.233445E-3
1.563000E-7	1.404756E-3
1.564000E-7	1.130658E-3
1.565000E-7	4.796747E-4
1.566000E-7	-8.565289E-5
1.567000E-7	-3.854478E-4
1.568000E-7	-3.083577E-4
1.569000E-7	4.368469E-4
1.570000E-7	1.053568E-3
1.571000E-7	1.841600E-3
1.572000E-7	2.227051E-3
1.573000E-7	2.149961E-3
1.574000E-7	1.644592E-3
1.575000E-7	1.036437E-3
1.576000E-7	5.139370E-4
1.577000E-7	3.340601E-4
1.578000E-7	4.625436E-4
1.579000E-7	5.053715E-4
1.580000E-7	5.824616E-4
1.581000E-7	5.567649E-4
1.582000E-7	2.912322E-4
1.583000E-7	1.713396E-5
1.584000E-7	-2.312676E-4
1.585000E-7	-3.254889E-4
1.586000E-7	-1.027840E-4
1.587000E-7	2.055765E-4
1.588000E-7	3.426256E-4
1.589000E-7	6.252894E-4
1.590000E-7	7.195107E-4
1.591000E-7	8.222976E-4
1.592000E-7	7.537730E-4
1.593000E-7	6.081583E-4
1.594000E-7	3.511912E-4
1.595000E-7	5.225026E-4
1.596000E-7	6.509861E-4
1.597000E-7	8.308631E-4
1.598000E-7	9.936090E-4
1.599000E-7	9.593467E-4
1.600000E-7	8.051664E-4
1.601000E-7	6.424206E-4
1.602000E-7	4.368469E-4
1.603000E-7	2.227076E-4
1.604000E-7	3.426510E-5
1.605000E-7	-6.852175E-5
1.606000E-7	-1.798742E-4
1.607000E-7	-2.398331E-4
1.608000E-7	-2.740954E-4
1.609000E-7	-1.884397E-4
1.610000E-7	-5.995618E-5
1.611000E-7	1.713396E-5
1.612000E-7	4.283067E-5
1.613000E-7	-3.425946E-5
1.614000E-7	-1.113496E-4
1.615000E-7	-1.370463E-4
1.616000E-7	-8.562754E-6
1.617000E-7	3.768879E-4
1.618000E-7	4.197158E-4
1.619000E-7	4.282813E-4
1.620000E-7	6.852738E-5
1.621000E-7	-2.312676E-4
1.622000E-7	-5.738904E-4
1.623000E-7	-4.197101E-4
1.624000E-7	8.568386E-6
1.625000E-7	3.083633E-4
1.626000E-7	6.081583E-4
1.627000E-7	5.481993E-4
1.628000E-7	2.655355E-4
1.629000E-7	-9.421846E-5
1.630000E-7	-2.740954E-4
1.631000E-7	-1.284807E-4
1.632000E-7	1.541831E-4
1.633000E-7	3.340601E-4
1.634000E-7	4.796747E-4
1.635000E-7	3.083633E-4
1.636000E-7	2.141421E-4
1.637000E-7	3.426510E-5
1.638000E-7	-5.995618E-5
1.639000E-7	5.139624E-5
1.640000E-7	1.970109E-4
1.641000E-7	5.910272E-4
1.642000E-7	9.079533E-4
1.643000E-7	1.421887E-3
1.644000E-7	1.858732E-3
1.645000E-7	2.072871E-3
1.646000E-7	2.158526E-3
1.647000E-7	2.124264E-3
1.648000E-7	1.670289E-3
1.649000E-7	1.344797E-3
1.650000E-7	9.336500E-4
1.651000E-7	6.081583E-4
1.652000E-7	4.282813E-4
1.653000E-7	4.197158E-4
1.654000E-7	4.197158E-4
1.655000E-7	6.167239E-4
1.656000E-7	8.736910E-4
1.657000E-7	7.623386E-4
1.658000E-7	6.252894E-4
1.659000E-7	3.254945E-4
1.660000E-7	-3.425946E-5
1.661000E-7	5.996181E-5
1.662000E-7	1.884454E-4
1.663000E-7	5.139370E-4
1.664000E-7	5.653304E-4
1.665000E-7	5.481993E-4
1.666000E-7	2.055765E-4
1.667000E-7	-2.912266E-4
1.668000E-7	-6.938084E-4
1.669000E-7	-8.736853E-4
1.670000E-7	-5.481937E-4
1.671000E-7	1.970109E-4
1.672000E-7	8.565598E-4
1.673000E-7	1.584633E-3
1.674000E-7	1.807338E-3
1.675000E-7	1.533240E-3
1.676000E-7	8.222976E-4
1.677000E-7	2.227076E-4
1.678000E-7	-4.539724E-4
1.679000E-7	-5.567592E-4
1.680000E-7	-2.997921E-4
1.681000E-7	2.398388E-4
1.682000E-7	6.252894E-4
1.683000E-7	9.422155E-4
1.684000E-7	8.993877E-4
1.685000E-7	6.766829E-4
1.686000E-7	3.169289E-4
1.687000E-7	1.970109E-4
1.688000E-7	1.113552E-4
1.689000E-7	2.997978E-4
1.690000E-7	3.854535E-4
1.691000E-7	4.796747E-4
1.692000E-7	5.824616E-4
1.693000E-7	7.709041E-4
1.694000E-7	7.709041E-4
1.695000E-7	7.794697E-4
1.696000E-7	6.681173E-4
1.697000E-7	4.454125E-4
1.698000E-7	8.568386E-6
1.699000E-7	-2.997921E-4
1.700000E-7	-3.511856E-4
1.701000E-7	-2.655299E-4
1.702000E-7	-8.565289E-5
1.703000E-7	1.456175E-4
1.704000E-7	3.940190E-4
1.705000E-7	7.109451E-4
1.706000E-7	7.880353E-4
1.707000E-7	8.308631E-4
1.708000E-7	7.109451E-4
1.709000E-7	6.595517E-4
1.710000E-7	6.681173E-4
1.711000E-7	6.338550E-4
1.712000E-7	6.509861E-4
1.713000E-7	7.280763E-4
1.714000E-7	7.366419E-4
1.715000E-7	8.137320E-4
1.716000E-7	6.252894E-4
1.717000E-7	7.023796E-4
1.718000E-7	6.595517E-4
1.719000E-7	6.595517E-4
1.720000E-7	3.254945E-4
1.721000E-7	2.741011E-4
1.722000E-7	4.283067E-5
1.723000E-7	-2.483987E-4
1.724000E-7	-2.997921E-4
1.725000E-7	-2.227020E-4
1.726000E-7	-6.852175E-5
1.727000E-7	2.398388E-4
1.728000E-7	6.167239E-4
1.729000E-7	8.993877E-4
1.730000E-7	1.002175E-3
1.731000E-7	1.002175E-3
1.732000E-7	9.422155E-4
1.733000E-7	9.165188E-4
1.734000E-7	1.045002E-3
1.735000E-7	1.242010E-3
1.736000E-7	1.490412E-3
1.737000E-7	1.910125E-3
1.738000E-7	2.072871E-3
1.739000E-7	1.918691E-3
1.740000E-7	1.695986E-3
1.741000E-7	1.284838E-3
1.742000E-7	8.651254E-4
1.743000E-7	4.968059E-4
1.744000E-7	3.169289E-4
1.745000E-7	2.398388E-4
1.746000E-7	5.225026E-4
1.747000E-7	5.310682E-4
1.748000E-7	6.938140E-4
1.749000E-7	6.766829E-4
1.750000E-7	4.968059E-4
1.751000E-7	3.940190E-4
1.752000E-7	2.141421E-4
1.753000E-7	9.422409E-5
1.754000E-7	1.970109E-4
1.755000E-7	6.338550E-4
1.756000E-7	7.966008E-4
1.757000E-7	1.173486E-3
1.758000E-7	1.336232E-3
1.759000E-7	1.199183E-3
1.760000E-7	8.736910E-4
1.761000E-7	4.025846E-4
1.762000E-7	-8.565289E-5
1.763000E-7	-2.312676E-4
1.764000E-7	-3.425946E-5
1.765000E-7	2.912322E-4
1.766000E-7	5.225026E-4
1.767000E-7	7.195107E-4
1.768000E-7	6.595517E-4
1.769000E-7	6.167239E-4
1.770000E-7	4.539780E-4
1.771000E-7	2.912322E-4
1.772000E-7	2.312732E-4
1.773000E-7	1.113552E-4
1.774000E-7	-1.113496E-4
1.775000E-7	-2.740954E-4
1.776000E-7	-3.426200E-4
1.777000E-7	-3.854478E-4
1.778000E-7	-4.625380E-4
1.779000E-7	-3.683167E-4
1.780000E-7	-5.139314E-4
1.781000E-7	-5.396281E-4
1.782000E-7	-4.711035E-4
1.783000E-7	-2.826610E-4
1.784000E-7	2.655355E-4
1.785000E-7	7.452074E-4
1.786000E-7	1.036437E-3
1.787000E-7	1.199183E-3
1.788000E-7	8.822565E-4
1.789000E-7	5.053715E-4
1.790000E-7	-1.113496E-4
1.791000E-7	-4.539724E-4
1.792000E-7	-6.167182E-4
1.793000E-7	-3.683167E-4
1.794000E-7	1.798798E-4
1.795000E-7	5.653304E-4
1.796000E-7	9.507811E-4
1.797000E-7	1.156355E-3
1.798000E-7	1.379060E-3
1.799000E-7	1.242010E-3
1.800000E-7	1.036437E-3
1.801000E-7	7.623386E-4
1.802000E-7	5.653304E-4
1.803000E-7	6.252894E-4
1.804000E-7	6.338550E-4
1.805000E-7	8.051664E-4
1.806000E-7	8.908221E-4
1.807000E-7	9.250844E-4
1.808000E-7	5.225026E-4
1.809000E-7	3.083633E-4
1.810000E-7	-1.370463E-4
1.811000E-7	-3.340544E-4
1.812000E-7	-4.025790E-4
1.813000E-7	-3.511856E-4
1.814000E-7	-3.683167E-4
1.815000E-7	-4.197101E-4
1.816000E-7	-5.224970E-4
1.817000E-7	-4.282757E-4
1.818000E-7	-2.398331E-4
1.819000E-7	-1.712832E-5
1.820000E-7	4.796747E-4
1.821000E-7	8.822565E-4
1.822000E-7	9.936090E-4
1.823000E-7	1.045002E-3
1.824000E-7	9.593467E-4
1.825000E-7	8.565598E-4
1.826000E-7	6.681173E-4
1.827000E-7	7.623386E-4
1.828000E-7	7.023796E-4
1.829000E-7	9.336500E-4
1.830000E-7	9.850434E-4
1.831000E-7	9.850434E-4
1.832000E-7	8.651254E-4
1.833000E-7	6.766829E-4
1.834000E-7	3.426256E-4
1.835000E-7	1.113552E-4
1.836000E-7	-6.852175E-5
1.837000E-7	-1.370463E-4
1.838000E-7	-1.541774E-4
1.839000E-7	8.568386E-6
1.840000E-7	1.113552E-4
1.841000E-7	3.083633E-4
1.842000E-7	5.053715E-4
1.843000E-7	9.250844E-4
1.844000E-7	1.182051E-3
1.845000E-7	1.336232E-3
1.846000E-7	1.293404E-3
1.847000E-7	1.130658E-3
1.848000E-7	7.452074E-4
1.849000E-7	3.854535E-4
1.850000E-7	2.912322E-4
1.851000E-7	4.197158E-4
1.852000E-7	6.595517E-4
1.853000E-7	9.079533E-4
1.854000E-7	1.010740E-3
1.855000E-7	1.053568E-3
1.856000E-7	8.736910E-4
1.857000E-7	7.709041E-4
1.858000E-7	6.509861E-4
1.859000E-7	8.137320E-4
1.860000E-7	1.036437E-3
1.861000E-7	9.336500E-4
1.862000E-7	7.794697E-4
1.863000E-7	4.025846E-4
1.864000E-7	1.713396E-5
1.865000E-7	-2.398331E-4
1.866000E-7	-1.113496E-4
1.867000E-7	2.826666E-4
1.868000E-7	5.824616E-4
1.869000E-7	1.002175E-3
1.870000E-7	8.736910E-4
1.871000E-7	8.908221E-4
1.872000E-7	6.338550E-4
1.873000E-7	3.426256E-4
1.874000E-7	2.055765E-4
1.875000E-7	3.254945E-4
1.876000E-7	2.312732E-4
1.877000E-7	1.713142E-4
1.878000E-7	1.884454E-4
1.879000E-7	1.456175E-4
1.880000E-7	1.627486E-4
1.881000E-7	2.912322E-4
1.882000E-7	4.282813E-4
1.883000E-7	5.824616E-4
1.884000E-7	8.051664E-4
1.885000E-7	8.565598E-4
1.886000E-7	8.137320E-4
1.887000E-7	9.250844E-4
1.888000E-7	8.137320E-4
1.889000E-7	8.822565E-4
1.890000E-7	7.195107E-4
1.891000E-7	6.766829E-4
1.892000E-7	4.025846E-4
1.893000E-7	2.997978E-4
1.894000E-7	3.083633E-4
1.895000E-7	3.854535E-4
1.896000E-7	3.254945E-4
1.897000E-7	2.398388E-4
1.898000E-7	1.798798E-4
1.899000E-7	6.852738E-5
1.900000E-7	8.565852E-5
1.901000E-7	1.970109E-4
1.902000E-7	3.340601E-4
1.903000E-7	6.681173E-4
1.904000E-7	6.338550E-4
1.905000E-7	6.338550E-4
1.906000E-7	4.197158E-4
1.907000E-7	1.713142E-4
1.908000E-7	2.741011E-4
1.909000E-7	3.683223E-4
1.910000E-7	5.910272E-4
1.911000E-7	7.452074E-4
1.912000E-7	7.794697E-4
1.913000E-7	8.394287E-4
1.914000E-7	7.966008E-4
1.915000E-7	6.595517E-4
1.916000E-7	3.940190E-4
1.917000E-7	3.340601E-4
1.918000E-7	1.456175E-4
1.919000E-7	5.996181E-5
1.920000E-7	1.541831E-4
1.921000E-7	3.254945E-4
1.922000E-7	6.081583E-4
1.923000E-7	1.027871E-3
1.924000E-7	1.164920E-3
1.925000E-7	1.259142E-3
1.926000E-7	1.344797E-3
1.927000E-7	1.147789E-3
1.928000E-7	9.507811E-4
1.929000E-7	8.394287E-4
1.930000E-7	5.481993E-4
1.931000E-7	2.484044E-4
1.932000E-7	-2.655299E-4
1.933000E-7	-8.222919E-4
1.934000E-7	-1.053562E-3
1.935000E-7	-1.070693E-3
1.936000E-7	-9.422099E-4
1.937000E-7	-6.938084E-4
1.938000E-7	-4.796691E-4
1.939000E-7	-3.940134E-4
1.940000E-7	-1.798742E-4
1.941000E-7	2.569953E-5
1.942000E-7	-9.421846E-5
1.943000E-7	3.083633E-4
1.944000E-7	3.768879E-4
1.945000E-7	4.025846E-4
1.946000E-7	4.282813E-4
1.947000E-7	5.225026E-4
1.948000E-7	1.970109E-4
1.949000E-7	2.055765E-4
1.950000E-7	2.398388E-4
1.951000E-7	3.768879E-4
1.952000E-7	6.938140E-4
1.953000E-7	9.250844E-4
1.954000E-7	1.087830E-3
1.955000E-7	1.027871E-3
1.956000E-7	6.595517E-4
1.957000E-7	1.370519E-4
1.958000E-7	-2.141364E-4
1.959000E-7	-2.655299E-4
1.960000E-7	-2.740954E-4
1.961000E-7	1.713396E-5
1.962000E-7	2.312732E-4
1.963000E-7	3.597568E-4
1.964000E-7	4.282813E-4
1.965000E-7	4.539780E-4
1.966000E-7	3.854535E-4
1.967000E-7	2.741011E-4
1.968000E-7	2.826666E-4
1.969000E-7	2.741011E-4
1.970000E-7	4.197158E-4
1.971000E-7	7.195107E-4
1.972000E-7	1.002175E-3
1.973000E-7	1.250576E-3
1.974000E-7	1.250576E-3
1.975000E-7	9.764778E-4
1.976000E-7	4.711092E-4
1.977000E-7	1.713142E-4
1.978000E-7	-2.055709E-4
1.979000E-7	-2.997921E-4
1.980000E-7	-1.884397E-4
1.981000E-7	1.627486E-4
1.982000E-7	3.940190E-4
1.983000E-7	5.053715E-4
1.984000E-7	3.683223E-4
1.985000E-7	1.713142E-4
1.986000E-7	5.139624E-5
1.987000E-7	3.426510E-5
1.988000E-7	3.426256E-4
1.989000E-7	7.966008E-4
1.990000E-7	9.250844E-4
1.991000E-7	9.936090E-4
1.992000E-7	8.651254E-4
1.993000E-7	3.254945E-4
1.994000E-7	8.568386E-6
1.995000E-7	1.970109E-4
1.996000E-7	5.053715E-4
1.997000E-7	1.164920E-3
1.998000E-7	1.524674E-3
1.999000E-7	1.576068E-3
2.000000E-7	1.164920E-3
2.001000E-7	4.539780E-4
