Study Name	044_15
Sample Name	2024-10-02
Run Name	spot_00
Operator	Elena
Date	10/2/2024
Time	19:46
Sign	POS
Grating Spacing	03.40um
Channel	3
Number Traces	2000
Files in Batch	6
Batch Number	311
dt	100.000001E-12
time stamp (ms)	8:45:03 PM
	
Time	Amplitude
0.000000E+0	3.254880E-4
1.000000E-10	5.053650E-4
2.000000E-10	5.396272E-4
3.000000E-10	3.169224E-4
4.000000E-10	1.970044E-4
5.000000E-10	5.995531E-5
6.000000E-10	-1.713482E-5
7.000000E-10	-1.798807E-4
8.000000E-10	-1.370528E-4
9.000000E-10	-1.027905E-4
1.000000E-9	-9.422495E-5
1.100000E-9	-3.426596E-5
1.200000E-9	-8.565938E-5
1.300000E-9	-5.139710E-5
1.400000E-9	6.852088E-5
1.500000E-9	-1.798807E-4
1.600000E-9	-9.422495E-5
1.700000E-9	-6.852824E-5
1.800000E-9	-1.713482E-5
1.900000E-9	1.199143E-4
2.000000E-9	2.912257E-4
2.100000E-9	4.454060E-4
2.200000E-9	5.396272E-4
2.300000E-9	4.882338E-4
2.400000E-9	3.683158E-4
2.500000E-9	4.625371E-4
2.600000E-9	4.282748E-4
2.700000E-9	2.312667E-4
2.800000E-9	4.282417E-5
2.900000E-9	-1.713151E-4
3.000000E-9	-3.254953E-4
3.100000E-9	-3.940199E-4
3.200000E-9	-1.798807E-4
3.300000E-9	2.569303E-5
3.400000E-9	2.569634E-4
3.500000E-9	2.569634E-4
3.600000E-9	1.541766E-4
3.700000E-9	-5.996267E-5
3.800000E-9	-1.713151E-4
3.900000E-9	-4.283153E-5
4.000000E-9	8.561889E-6
4.100000E-9	2.227011E-4
4.200000E-9	3.683158E-4
4.300000E-9	5.310617E-4
4.400000E-9	6.852419E-4
4.500000E-9	6.424141E-4
4.600000E-9	7.537665E-4
4.700000E-9	8.222911E-4
4.800000E-9	7.794632E-4
4.900000E-9	6.509797E-4
5.000000E-9	6.252829E-4
5.100000E-9	4.111437E-4
5.200000E-9	1.627422E-4
5.300000E-9	-3.681635E-9
5.400000E-9	-1.113561E-4
5.500000E-9	-2.227085E-4
5.600000E-9	-1.970118E-4
5.700000E-9	-1.284872E-4
5.800000E-9	8.565202E-5
5.900000E-9	2.483979E-4
6.000000E-9	2.912257E-4
6.100000E-9	3.426191E-4
6.200000E-9	3.511847E-4
6.300000E-9	3.511847E-4
6.400000E-9	3.169224E-4
6.500000E-9	3.597503E-4
6.600000E-9	3.083568E-4
6.700000E-9	2.055700E-4
6.800000E-9	7.708645E-5
6.900000E-9	-7.709381E-5
7.000000E-9	5.995531E-5
7.100000E-9	9.421759E-5
7.200000E-9	2.912257E-4
7.300000E-9	4.368404E-4
7.400000E-9	4.539715E-4
7.500000E-9	3.511847E-4
7.600000E-9	2.569634E-4
7.700000E-9	1.027832E-4
7.800000E-9	9.421759E-5
7.900000E-9	2.141356E-4
8.000000E-9	3.940125E-4
8.100000E-9	6.595452E-4
8.200000E-9	7.280698E-4
8.300000E-9	7.195042E-4
8.400000E-9	5.053650E-4
8.500000E-9	4.197093E-4
8.600000E-9	3.254880E-4
8.700000E-9	1.798733E-4
8.800000E-9	-3.426596E-5
8.900000E-9	-2.398396E-4
9.000000E-9	-4.625445E-4
9.100000E-9	-6.681182E-4
9.200000E-9	-6.424214E-4
9.300000E-9	-4.368478E-4
9.400000E-9	-2.570039E-5
9.500000E-9	4.111437E-4
9.600000E-9	6.167174E-4
9.700000E-9	6.938075E-4
9.800000E-9	6.595452E-4
9.900000E-9	8.308566E-4
1.000000E-8	8.908156E-4
1.010000E-8	8.993812E-4
1.020000E-8	8.479878E-4
1.030000E-8	6.424141E-4
1.040000E-8	3.254880E-4
1.050000E-8	-1.798807E-4
1.060000E-8	-3.854543E-4
1.070000E-8	-3.940199E-4
1.080000E-8	-1.541839E-4
1.090000E-8	2.912257E-4
1.100000E-8	5.396272E-4
1.110000E-8	5.481928E-4
1.120000E-8	4.111437E-4
1.130000E-8	1.284799E-4
1.140000E-8	-1.970118E-4
1.150000E-8	-2.997986E-4
1.160000E-8	-2.398396E-4
1.170000E-8	-1.884462E-4
1.180000E-8	-1.199217E-4
1.190000E-8	-7.709381E-5
1.200000E-8	-4.283153E-5
1.210000E-8	8.561889E-6
1.220000E-8	-6.852824E-5
1.230000E-8	-1.199217E-4
1.240000E-8	-6.852824E-5
1.250000E-8	-4.283153E-5
1.260000E-8	8.561889E-6
1.270000E-8	-8.569252E-6
1.280000E-8	-3.681635E-9
1.290000E-8	-3.426596E-5
1.300000E-8	-9.422495E-5
1.310000E-8	-1.627495E-4
1.320000E-8	-2.912331E-4
1.330000E-8	-3.511921E-4
1.340000E-8	-2.312741E-4
1.350000E-8	2.569303E-5
1.360000E-8	3.597503E-4
1.370000E-8	6.766764E-4
1.380000E-8	7.623321E-4
1.390000E-8	7.623321E-4
1.400000E-8	4.882338E-4
1.410000E-8	8.561889E-6
1.420000E-8	-2.312741E-4
1.430000E-8	-4.025855E-4
1.440000E-8	-3.083642E-4
1.450000E-8	-1.284872E-4
1.460000E-8	5.995531E-5
1.470000E-8	5.138974E-5
1.480000E-8	-1.284872E-4
1.490000E-8	-1.798807E-4
1.500000E-8	-2.997986E-4
1.510000E-8	-2.569708E-4
1.520000E-8	-1.970118E-4
1.530000E-8	-8.565938E-5
1.540000E-8	-1.113561E-4
1.550000E-8	-2.312741E-4
1.560000E-8	-2.141429E-4
1.570000E-8	-1.798807E-4
1.580000E-8	-1.199217E-4
1.590000E-8	1.541766E-4
1.600000E-8	3.083568E-4
1.610000E-8	4.967994E-4
1.620000E-8	4.025781E-4
1.630000E-8	1.970044E-4
1.640000E-8	2.483979E-4
1.650000E-8	2.655290E-4
1.660000E-8	4.882338E-4
1.670000E-8	6.595452E-4
1.680000E-8	6.595452E-4
1.690000E-8	5.224961E-4
1.700000E-8	2.740946E-4
1.710000E-8	1.713077E-4
1.720000E-8	-3.426596E-5
1.730000E-8	-1.713482E-5
1.740000E-8	2.055700E-4
1.750000E-8	9.421759E-5
1.760000E-8	5.138974E-5
1.770000E-8	-1.798807E-4
1.780000E-8	-3.940199E-4
1.790000E-8	-5.053723E-4
1.800000E-8	-4.111510E-4
1.810000E-8	-3.340609E-4
1.820000E-8	2.569303E-5
1.830000E-8	3.340536E-4
1.840000E-8	2.997913E-4
1.850000E-8	1.970044E-4
1.860000E-8	-5.139710E-5
1.870000E-8	-1.970118E-4
1.880000E-8	-3.169298E-4
1.890000E-8	-2.741019E-4
1.900000E-8	-3.681635E-9
1.910000E-8	2.997913E-4
1.920000E-8	6.424141E-4
1.930000E-8	7.794632E-4
1.940000E-8	6.852419E-4
1.950000E-8	5.310617E-4
1.960000E-8	3.511847E-4
1.970000E-8	2.997913E-4
1.980000E-8	9.250779E-4
1.990000E-8	2.706716E-3
2.000000E-8	5.559051E-3
2.010000E-8	9.661959E-3
2.020000E-8	1.467282E-2
2.030000E-8	1.987212E-2
2.040000E-8	2.454035E-2
2.050000E-8	2.811220E-2
2.060000E-8	3.062191E-2
2.070000E-8	3.200097E-2
2.080000E-8	3.294318E-2
2.090000E-8	3.382543E-2
2.100000E-8	3.451068E-2
2.110000E-8	3.471625E-2
2.120000E-8	3.391109E-2
2.130000E-8	3.200953E-2
2.140000E-8	2.902871E-2
2.150000E-8	2.557679E-2
2.160000E-8	2.227048E-2
2.170000E-8	1.965798E-2
2.180000E-8	1.810761E-2
2.190000E-8	1.737097E-2
2.200000E-8	1.725105E-2
2.210000E-8	1.759368E-2
2.220000E-8	1.797913E-2
2.230000E-8	1.851876E-2
2.240000E-8	1.958089E-2
2.250000E-8	2.093425E-2
2.260000E-8	2.246749E-2
2.270000E-8	2.397503E-2
2.280000E-8	2.490011E-2
2.290000E-8	2.531982E-2
2.300000E-8	2.493437E-2
2.310000E-8	2.407781E-2
2.320000E-8	2.262167E-2
2.330000E-8	2.117409E-2
2.340000E-8	1.965798E-2
2.350000E-8	1.809905E-2
2.360000E-8	1.653155E-2
2.370000E-8	1.510966E-2
2.380000E-8	1.384196E-2
2.390000E-8	1.326806E-2
2.400000E-8	1.330233E-2
2.410000E-8	1.380770E-2
2.420000E-8	1.490409E-2
2.430000E-8	1.640306E-2
2.440000E-8	1.789347E-2
2.450000E-8	1.910122E-2
2.460000E-8	2.004343E-2
2.470000E-8	2.042888E-2
2.480000E-8	2.047171E-2
2.490000E-8	2.003486E-2
2.500000E-8	1.914405E-2
2.510000E-8	1.795343E-2
2.520000E-8	1.642019E-2
2.530000E-8	1.474991E-2
2.540000E-8	1.312245E-2
2.550000E-8	1.173483E-2
2.560000E-8	1.055278E-2
2.570000E-8	9.833271E-3
2.580000E-8	9.576304E-3
2.590000E-8	9.747615E-3
2.600000E-8	1.045856E-2
2.610000E-8	1.157208E-2
2.620000E-8	1.301110E-2
2.630000E-8	1.450151E-2
2.640000E-8	1.594052E-2
2.650000E-8	1.714827E-2
2.660000E-8	1.801339E-2
2.670000E-8	1.848450E-2
2.680000E-8	1.844167E-2
2.690000E-8	1.776499E-2
2.700000E-8	1.630884E-2
2.710000E-8	1.425311E-2
2.720000E-8	1.174339E-2
2.730000E-8	9.053804E-3
2.740000E-8	6.929543E-3
2.750000E-8	5.610445E-3
2.760000E-8	5.319215E-3
2.770000E-8	5.910240E-3
2.780000E-8	7.349256E-3
2.790000E-8	9.096632E-3
2.800000E-8	1.091253E-2
2.810000E-8	1.272843E-2
2.820000E-8	1.425311E-2
2.830000E-8	1.565786E-2
2.840000E-8	1.668573E-2
2.850000E-8	1.713970E-2
2.860000E-8	1.713114E-2
2.870000E-8	1.634310E-2
2.880000E-8	1.448438E-2
2.890000E-8	1.182048E-2
2.900000E-8	8.805402E-3
2.910000E-8	5.918805E-3
2.920000E-8	3.700323E-3
2.930000E-8	2.835200E-3
2.940000E-8	3.297741E-3
2.950000E-8	4.839543E-3
2.960000E-8	7.177944E-3
2.970000E-8	9.379296E-3
2.980000E-8	1.110954E-2
2.990000E-8	1.229159E-2
3.000000E-8	1.289974E-2
3.010000E-8	1.343081E-2
3.020000E-8	1.394474E-2
3.030000E-8	1.424454E-2
3.040000E-8	1.417601E-2
3.050000E-8	1.354216E-2
3.060000E-8	1.218024E-2
3.070000E-8	1.016733E-2
3.080000E-8	7.709009E-3
3.090000E-8	5.541920E-3
3.100000E-8	3.888765E-3
3.110000E-8	3.032208E-3
3.120000E-8	2.860897E-3
3.130000E-8	3.537577E-3
3.140000E-8	4.702494E-3
3.150000E-8	6.124379E-3
3.160000E-8	7.383518E-3
3.170000E-8	8.728312E-3
3.180000E-8	9.867533E-3
3.190000E-8	1.085257E-2
3.200000E-8	1.164061E-2
3.210000E-8	1.198323E-2
3.220000E-8	1.196610E-2
3.230000E-8	1.131511E-2
3.240000E-8	1.021872E-2
3.250000E-8	8.694050E-3
3.260000E-8	7.323559E-3
3.270000E-8	6.021592E-3
3.280000E-8	5.036552E-3
3.290000E-8	4.522617E-3
3.300000E-8	4.308478E-3
3.310000E-8	4.205691E-3
3.320000E-8	4.419831E-3
3.330000E-8	4.822412E-3
3.340000E-8	5.584748E-3
3.350000E-8	6.578354E-3
3.360000E-8	7.743272E-3
3.370000E-8	9.019542E-3
3.380000E-8	1.021016E-2
3.390000E-8	1.129798E-2
3.400000E-8	1.212884E-2
3.410000E-8	1.218880E-2
3.420000E-8	1.174339E-2
3.430000E-8	1.065557E-2
3.440000E-8	8.993845E-3
3.450000E-8	6.963805E-3
3.460000E-8	4.933765E-3
3.470000E-8	3.254913E-3
3.480000E-8	1.961512E-3
3.490000E-8	1.336225E-3
3.500000E-8	1.259135E-3
3.510000E-8	1.721676E-3
3.520000E-8	2.766675E-3
3.530000E-8	4.111470E-3
3.540000E-8	5.730363E-3
3.550000E-8	7.477739E-3
3.560000E-8	9.028107E-3
3.570000E-8	1.008167E-2
3.580000E-8	1.076692E-2
3.590000E-8	1.086114E-2
3.600000E-8	1.032151E-2
3.610000E-8	9.156591E-3
3.620000E-8	7.554829E-3
3.630000E-8	5.704666E-3
3.640000E-8	3.648929E-3
3.650000E-8	1.944381E-3
3.660000E-8	4.539715E-4
3.670000E-8	-3.597576E-4
3.680000E-8	-5.139379E-4
3.690000E-8	2.398323E-4
3.700000E-8	1.730241E-3
3.710000E-8	3.871634E-3
3.720000E-8	6.235731E-3
3.730000E-8	8.411386E-3
3.740000E-8	9.927492E-3
3.750000E-8	1.056991E-2
3.760000E-8	1.039003E-2
3.770000E-8	9.627697E-3
3.780000E-8	8.642657E-3
3.790000E-8	7.606223E-3
3.800000E-8	6.484133E-3
3.810000E-8	5.233560E-3
3.820000E-8	3.794544E-3
3.830000E-8	2.089995E-3
3.840000E-8	3.940125E-4
3.850000E-8	-8.137328E-4
3.860000E-8	-1.293405E-3
3.870000E-8	-7.366427E-4
3.880000E-8	7.880288E-4
3.890000E-8	3.006511E-3
3.900000E-8	5.319215E-3
3.910000E-8	7.383518E-3
3.920000E-8	8.754009E-3
3.930000E-8	9.267943E-3
3.940000E-8	9.199419E-3
3.950000E-8	8.411386E-3
3.960000E-8	7.434911E-3
3.970000E-8	6.338518E-3
3.980000E-8	5.327781E-3
3.990000E-8	4.351306E-3
4.000000E-8	3.306306E-3
4.010000E-8	2.287004E-3
4.020000E-8	1.413315E-3
4.030000E-8	7.280698E-4
4.040000E-8	3.683158E-4
4.050000E-8	4.111437E-4
4.060000E-8	9.764713E-4
4.070000E-8	1.892987E-3
4.080000E-8	2.895159E-3
4.090000E-8	4.137167E-3
4.100000E-8	5.139338E-3
4.110000E-8	5.918805E-3
4.120000E-8	6.664010E-3
4.130000E-8	6.972370E-3
4.140000E-8	7.058026E-3
4.150000E-8	6.929543E-3
4.160000E-8	6.424174E-3
4.170000E-8	5.499092E-3
4.180000E-8	4.231388E-3
4.190000E-8	2.835200E-3
4.200000E-8	1.293397E-3
4.210000E-8	1.370454E-4
4.220000E-8	-6.595526E-4
4.230000E-8	-8.908230E-4
4.240000E-8	-4.968068E-4
4.250000E-8	2.483979E-4
4.260000E-8	1.490406E-3
4.270000E-8	2.809503E-3
4.280000E-8	4.205691E-3
4.290000E-8	5.576182E-3
4.300000E-8	6.509830E-3
4.310000E-8	7.092288E-3
4.320000E-8	7.195075E-3
4.330000E-8	6.766797E-3
4.340000E-8	6.021592E-3
4.350000E-8	4.822412E-3
4.360000E-8	3.469052E-3
4.370000E-8	2.081430E-3
4.380000E-8	5.910207E-4
4.390000E-8	-6.338559E-4
4.400000E-8	-1.447585E-3
4.410000E-8	-1.807339E-3
4.420000E-8	-1.507544E-3
4.430000E-8	-7.109460E-4
4.440000E-8	5.396272E-4
4.450000E-8	2.004340E-3
4.460000E-8	3.845937E-3
4.470000E-8	5.439133E-3
4.480000E-8	6.706838E-3
4.490000E-8	7.623354E-3
4.500000E-8	7.743272E-3
4.510000E-8	7.289297E-3
4.520000E-8	6.218600E-3
4.530000E-8	4.651101E-3
4.540000E-8	2.843766E-3
4.550000E-8	1.182045E-3
4.560000E-8	-3.169298E-4
4.570000E-8	-1.370495E-3
4.580000E-8	-2.021478E-3
4.590000E-8	-2.364101E-3
4.600000E-8	-2.115700E-3
4.610000E-8	-1.541806E-3
4.620000E-8	-2.398396E-4
4.630000E-8	1.593192E-3
4.640000E-8	3.760282E-3
4.650000E-8	5.987330E-3
4.660000E-8	7.597657E-3
4.670000E-8	8.257206E-3
4.680000E-8	8.034501E-3
4.690000E-8	6.655444E-3
4.700000E-8	4.745322E-3
4.710000E-8	2.723848E-3
4.720000E-8	1.053561E-3
4.730000E-8	-4.283153E-5
4.740000E-8	-7.109460E-4
4.750000E-8	-1.087831E-3
4.760000E-8	-1.036438E-3
4.770000E-8	-1.224880E-3
4.780000E-8	-1.070700E-3
4.790000E-8	-7.195116E-4
4.800000E-8	-5.996267E-5
4.810000E-8	1.122086E-3
4.820000E-8	2.543971E-3
4.830000E-8	4.017249E-3
4.840000E-8	5.139338E-3
4.850000E-8	5.790322E-3
4.860000E-8	5.824584E-3
4.870000E-8	5.439133E-3
4.880000E-8	4.959461E-3
4.890000E-8	4.162863E-3
4.900000E-8	3.374831E-3
4.910000E-8	2.492577E-3
4.920000E-8	1.601758E-3
4.930000E-8	5.224961E-4
4.940000E-8	-3.768888E-4
4.950000E-8	-1.250577E-3
4.960000E-8	-1.567503E-3
4.970000E-8	-1.601765E-3
4.980000E-8	-8.736918E-4
4.990000E-8	1.798733E-4
5.000000E-8	1.456143E-3
5.010000E-8	2.758110E-3
5.020000E-8	3.863068E-3
5.030000E-8	4.565445E-3
5.040000E-8	4.745322E-3
5.050000E-8	4.822412E-3
5.060000E-8	4.377003E-3
5.070000E-8	3.863068E-3
5.080000E-8	3.117864E-3
5.090000E-8	2.278438E-3
5.100000E-8	1.310529E-3
5.110000E-8	2.141356E-4
5.120000E-8	-6.081592E-4
5.130000E-8	-1.473282E-3
5.140000E-8	-1.970085E-3
5.150000E-8	-2.149962E-3
5.160000E-8	-1.910126E-3
5.170000E-8	-1.130659E-3
5.180000E-8	6.852088E-5
5.190000E-8	1.490406E-3
5.200000E-8	2.929421E-3
5.210000E-8	4.231388E-3
5.220000E-8	5.002289E-3
5.230000E-8	5.456265E-3
5.240000E-8	5.481961E-3
5.250000E-8	5.036552E-3
5.260000E-8	4.248519E-3
5.270000E-8	3.092167E-3
5.280000E-8	1.636020E-3
5.290000E-8	3.425860E-5
5.300000E-8	-1.267708E-3
5.310000E-8	-2.484019E-3
5.320000E-8	-3.109306E-3
5.330000E-8	-3.100740E-3
5.340000E-8	-2.449757E-3
5.350000E-8	-1.379060E-3
5.360000E-8	-1.713482E-5
5.370000E-8	1.379053E-3
5.380000E-8	2.886593E-3
5.390000E-8	4.154298E-3
5.400000E-8	5.096511E-3
5.410000E-8	5.713232E-3
5.420000E-8	5.953068E-3
5.430000E-8	5.464830E-3
5.440000E-8	4.385568E-3
5.450000E-8	2.860897E-3
5.460000E-8	1.139217E-3
5.470000E-8	-4.796756E-4
5.480000E-8	-1.687421E-3
5.490000E-8	-2.346970E-3
5.500000E-8	-2.346970E-3
5.510000E-8	-2.012913E-3
5.520000E-8	-1.284839E-3
5.530000E-8	-2.826675E-4
5.540000E-8	5.910207E-4
5.550000E-8	1.456143E-3
5.560000E-8	2.244176E-3
5.570000E-8	3.006511E-3
5.580000E-8	3.785978E-3
5.590000E-8	4.436962E-3
5.600000E-8	4.668232E-3
5.610000E-8	4.334175E-3
5.620000E-8	3.426224E-3
5.630000E-8	2.209913E-3
5.640000E-8	9.764713E-4
5.650000E-8	-2.484052E-4
5.660000E-8	-9.422164E-4
5.670000E-8	-1.139225E-3
5.680000E-8	-1.284839E-3
5.690000E-8	-1.087831E-3
5.700000E-8	-8.651263E-4
5.710000E-8	-6.338559E-4
5.720000E-8	-2.912331E-4
5.730000E-8	2.227011E-4
5.740000E-8	8.822500E-4
5.750000E-8	1.755938E-3
5.760000E-8	2.681020E-3
5.770000E-8	3.588970E-3
5.780000E-8	3.923027E-3
5.790000E-8	4.000118E-3
5.800000E-8	3.494749E-3
5.810000E-8	2.689585E-3
5.820000E-8	1.764504E-3
5.830000E-8	7.452009E-4
5.840000E-8	-4.283153E-5
5.850000E-8	-5.139379E-4
5.860000E-8	-7.880361E-4
5.870000E-8	-9.679131E-4
5.880000E-8	-1.036438E-3
5.890000E-8	-1.156356E-3
5.900000E-8	-8.479951E-4
5.910000E-8	-4.282822E-4
5.920000E-8	1.713077E-4
5.930000E-8	9.165123E-4
5.940000E-8	1.695979E-3
5.950000E-8	2.552536E-3
5.960000E-8	3.134995E-3
5.970000E-8	3.494749E-3
5.980000E-8	3.597536E-3
5.990000E-8	3.297741E-3
6.000000E-8	2.569667E-3
6.010000E-8	1.807332E-3
6.020000E-8	7.794632E-4
6.030000E-8	-2.398396E-4
6.040000E-8	-1.019307E-3
6.050000E-8	-1.790208E-3
6.060000E-8	-2.304142E-3
6.070000E-8	-2.458322E-3
6.080000E-8	-2.244183E-3
6.090000E-8	-1.507544E-3
6.100000E-8	-3.083642E-4
6.110000E-8	1.207742E-3
6.120000E-8	2.775241E-3
6.130000E-8	4.120036E-3
6.140000E-8	4.916634E-3
6.150000E-8	5.019420E-3
6.160000E-8	4.805281E-3
6.170000E-8	3.863068E-3
6.180000E-8	2.689585E-3
6.190000E-8	1.327660E-3
6.200000E-8	1.712746E-5
6.210000E-8	-1.079266E-3
6.220000E-8	-1.824470E-3
6.230000E-8	-2.098568E-3
6.240000E-8	-2.055741E-3
6.250000E-8	-1.781642E-3
6.260000E-8	-1.036438E-3
6.270000E-8	-2.055774E-4
6.280000E-8	6.766764E-4
6.290000E-8	1.627455E-3
6.300000E-8	2.621061E-3
6.310000E-8	3.434790E-3
6.320000E-8	3.982986E-3
6.330000E-8	4.017249E-3
6.340000E-8	3.743150E-3
6.350000E-8	3.109298E-3
6.360000E-8	2.072864E-3
6.370000E-8	1.036430E-3
6.380000E-8	5.138974E-5
6.390000E-8	-9.422164E-4
6.400000E-8	-1.687421E-3
6.410000E-8	-2.209921E-3
6.420000E-8	-2.424060E-3
6.430000E-8	-2.329839E-3
6.440000E-8	-1.695987E-3
6.450000E-8	-9.593475E-4
6.460000E-8	2.569303E-5
6.470000E-8	9.507746E-4
6.480000E-8	1.764504E-3
6.490000E-8	2.415487E-3
6.500000E-8	2.783807E-3
6.510000E-8	2.920856E-3
6.520000E-8	2.621061E-3
6.530000E-8	2.081430E-3
6.540000E-8	1.481840E-3
6.550000E-8	7.537665E-4
6.560000E-8	1.199143E-4
6.570000E-8	-3.511921E-4
6.580000E-8	-6.938149E-4
6.590000E-8	-9.593475E-4
6.600000E-8	-1.062134E-3
6.610000E-8	-1.045003E-3
6.620000E-8	-8.394296E-4
6.630000E-8	-4.711100E-4
6.640000E-8	-8.569252E-6
6.650000E-8	2.997913E-4
6.660000E-8	6.766764E-4
6.670000E-8	9.422090E-4
6.680000E-8	1.327660E-3
6.690000E-8	1.593192E-3
6.700000E-8	1.858725E-3
6.710000E-8	1.961512E-3
6.720000E-8	1.790200E-3
6.730000E-8	1.361922E-3
6.740000E-8	7.280698E-4
6.750000E-8	-1.370528E-4
6.760000E-8	-8.736918E-4
6.770000E-8	-1.576069E-3
6.780000E-8	-2.098568E-3
6.790000E-8	-2.304142E-3
6.800000E-8	-2.149962E-3
6.810000E-8	-1.815905E-3
6.820000E-8	-1.164921E-3
6.830000E-8	-2.912331E-4
6.840000E-8	5.567584E-4
6.850000E-8	1.627455E-3
6.860000E-8	2.612495E-3
6.870000E-8	3.400528E-3
6.880000E-8	3.905896E-3
6.890000E-8	3.991552E-3
6.900000E-8	3.666060E-3
6.910000E-8	2.895159E-3
6.920000E-8	1.670283E-3
6.930000E-8	4.882338E-4
6.940000E-8	-7.537739E-4
6.950000E-8	-1.678855E-3
6.960000E-8	-2.355535E-3
6.970000E-8	-2.518281E-3
6.980000E-8	-2.295576E-3
6.990000E-8	-1.790208E-3
7.000000E-8	-1.019307E-3
7.010000E-8	-2.655364E-4
7.020000E-8	6.167174E-4
7.030000E-8	1.361922E-3
7.040000E-8	1.995774E-3
7.050000E-8	2.449749E-3
7.060000E-8	2.792372E-3
7.070000E-8	2.920856E-3
7.080000E-8	2.629626E-3
7.090000E-8	1.978643E-3
7.100000E-8	1.250570E-3
7.110000E-8	2.826601E-4
7.120000E-8	-5.225035E-4
7.130000E-8	-1.259142E-3
7.140000E-8	-1.678855E-3
7.150000E-8	-2.004347E-3
7.160000E-8	-2.030044E-3
7.170000E-8	-1.721683E-3
7.180000E-8	-1.353364E-3
7.190000E-8	-5.482002E-4
7.200000E-8	3.083568E-4
7.210000E-8	1.104955E-3
7.220000E-8	1.824463E-3
7.230000E-8	2.201348E-3
7.240000E-8	2.329831E-3
7.250000E-8	2.269872E-3
7.260000E-8	1.961512E-3
7.270000E-8	1.567496E-3
7.280000E-8	1.010734E-3
7.290000E-8	4.454060E-4
7.300000E-8	-1.456184E-4
7.310000E-8	-7.366427E-4
7.320000E-8	-1.164921E-3
7.330000E-8	-1.370495E-3
7.340000E-8	-1.327667E-3
7.350000E-8	-1.130659E-3
7.360000E-8	-7.280771E-4
7.370000E-8	-2.398396E-4
7.380000E-8	4.111437E-4
7.390000E-8	9.679057E-4
7.400000E-8	1.404750E-3
7.410000E-8	1.533233E-3
7.420000E-8	1.610324E-3
7.430000E-8	1.396184E-3
7.440000E-8	1.199176E-3
7.450000E-8	9.679057E-4
7.460000E-8	7.280698E-4
7.470000E-8	5.396272E-4
7.480000E-8	1.284799E-4
7.490000E-8	-4.283153E-5
7.500000E-8	-3.597576E-4
7.510000E-8	-6.852493E-4
7.520000E-8	-7.623394E-4
7.530000E-8	-7.452083E-4
7.540000E-8	-5.396346E-4
7.550000E-8	-2.569708E-4
7.560000E-8	1.113487E-4
7.570000E-8	4.711027E-4
7.580000E-8	1.002168E-3
7.590000E-8	1.456143E-3
7.600000E-8	1.730241E-3
7.610000E-8	1.987209E-3
7.620000E-8	2.004340E-3
7.630000E-8	1.995774E-3
7.640000E-8	1.601758E-3
7.650000E-8	1.216307E-3
7.660000E-8	5.824551E-4
7.670000E-8	-2.141429E-4
7.680000E-8	-1.045003E-3
7.690000E-8	-1.695987E-3
7.700000E-8	-2.184224E-3
7.710000E-8	-2.038609E-3
7.720000E-8	-1.507544E-3
7.730000E-8	-6.595526E-4
7.740000E-8	2.569634E-4
7.750000E-8	1.164914E-3
7.760000E-8	1.884422E-3
7.770000E-8	2.269872E-3
7.780000E-8	2.466881E-3
7.790000E-8	2.646758E-3
7.800000E-8	2.681020E-3
7.810000E-8	2.603930E-3
7.820000E-8	2.278438E-3
7.830000E-8	1.773069E-3
7.840000E-8	1.113520E-3
7.850000E-8	1.798733E-4
7.860000E-8	-7.966017E-4
7.870000E-8	-1.567503E-3
7.880000E-8	-1.961519E-3
7.890000E-8	-2.167093E-3
7.900000E-8	-2.081437E-3
7.910000E-8	-1.636028E-3
7.920000E-8	-1.199184E-3
7.930000E-8	-5.225035E-4
7.940000E-8	2.569634E-4
7.950000E-8	9.507746E-4
7.960000E-8	1.584627E-3
7.970000E-8	2.030036E-3
7.980000E-8	2.175651E-3
7.990000E-8	1.970077E-3
8.000000E-8	1.550365E-3
8.010000E-8	8.908156E-4
8.020000E-8	2.826601E-4
8.030000E-8	-3.511921E-4
8.040000E-8	-8.394296E-4
8.050000E-8	-1.002175E-3
8.060000E-8	-1.173487E-3
8.070000E-8	-1.122093E-3
8.080000E-8	-9.507820E-4
8.090000E-8	-6.081592E-4
8.100000E-8	-3.426265E-4
8.110000E-8	-3.426596E-5
8.120000E-8	2.912257E-4
8.130000E-8	6.509797E-4
8.140000E-8	1.002168E-3
8.150000E-8	1.233438E-3
8.160000E-8	1.439012E-3
8.170000E-8	1.584627E-3
8.180000E-8	1.379053E-3
8.190000E-8	9.764713E-4
8.200000E-8	4.539715E-4
8.210000E-8	-1.284872E-4
8.220000E-8	-6.424214E-4
8.230000E-8	-9.079541E-4
8.240000E-8	-8.908230E-4
8.250000E-8	-8.394296E-4
8.260000E-8	-6.338559E-4
8.270000E-8	-4.197166E-4
8.280000E-8	-2.312741E-4
8.290000E-8	-4.283153E-5
8.300000E-8	4.197093E-4
8.310000E-8	6.766764E-4
8.320000E-8	9.079468E-4
8.330000E-8	1.122086E-3
8.340000E-8	1.216307E-3
8.350000E-8	1.250570E-3
8.360000E-8	1.301963E-3
8.370000E-8	1.224873E-3
8.380000E-8	1.019299E-3
8.390000E-8	5.824551E-4
8.400000E-8	7.708645E-5
8.410000E-8	-3.683232E-4
8.420000E-8	-8.736918E-4
8.430000E-8	-1.122093E-3
8.440000E-8	-1.267708E-3
8.450000E-8	-1.164921E-3
8.460000E-8	-8.651263E-4
8.470000E-8	-4.539789E-4
8.480000E-8	1.541766E-4
8.490000E-8	6.766764E-4
8.500000E-8	1.259135E-3
8.510000E-8	1.661717E-3
8.520000E-8	1.721676E-3
8.530000E-8	1.755938E-3
8.540000E-8	1.490406E-3
8.550000E-8	1.190611E-3
8.560000E-8	7.708976E-4
8.570000E-8	2.227011E-4
8.580000E-8	-1.541839E-4
8.590000E-8	-5.910280E-4
8.600000E-8	-8.908230E-4
8.610000E-8	-1.079266E-3
8.620000E-8	-1.087831E-3
8.630000E-8	-8.993885E-4
8.640000E-8	-8.308640E-4
8.650000E-8	-6.766837E-4
8.660000E-8	-2.912331E-4
8.670000E-8	2.655290E-4
8.680000E-8	7.880288E-4
8.690000E-8	1.361922E-3
8.700000E-8	1.661717E-3
8.710000E-8	1.901553E-3
8.720000E-8	1.833028E-3
8.730000E-8	1.498971E-3
8.740000E-8	1.207742E-3
8.750000E-8	7.623321E-4
8.760000E-8	4.025781E-4
8.770000E-8	-3.426596E-5
8.780000E-8	-3.683232E-4
8.790000E-8	-5.482002E-4
8.800000E-8	-3.940199E-4
8.810000E-8	-2.655364E-4
8.820000E-8	-2.570039E-5
8.830000E-8	3.340536E-4
8.840000E-8	4.882338E-4
8.850000E-8	7.794632E-4
8.860000E-8	8.993812E-4
8.870000E-8	1.010734E-3
8.880000E-8	1.216307E-3
8.890000E-8	1.250570E-3
8.900000E-8	1.207742E-3
8.910000E-8	8.736845E-4
8.920000E-8	4.025781E-4
8.930000E-8	1.712746E-5
8.940000E-8	-2.569708E-4
8.950000E-8	-5.910280E-4
8.960000E-8	-5.139379E-4
8.970000E-8	-6.595526E-4
8.980000E-8	-5.653313E-4
8.990000E-8	-4.454133E-4
9.000000E-8	-3.169298E-4
9.010000E-8	-1.627495E-4
9.020000E-8	8.561889E-6
9.030000E-8	1.370454E-4
9.040000E-8	1.884389E-4
9.050000E-8	1.370454E-4
9.060000E-8	2.997913E-4
9.070000E-8	2.997913E-4
9.080000E-8	3.940125E-4
9.090000E-8	3.426191E-4
9.100000E-8	3.683158E-4
9.110000E-8	3.683158E-4
9.120000E-8	1.199143E-4
9.130000E-8	-1.113561E-4
9.140000E-8	-2.655364E-4
9.150000E-8	-3.426265E-4
9.160000E-8	-3.083642E-4
9.170000E-8	-3.169298E-4
9.180000E-8	-1.627495E-4
9.190000E-8	-7.709381E-5
9.200000E-8	1.456110E-4
9.210000E-8	1.798733E-4
9.220000E-8	2.912257E-4
9.230000E-8	4.282748E-4
9.240000E-8	6.167174E-4
9.250000E-8	8.651189E-4
9.260000E-8	9.764713E-4
9.270000E-8	1.139217E-3
9.280000E-8	9.764713E-4
9.290000E-8	8.394222E-4
9.300000E-8	5.653239E-4
9.310000E-8	4.625371E-4
9.320000E-8	3.940125E-4
9.330000E-8	3.768814E-4
9.340000E-8	3.597503E-4
9.350000E-8	1.627422E-4
9.360000E-8	-6.852824E-5
9.370000E-8	-2.741019E-4
9.380000E-8	-3.768888E-4
9.390000E-8	-1.456184E-4
9.400000E-8	3.083568E-4
9.410000E-8	7.623321E-4
9.420000E-8	1.370488E-3
9.430000E-8	1.541799E-3
9.440000E-8	1.516102E-3
9.450000E-8	1.327660E-3
9.460000E-8	9.422090E-4
9.470000E-8	6.595452E-4
9.480000E-8	5.653239E-4
9.490000E-8	4.796682E-4
9.500000E-8	3.768814E-4
9.510000E-8	1.027832E-4
9.520000E-8	-2.569708E-4
9.530000E-8	-7.366427E-4
9.540000E-8	-1.062134E-3
9.550000E-8	-1.190618E-3
9.560000E-8	-1.079266E-3
9.570000E-8	-9.679131E-4
9.580000E-8	-5.653313E-4
9.590000E-8	-2.741019E-4
9.600000E-8	2.569303E-5
9.610000E-8	4.625371E-4
9.620000E-8	7.452009E-4
9.630000E-8	9.679057E-4
9.640000E-8	9.936025E-4
9.650000E-8	8.222911E-4
9.660000E-8	5.053650E-4
9.670000E-8	2.997913E-4
9.680000E-8	1.456110E-4
9.690000E-8	1.027832E-4
9.700000E-8	1.113487E-4
9.710000E-8	-8.565938E-5
9.720000E-8	-1.970118E-4
9.730000E-8	-2.141429E-4
9.740000E-8	-3.854543E-4
9.750000E-8	-3.597576E-4
9.760000E-8	-7.709381E-5
9.770000E-8	3.083568E-4
9.780000E-8	5.995862E-4
9.790000E-8	8.308566E-4
9.800000E-8	8.822500E-4
9.810000E-8	8.051599E-4
9.820000E-8	7.366354E-4
9.830000E-8	4.111437E-4
9.840000E-8	2.227011E-4
9.850000E-8	8.561889E-6
9.860000E-8	1.712746E-5
9.870000E-8	-4.283153E-5
9.880000E-8	1.199143E-4
9.890000E-8	8.565202E-5
9.900000E-8	-1.199217E-4
9.910000E-8	-1.884462E-4
9.920000E-8	-2.912331E-4
9.930000E-8	-2.741019E-4
9.940000E-8	3.425860E-5
9.950000E-8	4.454060E-4
9.960000E-8	8.394222E-4
9.970000E-8	1.104955E-3
9.980000E-8	1.233438E-3
9.990000E-8	1.062127E-3
1.000000E-7	9.679057E-4
1.001000E-7	8.394222E-4
1.002000E-7	7.623321E-4
1.003000E-7	8.651189E-4
1.004000E-7	9.507746E-4
1.005000E-7	8.736845E-4
1.006000E-7	7.109386E-4
1.007000E-7	3.940125E-4
1.008000E-7	-1.284872E-4
1.009000E-7	-3.511921E-4
1.010000E-7	-4.368478E-4
1.011000E-7	-4.025855E-4
1.012000E-7	-1.970118E-4
1.013000E-7	9.421759E-5
1.014000E-7	4.368404E-4
1.015000E-7	6.595452E-4
1.016000E-7	8.137255E-4
1.017000E-7	8.651189E-4
1.018000E-7	7.708976E-4
1.019000E-7	6.424141E-4
1.020000E-7	5.567584E-4
1.021000E-7	3.854470E-4
1.022000E-7	2.997913E-4
1.023000E-7	7.708645E-5
1.024000E-7	-1.370528E-4
1.025000E-7	-2.912331E-4
1.026000E-7	-5.310690E-4
1.027000E-7	-5.310690E-4
1.028000E-7	-3.169298E-4
1.029000E-7	-2.055774E-4
1.030000E-7	-9.422495E-5
1.031000E-7	8.561889E-6
1.032000E-7	-5.996267E-5
1.033000E-7	-8.565938E-5
1.034000E-7	5.995531E-5
1.035000E-7	2.826601E-4
1.036000E-7	4.282748E-4
1.037000E-7	3.940125E-4
1.038000E-7	1.027832E-4
1.039000E-7	-1.541839E-4
1.040000E-7	-4.539789E-4
1.041000E-7	-7.366427E-4
1.042000E-7	-6.509870E-4
1.043000E-7	-5.738969E-4
1.044000E-7	-1.798807E-4
1.045000E-7	-3.681635E-9
1.046000E-7	1.456110E-4
1.047000E-7	-5.139710E-5
1.048000E-7	-1.113561E-4
1.049000E-7	-2.055774E-4
1.050000E-7	-2.570039E-5
1.051000E-7	2.826601E-4
1.052000E-7	7.537665E-4
1.053000E-7	1.207742E-3
1.054000E-7	1.113520E-3
1.055000E-7	9.079468E-4
1.056000E-7	3.254880E-4
1.057000E-7	-2.997986E-4
1.058000E-7	-8.736918E-4
1.059000E-7	-1.070700E-3
1.060000E-7	-1.062134E-3
1.061000E-7	-9.850443E-4
1.062000E-7	-6.938149E-4
1.063000E-7	-4.282822E-4
1.064000E-7	-1.284872E-4
1.065000E-7	-1.113561E-4
1.066000E-7	-8.569252E-6
1.067000E-7	5.138974E-5
1.068000E-7	2.826601E-4
1.069000E-7	4.454060E-4
1.070000E-7	6.595452E-4
1.071000E-7	6.681108E-4
1.072000E-7	5.995862E-4
1.073000E-7	4.368404E-4
1.074000E-7	-3.426596E-5
1.075000E-7	-3.169298E-4
1.076000E-7	-4.711100E-4
1.077000E-7	-4.197166E-4
1.078000E-7	-3.854543E-4
1.079000E-7	-3.683232E-4
1.080000E-7	-4.968068E-4
1.081000E-7	-5.139379E-4
1.082000E-7	-4.197166E-4
1.083000E-7	-1.541839E-4
1.084000E-7	1.370454E-4
1.085000E-7	4.111437E-4
1.086000E-7	6.167174E-4
1.087000E-7	6.681108E-4
1.088000E-7	7.023731E-4
1.089000E-7	7.280698E-4
1.090000E-7	7.109386E-4
1.091000E-7	6.595452E-4
1.092000E-7	6.509797E-4
1.093000E-7	5.481928E-4
1.094000E-7	4.454060E-4
1.095000E-7	1.541766E-4
1.096000E-7	5.138974E-5
1.097000E-7	8.565202E-5
1.098000E-7	1.541766E-4
1.099000E-7	1.370454E-4
1.100000E-7	5.138974E-5
1.101000E-7	-1.284872E-4
1.102000E-7	-4.454133E-4
1.103000E-7	-5.567657E-4
1.104000E-7	-5.396346E-4
1.105000E-7	-1.713151E-4
1.106000E-7	2.312667E-4
1.107000E-7	7.109386E-4
1.108000E-7	8.479878E-4
1.109000E-7	8.394222E-4
1.110000E-7	5.567584E-4
1.111000E-7	3.597503E-4
1.112000E-7	2.483979E-4
1.113000E-7	1.199143E-4
1.114000E-7	1.970044E-4
1.115000E-7	2.740946E-4
1.116000E-7	2.055700E-4
1.117000E-7	-3.681635E-9
1.118000E-7	-1.199217E-4
1.119000E-7	-2.655364E-4
1.120000E-7	-1.713482E-5
1.121000E-7	2.569303E-5
1.122000E-7	2.227011E-4
1.123000E-7	3.768814E-4
1.124000E-7	3.768814E-4
1.125000E-7	2.826601E-4
1.126000E-7	2.912257E-4
1.127000E-7	3.169224E-4
1.128000E-7	3.426191E-4
1.129000E-7	4.025781E-4
1.130000E-7	3.940125E-4
1.131000E-7	4.454060E-4
1.132000E-7	3.083568E-4
1.133000E-7	3.425860E-5
1.134000E-7	-5.996267E-5
1.135000E-7	-1.113561E-4
1.136000E-7	-4.283153E-5
1.137000E-7	8.565202E-5
1.138000E-7	-1.713482E-5
1.139000E-7	1.113487E-4
1.140000E-7	8.561889E-6
1.141000E-7	5.995531E-5
1.142000E-7	1.884389E-4
1.143000E-7	2.398323E-4
1.144000E-7	1.798733E-4
1.145000E-7	1.027832E-4
1.146000E-7	-1.713482E-5
1.147000E-7	-7.709381E-5
1.148000E-7	6.852088E-5
1.149000E-7	2.740946E-4
1.150000E-7	5.053650E-4
1.151000E-7	4.967994E-4
1.152000E-7	4.111437E-4
1.153000E-7	2.483979E-4
1.154000E-7	8.565202E-5
1.155000E-7	-9.422495E-5
1.156000E-7	-1.199217E-4
1.157000E-7	5.995531E-5
1.158000E-7	2.141356E-4
1.159000E-7	4.111437E-4
1.160000E-7	5.139305E-4
1.161000E-7	7.280698E-4
1.162000E-7	8.651189E-4
1.163000E-7	8.651189E-4
1.164000E-7	8.051599E-4
1.165000E-7	5.653239E-4
1.166000E-7	3.340536E-4
1.167000E-7	2.141356E-4
1.168000E-7	3.254880E-4
1.169000E-7	3.768814E-4
1.170000E-7	3.940125E-4
1.171000E-7	2.055700E-4
1.172000E-7	-1.713151E-4
1.173000E-7	-5.139379E-4
1.174000E-7	-6.424214E-4
1.175000E-7	-7.709050E-4
1.176000E-7	-4.368478E-4
1.177000E-7	1.370454E-4
1.178000E-7	6.252829E-4
1.179000E-7	1.053561E-3
1.180000E-7	1.164914E-3
1.181000E-7	1.002168E-3
1.182000E-7	7.195042E-4
1.183000E-7	2.740946E-4
1.184000E-7	2.569303E-5
1.185000E-7	-1.370528E-4
1.186000E-7	-8.565938E-5
1.187000E-7	1.199143E-4
1.188000E-7	7.708645E-5
1.189000E-7	-2.570039E-5
1.190000E-7	-2.398396E-4
1.191000E-7	-3.254953E-4
1.192000E-7	-3.940199E-4
1.193000E-7	-3.426265E-4
1.194000E-7	-2.826675E-4
1.195000E-7	-7.709381E-5
1.196000E-7	9.421759E-5
1.197000E-7	1.884389E-4
1.198000E-7	2.569634E-4
1.199000E-7	1.970044E-4
1.200000E-7	1.884389E-4
1.201000E-7	2.826601E-4
1.202000E-7	3.940125E-4
1.203000E-7	5.396272E-4
1.204000E-7	5.224961E-4
1.205000E-7	4.368404E-4
1.206000E-7	4.197093E-4
1.207000E-7	4.025781E-4
1.208000E-7	3.254880E-4
1.209000E-7	3.426191E-4
1.210000E-7	2.997913E-4
1.211000E-7	3.340536E-4
1.212000E-7	2.912257E-4
1.213000E-7	3.169224E-4
1.214000E-7	4.111437E-4
1.215000E-7	2.398323E-4
1.216000E-7	1.370454E-4
1.217000E-7	-3.426596E-5
1.218000E-7	-1.970118E-4
1.219000E-7	-2.227085E-4
1.220000E-7	-2.570039E-5
1.221000E-7	2.483979E-4
1.222000E-7	3.597503E-4
1.223000E-7	3.083568E-4
1.224000E-7	1.027832E-4
1.225000E-7	-1.627495E-4
1.226000E-7	-2.912331E-4
1.227000E-7	-2.997986E-4
1.228000E-7	-2.655364E-4
1.229000E-7	-5.139710E-5
1.230000E-7	-9.422495E-5
1.231000E-7	-2.398396E-4
1.232000E-7	-2.912331E-4
1.233000E-7	-5.053723E-4
1.234000E-7	-4.454133E-4
1.235000E-7	-2.055774E-4
1.236000E-7	1.713077E-4
1.237000E-7	4.197093E-4
1.238000E-7	6.081518E-4
1.239000E-7	5.310617E-4
1.240000E-7	5.653239E-4
1.241000E-7	4.282748E-4
1.242000E-7	3.426191E-4
1.243000E-7	3.511847E-4
1.244000E-7	1.284799E-4
1.245000E-7	9.421759E-5
1.246000E-7	1.712746E-5
1.247000E-7	-1.456184E-4
1.248000E-7	-1.456184E-4
1.249000E-7	-2.055774E-4
1.250000E-7	-1.284872E-4
1.251000E-7	-9.422495E-5
1.252000E-7	-1.713151E-4
1.253000E-7	-2.398396E-4
1.254000E-7	-2.398396E-4
1.255000E-7	-2.227085E-4
1.256000E-7	-1.027905E-4
1.257000E-7	3.511847E-4
1.258000E-7	7.109386E-4
1.259000E-7	1.019299E-3
1.260000E-7	1.087824E-3
1.261000E-7	8.308566E-4
1.262000E-7	5.139305E-4
1.263000E-7	1.027832E-4
1.264000E-7	8.561889E-6
1.265000E-7	7.708645E-5
1.266000E-7	2.055700E-4
1.267000E-7	2.569634E-4
1.268000E-7	3.340536E-4
1.269000E-7	9.421759E-5
1.270000E-7	-1.713151E-4
1.271000E-7	-2.569708E-4
1.272000E-7	-3.254953E-4
1.273000E-7	-2.227085E-4
1.274000E-7	-2.570039E-5
1.275000E-7	8.561889E-6
1.276000E-7	1.199143E-4
1.277000E-7	2.227011E-4
1.278000E-7	3.169224E-4
1.279000E-7	4.711027E-4
1.280000E-7	5.738895E-4
1.281000E-7	6.595452E-4
1.282000E-7	5.224961E-4
1.283000E-7	3.169224E-4
1.284000E-7	1.713077E-4
1.285000E-7	1.713077E-4
1.286000E-7	3.425860E-5
1.287000E-7	1.113487E-4
1.288000E-7	1.713077E-4
1.289000E-7	1.456110E-4
1.290000E-7	4.282417E-5
1.291000E-7	8.561889E-6
1.292000E-7	-8.569252E-6
1.293000E-7	9.421759E-5
1.294000E-7	3.426191E-4
1.295000E-7	4.025781E-4
1.296000E-7	3.768814E-4
1.297000E-7	3.340536E-4
1.298000E-7	1.284799E-4
1.299000E-7	-9.422495E-5
1.300000E-7	-2.826675E-4
1.301000E-7	-2.569708E-4
1.302000E-7	-3.426265E-4
1.303000E-7	-2.569708E-4
1.304000E-7	-9.422495E-5
1.305000E-7	1.712746E-5
1.306000E-7	-9.422495E-5
1.307000E-7	-3.426596E-5
1.308000E-7	8.561889E-6
1.309000E-7	1.199143E-4
1.310000E-7	4.111437E-4
1.311000E-7	5.738895E-4
1.312000E-7	6.938075E-4
1.313000E-7	5.567584E-4
1.314000E-7	2.740946E-4
1.315000E-7	8.561889E-6
1.316000E-7	7.708645E-5
1.317000E-7	1.627422E-4
1.318000E-7	1.970044E-4
1.319000E-7	1.798733E-4
1.320000E-7	1.113487E-4
1.321000E-7	-7.709381E-5
1.322000E-7	-4.111510E-4
1.323000E-7	-5.139379E-4
1.324000E-7	-3.254953E-4
1.325000E-7	-8.565938E-5
1.326000E-7	1.113487E-4
1.327000E-7	2.141356E-4
1.328000E-7	1.370454E-4
1.329000E-7	-9.422495E-5
1.330000E-7	-2.912331E-4
1.331000E-7	-2.055774E-4
1.332000E-7	-1.456184E-4
1.333000E-7	1.712746E-5
1.334000E-7	9.421759E-5
1.335000E-7	7.708645E-5
1.336000E-7	-5.996267E-5
1.337000E-7	-2.227085E-4
1.338000E-7	-2.312741E-4
1.339000E-7	-2.997986E-4
1.340000E-7	-6.852824E-5
1.341000E-7	2.055700E-4
1.342000E-7	3.854470E-4
1.343000E-7	5.396272E-4
1.344000E-7	5.139305E-4
1.345000E-7	3.169224E-4
1.346000E-7	3.169224E-4
1.347000E-7	2.912257E-4
1.348000E-7	3.683158E-4
1.349000E-7	4.796682E-4
1.350000E-7	4.368404E-4
1.351000E-7	4.368404E-4
1.352000E-7	1.284799E-4
1.353000E-7	-1.541839E-4
1.354000E-7	-3.083642E-4
1.355000E-7	-4.368478E-4
1.356000E-7	-3.854543E-4
1.357000E-7	-1.370528E-4
1.358000E-7	2.740946E-4
1.359000E-7	5.567584E-4
1.360000E-7	8.308566E-4
1.361000E-7	8.565533E-4
1.362000E-7	8.051599E-4
1.363000E-7	7.109386E-4
1.364000E-7	5.053650E-4
1.365000E-7	3.254880E-4
1.366000E-7	1.199143E-4
1.367000E-7	9.421759E-5
1.368000E-7	-6.852824E-5
1.369000E-7	-6.852824E-5
1.370000E-7	-2.484052E-4
1.371000E-7	-1.713151E-4
1.372000E-7	-1.284872E-4
1.373000E-7	-1.713151E-4
1.374000E-7	-1.370528E-4
1.375000E-7	-2.655364E-4
1.376000E-7	-3.083642E-4
1.377000E-7	-3.940199E-4
1.378000E-7	-2.141429E-4
1.379000E-7	1.199143E-4
1.380000E-7	3.254880E-4
1.381000E-7	5.910207E-4
1.382000E-7	6.424141E-4
1.383000E-7	5.310617E-4
1.384000E-7	4.967994E-4
1.385000E-7	4.539715E-4
1.386000E-7	2.826601E-4
1.387000E-7	2.227011E-4
1.388000E-7	2.655290E-4
1.389000E-7	2.826601E-4
1.390000E-7	6.852088E-5
1.391000E-7	5.995531E-5
1.392000E-7	-1.456184E-4
1.393000E-7	-1.970118E-4
1.394000E-7	-1.199217E-4
1.395000E-7	-9.422495E-5
1.396000E-7	1.884389E-4
1.397000E-7	3.340536E-4
1.398000E-7	4.025781E-4
1.399000E-7	4.967994E-4
1.400000E-7	5.053650E-4
1.401000E-7	4.539715E-4
1.402000E-7	5.567584E-4
1.403000E-7	4.711027E-4
1.404000E-7	3.768814E-4
1.405000E-7	8.565202E-5
1.406000E-7	-2.312741E-4
1.407000E-7	-3.940199E-4
1.408000E-7	-4.454133E-4
1.409000E-7	-3.426265E-4
1.410000E-7	-1.370528E-4
1.411000E-7	8.565202E-5
1.412000E-7	1.713077E-4
1.413000E-7	2.655290E-4
1.414000E-7	2.398323E-4
1.415000E-7	6.852088E-5
1.416000E-7	-6.852824E-5
1.417000E-7	-5.996267E-5
1.418000E-7	3.425860E-5
1.419000E-7	2.055700E-4
1.420000E-7	2.997913E-4
1.421000E-7	2.997913E-4
1.422000E-7	2.312667E-4
1.423000E-7	9.421759E-5
1.424000E-7	-2.570039E-5
1.425000E-7	-3.683232E-4
1.426000E-7	-5.225035E-4
1.427000E-7	-6.167247E-4
1.428000E-7	-6.509870E-4
1.429000E-7	-6.338559E-4
1.430000E-7	-4.539789E-4
1.431000E-7	-4.882412E-4
1.432000E-7	-3.940199E-4
1.433000E-7	-5.139379E-4
1.434000E-7	-6.424214E-4
1.435000E-7	-4.711100E-4
1.436000E-7	-3.683232E-4
1.437000E-7	3.425860E-5
1.438000E-7	3.340536E-4
1.439000E-7	7.965943E-4
1.440000E-7	9.250779E-4
1.441000E-7	7.965943E-4
1.442000E-7	5.139305E-4
1.443000E-7	5.139305E-4
1.444000E-7	4.197093E-4
1.445000E-7	4.197093E-4
1.446000E-7	4.454060E-4
1.447000E-7	5.995862E-4
1.448000E-7	4.197093E-4
1.449000E-7	3.426191E-4
1.450000E-7	1.113487E-4
1.451000E-7	-2.570039E-5
1.452000E-7	-8.565938E-5
1.453000E-7	-5.139710E-5
1.454000E-7	1.199143E-4
1.455000E-7	2.826601E-4
1.456000E-7	4.025781E-4
1.457000E-7	4.967994E-4
1.458000E-7	3.940125E-4
1.459000E-7	1.027832E-4
1.460000E-7	1.113487E-4
1.461000E-7	9.421759E-5
1.462000E-7	1.027832E-4
1.463000E-7	2.141356E-4
1.464000E-7	2.569634E-4
1.465000E-7	2.312667E-4
1.466000E-7	2.826601E-4
1.467000E-7	2.912257E-4
1.468000E-7	3.683158E-4
1.469000E-7	5.910207E-4
1.470000E-7	6.252829E-4
1.471000E-7	6.938075E-4
1.472000E-7	5.653239E-4
1.473000E-7	5.053650E-4
1.474000E-7	3.511847E-4
1.475000E-7	4.025781E-4
1.476000E-7	5.310617E-4
1.477000E-7	5.139305E-4
1.478000E-7	4.882338E-4
1.479000E-7	3.340536E-4
1.480000E-7	-3.426596E-5
1.481000E-7	-2.398396E-4
1.482000E-7	-4.711100E-4
1.483000E-7	-5.567657E-4
1.484000E-7	-5.653313E-4
1.485000E-7	-4.796756E-4
1.486000E-7	-3.083642E-4
1.487000E-7	-1.541839E-4
1.488000E-7	9.421759E-5
1.489000E-7	2.997913E-4
1.490000E-7	4.282748E-4
1.491000E-7	3.854470E-4
1.492000E-7	2.312667E-4
1.493000E-7	-1.027905E-4
1.494000E-7	-2.055774E-4
1.495000E-7	-3.426265E-4
1.496000E-7	-2.227085E-4
1.497000E-7	-1.456184E-4
1.498000E-7	-8.569252E-6
1.499000E-7	1.113487E-4
1.500000E-7	1.541766E-4
1.501000E-7	8.561889E-6
1.502000E-7	6.852088E-5
1.503000E-7	1.712746E-5
1.504000E-7	-8.569252E-6
1.505000E-7	1.712746E-5
1.506000E-7	5.995531E-5
1.507000E-7	3.425860E-5
1.508000E-7	6.852088E-5
1.509000E-7	1.798733E-4
1.510000E-7	2.740946E-4
1.511000E-7	3.083568E-4
1.512000E-7	1.884389E-4
1.513000E-7	-2.570039E-5
1.514000E-7	-2.141429E-4
1.515000E-7	-3.683232E-4
1.516000E-7	-2.569708E-4
1.517000E-7	-9.422495E-5
1.518000E-7	1.284799E-4
1.519000E-7	4.625371E-4
1.520000E-7	4.711027E-4
1.521000E-7	4.711027E-4
1.522000E-7	1.970044E-4
1.523000E-7	-1.199217E-4
1.524000E-7	-3.083642E-4
1.525000E-7	-3.940199E-4
1.526000E-7	-3.426265E-4
1.527000E-7	-5.996267E-5
1.528000E-7	1.113487E-4
1.529000E-7	2.141356E-4
1.530000E-7	2.483979E-4
1.531000E-7	1.113487E-4
1.532000E-7	-5.996267E-5
1.533000E-7	1.712746E-5
1.534000E-7	1.884389E-4
1.535000E-7	3.254880E-4
1.536000E-7	3.511847E-4
1.537000E-7	2.055700E-4
1.538000E-7	1.712746E-5
1.539000E-7	-2.398396E-4
1.540000E-7	-4.539789E-4
1.541000E-7	-3.597576E-4
1.542000E-7	-1.456184E-4
1.543000E-7	5.138974E-5
1.544000E-7	3.426191E-4
1.545000E-7	2.483979E-4
1.546000E-7	2.912257E-4
1.547000E-7	1.370454E-4
1.548000E-7	-8.565938E-5
1.549000E-7	-1.027905E-4
1.550000E-7	-2.570039E-5
1.551000E-7	1.970044E-4
1.552000E-7	5.139305E-4
1.553000E-7	7.195042E-4
1.554000E-7	5.824551E-4
1.555000E-7	1.798733E-4
1.556000E-7	-1.456184E-4
1.557000E-7	-4.796756E-4
1.558000E-7	-3.254953E-4
1.559000E-7	-1.541839E-4
1.560000E-7	5.995531E-5
1.561000E-7	3.597503E-4
1.562000E-7	4.625371E-4
1.563000E-7	4.796682E-4
1.564000E-7	3.854470E-4
1.565000E-7	2.141356E-4
1.566000E-7	1.284799E-4
1.567000E-7	1.798733E-4
1.568000E-7	2.655290E-4
1.569000E-7	2.655290E-4
1.570000E-7	3.768814E-4
1.571000E-7	3.511847E-4
1.572000E-7	4.025781E-4
1.573000E-7	2.312667E-4
1.574000E-7	8.565202E-5
1.575000E-7	6.852088E-5
1.576000E-7	4.282417E-5
1.577000E-7	1.199143E-4
1.578000E-7	1.627422E-4
1.579000E-7	2.826601E-4
1.580000E-7	3.169224E-4
1.581000E-7	1.970044E-4
1.582000E-7	8.565202E-5
1.583000E-7	7.708645E-5
1.584000E-7	-5.139710E-5
1.585000E-7	-2.826675E-4
1.586000E-7	-5.053723E-4
1.587000E-7	-5.482002E-4
1.588000E-7	-6.167247E-4
1.589000E-7	-3.854543E-4
1.590000E-7	-1.541839E-4
1.591000E-7	5.995531E-5
1.592000E-7	2.826601E-4
1.593000E-7	2.398323E-4
1.594000E-7	1.713077E-4
1.595000E-7	-5.139710E-5
1.596000E-7	-2.055774E-4
1.597000E-7	-1.541839E-4
1.598000E-7	-1.713482E-5
1.599000E-7	-3.426596E-5
1.600000E-7	-4.283153E-5
1.601000E-7	-8.565938E-5
1.602000E-7	-5.996267E-5
1.603000E-7	3.425860E-5
1.604000E-7	1.284799E-4
1.605000E-7	2.141356E-4
1.606000E-7	1.113487E-4
1.607000E-7	-5.139710E-5
1.608000E-7	-2.484052E-4
1.609000E-7	-2.312741E-4
1.610000E-7	-3.426596E-5
1.611000E-7	1.713077E-4
1.612000E-7	3.254880E-4
1.613000E-7	2.997913E-4
1.614000E-7	1.884389E-4
1.615000E-7	-8.569252E-6
1.616000E-7	-1.456184E-4
1.617000E-7	-7.709381E-5
1.618000E-7	1.884389E-4
1.619000E-7	5.053650E-4
1.620000E-7	5.995862E-4
1.621000E-7	6.424141E-4
1.622000E-7	4.454060E-4
1.623000E-7	2.055700E-4
1.624000E-7	5.995531E-5
1.625000E-7	-2.398396E-4
1.626000E-7	-4.025855E-4
1.627000E-7	-3.683232E-4
1.628000E-7	-2.484052E-4
1.629000E-7	-3.169298E-4
1.630000E-7	-2.655364E-4
1.631000E-7	-1.027905E-4
1.632000E-7	-1.713151E-4
1.633000E-7	-1.113561E-4
1.634000E-7	-1.370528E-4
1.635000E-7	-8.565938E-5
1.636000E-7	-6.852824E-5
1.637000E-7	-3.681635E-9
1.638000E-7	1.370454E-4
1.639000E-7	1.027832E-4
1.640000E-7	1.884389E-4
1.641000E-7	3.425860E-5
1.642000E-7	-3.681635E-9
1.643000E-7	-1.541839E-4
1.644000E-7	-1.798807E-4
1.645000E-7	-7.709381E-5
1.646000E-7	-3.681635E-9
1.647000E-7	2.826601E-4
1.648000E-7	5.910207E-4
1.649000E-7	7.880288E-4
1.650000E-7	7.452009E-4
1.651000E-7	6.509797E-4
1.652000E-7	4.967994E-4
1.653000E-7	3.683158E-4
1.654000E-7	8.565202E-5
1.655000E-7	-1.113561E-4
1.656000E-7	-2.741019E-4
1.657000E-7	-4.025855E-4
1.658000E-7	-2.484052E-4
1.659000E-7	-1.541839E-4
1.660000E-7	1.627422E-4
1.661000E-7	4.197093E-4
1.662000E-7	5.139305E-4
1.663000E-7	5.396272E-4
1.664000E-7	4.711027E-4
1.665000E-7	1.798733E-4
1.666000E-7	1.712746E-5
1.667000E-7	-6.852824E-5
1.668000E-7	-5.996267E-5
1.669000E-7	-7.709381E-5
1.670000E-7	1.284799E-4
1.671000E-7	2.312667E-4
1.672000E-7	3.169224E-4
1.673000E-7	4.625371E-4
1.674000E-7	4.111437E-4
1.675000E-7	2.997913E-4
1.676000E-7	2.569634E-4
1.677000E-7	1.199143E-4
1.678000E-7	1.541766E-4
1.679000E-7	7.708645E-5
1.680000E-7	4.282417E-5
1.681000E-7	1.712746E-5
1.682000E-7	-7.709381E-5
1.683000E-7	-3.426596E-5
1.684000E-7	-3.681635E-9
1.685000E-7	5.138974E-5
1.686000E-7	1.627422E-4
1.687000E-7	4.282417E-5
1.688000E-7	1.370454E-4
1.689000E-7	3.425860E-5
1.690000E-7	-9.422495E-5
1.691000E-7	-8.565938E-5
1.692000E-7	8.561889E-6
1.693000E-7	1.712746E-5
1.694000E-7	-8.569252E-6
1.695000E-7	-2.570039E-5
1.696000E-7	3.425860E-5
1.697000E-7	-1.027905E-4
1.698000E-7	-1.627495E-4
1.699000E-7	-2.570039E-5
1.700000E-7	2.055700E-4
1.701000E-7	3.254880E-4
1.702000E-7	5.310617E-4
1.703000E-7	4.539715E-4
1.704000E-7	2.740946E-4
1.705000E-7	8.565202E-5
1.706000E-7	4.282417E-5
1.707000E-7	-6.852824E-5
1.708000E-7	1.712746E-5
1.709000E-7	1.798733E-4
1.710000E-7	2.483979E-4
1.711000E-7	2.055700E-4
1.712000E-7	1.970044E-4
1.713000E-7	1.027832E-4
1.714000E-7	-3.426596E-5
1.715000E-7	-1.113561E-4
1.716000E-7	-3.426265E-4
1.717000E-7	-3.597576E-4
1.718000E-7	-4.111510E-4
1.719000E-7	-3.597576E-4
1.720000E-7	-3.254953E-4
1.721000E-7	-2.826675E-4
1.722000E-7	-1.713482E-5
1.723000E-7	-8.569252E-6
1.724000E-7	8.565202E-5
1.725000E-7	8.565202E-5
1.726000E-7	1.370454E-4
1.727000E-7	1.199143E-4
1.728000E-7	9.421759E-5
1.729000E-7	1.199143E-4
1.730000E-7	9.421759E-5
1.731000E-7	1.199143E-4
1.732000E-7	7.708645E-5
1.733000E-7	9.421759E-5
1.734000E-7	2.398323E-4
1.735000E-7	2.312667E-4
1.736000E-7	3.254880E-4
1.737000E-7	3.597503E-4
1.738000E-7	2.826601E-4
1.739000E-7	1.456110E-4
1.740000E-7	-2.570039E-5
1.741000E-7	-1.456184E-4
1.742000E-7	-6.852824E-5
1.743000E-7	-7.709381E-5
1.744000E-7	-1.713482E-5
1.745000E-7	3.083568E-4
1.746000E-7	3.854470E-4
1.747000E-7	5.310617E-4
1.748000E-7	7.023731E-4
1.749000E-7	7.965943E-4
1.750000E-7	8.822500E-4
1.751000E-7	8.651189E-4
1.752000E-7	6.681108E-4
1.753000E-7	5.396272E-4
1.754000E-7	4.282748E-4
1.755000E-7	2.569634E-4
1.756000E-7	2.055700E-4
1.757000E-7	3.425860E-5
1.758000E-7	-1.970118E-4
1.759000E-7	-3.340609E-4
1.760000E-7	-4.111510E-4
1.761000E-7	-3.940199E-4
1.762000E-7	-1.541839E-4
1.763000E-7	2.227011E-4
1.764000E-7	5.653239E-4
1.765000E-7	7.195042E-4
1.766000E-7	7.623321E-4
1.767000E-7	5.310617E-4
1.768000E-7	1.456110E-4
1.769000E-7	-2.826675E-4
1.770000E-7	-4.539789E-4
1.771000E-7	-3.683232E-4
1.772000E-7	-1.370528E-4
1.773000E-7	4.025781E-4
1.774000E-7	6.424141E-4
1.775000E-7	7.023731E-4
1.776000E-7	6.509797E-4
1.777000E-7	2.912257E-4
1.778000E-7	5.138974E-5
1.779000E-7	-5.139710E-5
1.780000E-7	-7.709381E-5
1.781000E-7	5.995531E-5
1.782000E-7	2.055700E-4
1.783000E-7	1.627422E-4
1.784000E-7	1.370454E-4
1.785000E-7	3.425860E-5
1.786000E-7	8.561889E-6
1.787000E-7	3.425860E-5
1.788000E-7	1.199143E-4
1.789000E-7	4.197093E-4
1.790000E-7	6.681108E-4
1.791000E-7	5.567584E-4
1.792000E-7	5.567584E-4
1.793000E-7	3.169224E-4
1.794000E-7	-4.283153E-5
1.795000E-7	-2.655364E-4
1.796000E-7	-4.197166E-4
1.797000E-7	-3.340609E-4
1.798000E-7	-2.141429E-4
1.799000E-7	-1.027905E-4
1.800000E-7	1.113487E-4
1.801000E-7	8.565202E-5
1.802000E-7	1.113487E-4
1.803000E-7	-1.713482E-5
1.804000E-7	-1.284872E-4
1.805000E-7	-1.970118E-4
1.806000E-7	-2.141429E-4
1.807000E-7	-1.113561E-4
1.808000E-7	8.565202E-5
1.809000E-7	1.713077E-4
1.810000E-7	3.425860E-5
1.811000E-7	-7.709381E-5
1.812000E-7	-1.456184E-4
1.813000E-7	-1.456184E-4
1.814000E-7	-7.709381E-5
1.815000E-7	1.456110E-4
1.816000E-7	3.083568E-4
1.817000E-7	3.426191E-4
1.818000E-7	2.912257E-4
1.819000E-7	2.312667E-4
1.820000E-7	2.912257E-4
1.821000E-7	1.798733E-4
1.822000E-7	2.997913E-4
1.823000E-7	4.197093E-4
1.824000E-7	3.597503E-4
1.825000E-7	2.826601E-4
1.826000E-7	1.884389E-4
1.827000E-7	-5.996267E-5
1.828000E-7	-1.456184E-4
1.829000E-7	-3.169298E-4
1.830000E-7	-4.025855E-4
1.831000E-7	-2.055774E-4
1.832000E-7	-8.569252E-6
1.833000E-7	1.113487E-4
1.834000E-7	2.826601E-4
1.835000E-7	1.199143E-4
1.836000E-7	-1.456184E-4
1.837000E-7	-4.711100E-4
1.838000E-7	-5.482002E-4
1.839000E-7	-6.424214E-4
1.840000E-7	-4.454133E-4
1.841000E-7	-1.456184E-4
1.842000E-7	1.284799E-4
1.843000E-7	4.282748E-4
1.844000E-7	5.910207E-4
1.845000E-7	6.509797E-4
1.846000E-7	4.539715E-4
1.847000E-7	2.655290E-4
1.848000E-7	2.398323E-4
1.849000E-7	2.312667E-4
1.850000E-7	2.483979E-4
1.851000E-7	2.312667E-4
1.852000E-7	8.561889E-6
1.853000E-7	-1.541839E-4
1.854000E-7	-2.484052E-4
1.855000E-7	-2.741019E-4
1.856000E-7	-9.422495E-5
1.857000E-7	2.569303E-5
1.858000E-7	3.597503E-4
1.859000E-7	5.224961E-4
1.860000E-7	4.967994E-4
1.861000E-7	4.025781E-4
1.862000E-7	2.312667E-4
1.863000E-7	1.713077E-4
1.864000E-7	1.284799E-4
1.865000E-7	1.370454E-4
1.866000E-7	5.138974E-5
1.867000E-7	6.852088E-5
1.868000E-7	1.712746E-5
1.869000E-7	-1.798807E-4
1.870000E-7	-2.484052E-4
1.871000E-7	-2.569708E-4
1.872000E-7	-2.312741E-4
1.873000E-7	-2.312741E-4
1.874000E-7	-1.713151E-4
1.875000E-7	-3.340609E-4
1.876000E-7	-2.141429E-4
1.877000E-7	-5.996267E-5
1.878000E-7	6.852088E-5
1.879000E-7	2.398323E-4
1.880000E-7	3.254880E-4
1.881000E-7	4.111437E-4
1.882000E-7	5.053650E-4
1.883000E-7	4.967994E-4
1.884000E-7	5.396272E-4
1.885000E-7	5.310617E-4
1.886000E-7	5.567584E-4
1.887000E-7	5.481928E-4
1.888000E-7	5.053650E-4
1.889000E-7	2.826601E-4
1.890000E-7	1.284799E-4
1.891000E-7	1.284799E-4
1.892000E-7	6.852088E-5
1.893000E-7	5.138974E-5
1.894000E-7	1.199143E-4
1.895000E-7	2.055700E-4
1.896000E-7	2.826601E-4
1.897000E-7	4.111437E-4
1.898000E-7	4.625371E-4
1.899000E-7	4.025781E-4
1.900000E-7	2.055700E-4
1.901000E-7	1.199143E-4
1.902000E-7	-5.996267E-5
1.903000E-7	-2.141429E-4
1.904000E-7	-1.199217E-4
1.905000E-7	-2.398396E-4
1.906000E-7	-1.627495E-4
1.907000E-7	-1.970118E-4
1.908000E-7	-2.484052E-4
1.909000E-7	-3.511921E-4
1.910000E-7	-3.426265E-4
1.911000E-7	-2.312741E-4
1.912000E-7	-1.199217E-4
1.913000E-7	1.627422E-4
1.914000E-7	2.055700E-4
1.915000E-7	3.340536E-4
1.916000E-7	2.912257E-4
1.917000E-7	2.483979E-4
1.918000E-7	3.854470E-4
1.919000E-7	2.912257E-4
1.920000E-7	2.055700E-4
1.921000E-7	1.884389E-4
1.922000E-7	1.113487E-4
1.923000E-7	8.561889E-6
1.924000E-7	1.712746E-5
1.925000E-7	1.712746E-5
1.926000E-7	7.708645E-5
1.927000E-7	2.569303E-5
1.928000E-7	-1.113561E-4
1.929000E-7	-3.340609E-4
1.930000E-7	-4.539789E-4
1.931000E-7	-4.197166E-4
1.932000E-7	-2.741019E-4
1.933000E-7	-1.027905E-4
1.934000E-7	-5.996267E-5
1.935000E-7	-7.709381E-5
1.936000E-7	-1.627495E-4
1.937000E-7	-1.970118E-4
1.938000E-7	-1.798807E-4
1.939000E-7	-6.852824E-5
1.940000E-7	5.138974E-5
1.941000E-7	2.398323E-4
1.942000E-7	3.426191E-4
1.943000E-7	3.940125E-4
1.944000E-7	3.169224E-4
1.945000E-7	1.456110E-4
1.946000E-7	2.141356E-4
1.947000E-7	5.138974E-5
1.948000E-7	4.282417E-5
1.949000E-7	1.199143E-4
1.950000E-7	1.027832E-4
1.951000E-7	2.055700E-4
1.952000E-7	2.655290E-4
1.953000E-7	2.483979E-4
1.954000E-7	2.398323E-4
1.955000E-7	1.970044E-4
1.956000E-7	8.565202E-5
1.957000E-7	7.708645E-5
1.958000E-7	5.995531E-5
1.959000E-7	2.569303E-5
1.960000E-7	1.627422E-4
1.961000E-7	1.798733E-4
1.962000E-7	1.970044E-4
1.963000E-7	2.055700E-4
1.964000E-7	8.565202E-5
1.965000E-7	-6.852824E-5
1.966000E-7	-1.798807E-4
1.967000E-7	-1.627495E-4
1.968000E-7	-4.283153E-5
1.969000E-7	4.282417E-5
1.970000E-7	3.425860E-5
1.971000E-7	1.456110E-4
1.972000E-7	1.541766E-4
1.973000E-7	2.912257E-4
1.974000E-7	3.597503E-4
1.975000E-7	3.597503E-4
1.976000E-7	2.740946E-4
1.977000E-7	3.254880E-4
1.978000E-7	3.340536E-4
1.979000E-7	4.282748E-4
1.980000E-7	4.625371E-4
1.981000E-7	5.481928E-4
1.982000E-7	5.653239E-4
1.983000E-7	4.197093E-4
1.984000E-7	3.940125E-4
1.985000E-7	3.083568E-4
1.986000E-7	1.713077E-4
1.987000E-7	9.421759E-5
1.988000E-7	-1.713482E-5
1.989000E-7	-2.655364E-4
1.990000E-7	-3.940199E-4
1.991000E-7	-2.569708E-4
1.992000E-7	-1.370528E-4
1.993000E-7	2.141356E-4
1.994000E-7	5.396272E-4
1.995000E-7	6.252829E-4
1.996000E-7	5.738895E-4
1.997000E-7	1.456110E-4
1.998000E-7	-3.597576E-4
1.999000E-7	-7.366427E-4
2.000000E-7	-9.250853E-4
2.001000E-7	-7.366427E-4
