Study Name	044_15
Sample Name	2024-10-02
Run Name	spot_00
Operator	Elena
Date	10/2/2024
Time	19:46
Sign	FIX
Grating Spacing	03.40um
Channel	3
Number Traces	2000
Files in Batch	6
Batch Number	196
dt	100.000001E-12
time stamp (ms)	8:23:11 PM
	
Time	Amplitude
0.000000E+0	-1.533244E-3
1.000000E-10	-1.027875E-3
2.000000E-10	-6.852521E-4
3.000000E-10	-1.884490E-4
4.000000E-10	5.138692E-5
5.000000E-10	-3.254982E-4
6.000000E-10	-4.968096E-4
7.000000E-10	-1.002178E-3
8.000000E-10	-9.165225E-4
9.000000E-10	-8.908258E-4
1.000000E-9	-8.308668E-4
1.100000E-9	-7.794734E-4
1.200000E-9	-6.424243E-4
1.300000E-9	-6.167275E-4
1.400000E-9	-7.537767E-4
1.500000E-9	-5.225063E-4
1.600000E-9	-4.711129E-4
1.700000E-9	-4.711129E-4
1.800000E-9	-6.509898E-4
1.900000E-9	-9.593504E-4
2.000000E-9	-1.336235E-3
2.100000E-9	-1.524678E-3
2.200000E-9	-1.216317E-3
2.300000E-9	-6.509898E-4
2.400000E-9	-6.497430E-9
2.500000E-9	6.766735E-4
2.600000E-9	6.852391E-4
2.700000E-9	5.053621E-4
2.800000E-9	1.113459E-4
2.900000E-9	-2.484080E-4
3.000000E-9	-5.396374E-4
3.100000E-9	-4.025883E-4
3.200000E-9	-1.970146E-4
3.300000E-9	2.398295E-4
3.400000E-9	6.509768E-4
3.500000E-9	8.479849E-4
3.600000E-9	8.394194E-4
3.700000E-9	6.509768E-4
3.800000E-9	1.713049E-4
3.900000E-9	-1.541868E-4
4.000000E-9	-3.169326E-4
4.100000E-9	-3.340637E-4
4.200000E-9	-5.996549E-5
4.300000E-9	2.997885E-4
4.400000E-9	5.567556E-4
4.500000E-9	7.280670E-4
4.600000E-9	5.567556E-4
4.700000E-9	2.055672E-4
4.800000E-9	-1.456212E-4
4.900000E-9	-3.169326E-4
5.000000E-9	-4.968096E-4
5.100000E-9	-4.111539E-4
5.200000E-9	-2.912359E-4
5.300000E-9	-1.370556E-4
5.400000E-9	-8.572068E-6
5.500000E-9	-2.227113E-4
5.600000E-9	-4.711129E-4
5.700000E-9	-7.537767E-4
5.800000E-9	-5.738997E-4
5.900000E-9	-4.625473E-4
6.000000E-9	-1.284900E-4
6.100000E-9	3.169196E-4
6.200000E-9	3.511819E-4
6.300000E-9	5.224933E-4
6.400000E-9	1.798705E-4
6.500000E-9	-6.497430E-9
6.600000E-9	-3.597604E-4
6.700000E-9	-7.023833E-4
6.800000E-9	-9.422192E-4
6.900000E-9	-9.764815E-4
7.000000E-9	-7.366455E-4
7.100000E-9	-5.310718E-4
7.200000E-9	-4.454161E-4
7.300000E-9	-9.422777E-5
7.400000E-9	-6.853106E-5
7.500000E-9	5.138692E-5
7.600000E-9	1.113459E-4
7.700000E-9	2.312639E-4
7.800000E-9	4.282720E-4
7.900000E-9	6.509768E-4
8.000000E-9	7.537637E-4
8.100000E-9	7.537637E-4
8.200000E-9	6.595424E-4
8.300000E-9	5.653211E-4
8.400000E-9	2.226983E-4
8.500000E-9	-2.570321E-5
8.600000E-9	-2.055802E-4
8.700000E-9	-1.456212E-4
8.800000E-9	9.421477E-5
8.900000E-9	2.997885E-4
9.000000E-9	4.025753E-4
9.100000E-9	2.826573E-4
9.200000E-9	-4.454161E-4
9.300000E-9	-1.139227E-3
9.400000E-9	-1.618899E-3
9.500000E-9	-1.875866E-3
9.600000E-9	-1.601768E-3
9.700000E-9	-8.479979E-4
9.800000E-9	-2.484080E-4
9.900000E-9	5.224933E-4
1.000000E-8	5.738867E-4
1.010000E-8	3.169196E-4
1.020000E-8	-8.572068E-6
1.030000E-8	-1.627523E-4
1.040000E-8	-1.970146E-4
1.050000E-8	5.995249E-5
1.060000E-8	3.597474E-4
1.070000E-8	5.139277E-4
1.080000E-8	7.537637E-4
1.090000E-8	7.537637E-4
1.100000E-8	5.396244E-4
1.110000E-8	4.368376E-4
1.120000E-8	1.970016E-4
1.130000E-8	-2.227113E-4
1.140000E-8	-5.824653E-4
1.150000E-8	-9.336536E-4
1.160000E-8	-9.336536E-4
1.170000E-8	-5.139407E-4
1.180000E-8	-1.456212E-4
1.190000E-8	2.226983E-4
1.200000E-8	2.655262E-4
1.210000E-8	-8.572068E-6
1.220000E-8	-2.141458E-4
1.230000E-8	-4.882440E-4
1.240000E-8	-3.854572E-4
1.250000E-8	-2.484080E-4
1.260000E-8	-9.422777E-5
1.270000E-8	-1.027933E-4
1.280000E-8	-3.340637E-4
1.290000E-8	-5.053751E-4
1.300000E-8	-6.681210E-4
1.310000E-8	-4.111539E-4
1.320000E-8	-1.199245E-4
1.330000E-8	2.312639E-4
1.340000E-8	3.683130E-4
1.350000E-8	6.167146E-4
1.360000E-8	6.681080E-4
1.370000E-8	6.081490E-4
1.380000E-8	7.708363E-5
1.390000E-8	-2.569736E-4
1.400000E-8	-8.565635E-4
1.410000E-8	-1.062137E-3
1.420000E-8	-1.062137E-3
1.430000E-8	-7.794734E-4
1.440000E-8	-5.139407E-4
1.450000E-8	-1.884490E-4
1.460000E-8	-3.340637E-4
1.470000E-8	-3.683260E-4
1.480000E-8	-4.625473E-4
1.490000E-8	-3.940227E-4
1.500000E-8	-2.998015E-4
1.510000E-8	-3.426878E-5
1.520000E-8	1.113459E-4
1.530000E-8	4.282720E-4
1.540000E-8	5.224933E-4
1.550000E-8	6.509768E-4
1.560000E-8	5.481900E-4
1.570000E-8	4.796654E-4
1.580000E-8	2.997885E-4
1.590000E-8	2.997885E-4
1.600000E-8	5.138692E-5
1.610000E-8	-3.597604E-4
1.620000E-8	-5.653341E-4
1.630000E-8	-6.167275E-4
1.640000E-8	-5.738997E-4
1.650000E-8	-4.711129E-4
1.660000E-8	-1.970146E-4
1.670000E-8	-7.709663E-5
1.680000E-8	1.284771E-4
1.690000E-8	2.312639E-4
1.700000E-8	2.398295E-4
1.710000E-8	5.653211E-4
1.720000E-8	4.625343E-4
1.730000E-8	4.796654E-4
1.740000E-8	1.284771E-4
1.750000E-8	-4.283435E-5
1.760000E-8	-4.025883E-4
1.770000E-8	-5.482030E-4
1.780000E-8	-3.768916E-4
1.790000E-8	-2.484080E-4
1.800000E-8	-5.996549E-5
1.810000E-8	1.541738E-4
1.820000E-8	1.284771E-4
1.830000E-8	3.425578E-5
1.840000E-8	-3.940227E-4
1.850000E-8	-6.167275E-4
1.860000E-8	-8.308668E-4
1.870000E-8	-9.422192E-4
1.880000E-8	-8.651291E-4
1.890000E-8	-5.824653E-4
1.900000E-8	-4.454161E-4
1.910000E-8	-2.398425E-4
1.920000E-8	-1.456212E-4
1.930000E-8	2.226983E-4
1.940000E-8	1.173477E-3
1.950000E-8	3.340566E-3
1.960000E-8	7.392081E-3
1.970000E-8	1.380769E-2
1.980000E-8	2.244179E-2
1.990000E-8	3.230076E-2
2.000000E-8	4.258801E-2
2.010000E-8	5.218145E-2
2.020000E-8	6.074702E-2
2.030000E-8	6.783931E-2
2.040000E-8	7.363820E-2
2.050000E-8	7.852914E-2
2.060000E-8	8.233225E-2
2.070000E-8	8.449934E-2
2.080000E-8	8.452504E-2
2.090000E-8	8.235795E-2
2.100000E-8	7.815226E-2
2.110000E-8	7.285017E-2
2.120000E-8	6.687997E-2
2.130000E-8	6.134661E-2
2.140000E-8	5.655845E-2
2.150000E-8	5.259259E-2
2.160000E-8	4.968030E-2
2.170000E-8	4.772735E-2
2.180000E-8	4.685366E-2
2.190000E-8	4.698215E-2
2.200000E-8	4.848112E-2
2.210000E-8	5.063108E-2
2.220000E-8	5.354337E-2
2.230000E-8	5.637001E-2
2.240000E-8	5.889685E-2
2.250000E-8	6.042153E-2
2.260000E-8	6.126952E-2
2.270000E-8	6.082411E-2
2.280000E-8	5.951358E-2
2.290000E-8	5.715804E-2
2.300000E-8	5.405731E-2
2.310000E-8	5.034841E-2
2.320000E-8	4.639112E-2
2.330000E-8	4.239100E-2
2.340000E-8	3.875920E-2
2.350000E-8	3.616383E-2
2.360000E-8	3.436506E-2
2.370000E-8	3.442502E-2
2.380000E-8	3.571842E-2
2.390000E-8	3.802256E-2
2.400000E-8	4.092629E-2
2.410000E-8	4.383002E-2
2.420000E-8	4.632260E-2
2.430000E-8	4.816419E-2
2.440000E-8	4.969743E-2
2.450000E-8	5.044264E-2
2.460000E-8	5.050260E-2
2.470000E-8	4.953469E-2
2.480000E-8	4.747038E-2
2.490000E-8	4.462661E-2
2.500000E-8	4.118325E-2
2.510000E-8	3.741440E-2
2.520000E-8	3.421088E-2
2.530000E-8	3.157269E-2
2.540000E-8	2.962830E-2
2.550000E-8	2.857474E-2
2.560000E-8	2.865183E-2
2.570000E-8	2.935420E-2
2.580000E-8	3.099879E-2
2.590000E-8	3.355133E-2
2.600000E-8	3.661781E-2
2.610000E-8	3.993268E-2
2.620000E-8	4.288780E-2
2.630000E-8	4.521764E-2
2.640000E-8	4.628833E-2
2.650000E-8	4.604850E-2
2.660000E-8	4.436965E-2
2.670000E-8	4.176571E-2
2.680000E-8	3.791977E-2
2.690000E-8	3.338002E-2
2.700000E-8	2.840342E-2
2.710000E-8	2.396646E-2
2.720000E-8	2.044601E-2
2.730000E-8	1.862154E-2
2.740000E-8	1.848449E-2
2.750000E-8	2.031753E-2
2.760000E-8	2.304994E-2
2.770000E-8	2.669031E-2
2.780000E-8	3.014223E-2
2.790000E-8	3.376547E-2
2.800000E-8	3.690047E-2
2.810000E-8	3.941875E-2
2.820000E-8	4.095198E-2
2.830000E-8	4.124321E-2
2.840000E-8	3.980420E-2
2.850000E-8	3.688334E-2
2.860000E-8	3.286609E-2
2.870000E-8	2.778670E-2
2.880000E-8	2.272445E-2
2.890000E-8	1.835601E-2
2.900000E-8	1.535806E-2
2.910000E-8	1.418458E-2
2.920000E-8	1.477560E-2
2.930000E-8	1.654011E-2
2.940000E-8	1.943527E-2
2.950000E-8	2.263880E-2
2.960000E-8	2.561961E-2
2.970000E-8	2.842912E-2
2.980000E-8	3.087031E-2
2.990000E-8	3.283182E-2
3.000000E-8	3.433080E-2
3.010000E-8	3.475908E-2
3.020000E-8	3.362842E-2
3.030000E-8	3.124719E-2
3.040000E-8	2.768392E-2
3.050000E-8	2.314416E-2
3.060000E-8	1.877572E-2
3.070000E-8	1.510966E-2
3.080000E-8	1.242864E-2
3.090000E-8	1.143503E-2
3.100000E-8	1.176909E-2
3.110000E-8	1.324236E-2
3.120000E-8	1.558077E-2
3.130000E-8	1.820183E-2
3.140000E-8	2.108843E-2
3.150000E-8	2.409494E-2
3.160000E-8	2.706720E-2
3.170000E-8	2.940560E-2
3.180000E-8	3.105875E-2
3.190000E-8	3.151273E-2
3.200000E-8	3.086174E-2
3.210000E-8	2.902015E-2
3.220000E-8	2.619351E-2
3.230000E-8	2.287007E-2
3.240000E-8	1.961515E-2
3.250000E-8	1.671999E-2
3.260000E-8	1.439872E-2
3.270000E-8	1.262564E-2
3.280000E-8	1.170913E-2
3.290000E-8	1.142646E-2
3.300000E-8	1.196610E-2
3.310000E-8	1.334515E-2
3.320000E-8	1.516105E-2
3.330000E-8	1.766220E-2
3.340000E-8	2.048027E-2
3.350000E-8	2.296429E-2
3.360000E-8	2.507142E-2
3.370000E-8	2.657896E-2
3.380000E-8	2.693015E-2
3.390000E-8	2.625347E-2
3.400000E-8	2.484015E-2
3.410000E-8	2.211630E-2
3.420000E-8	1.890421E-2
3.430000E-8	1.531523E-2
3.440000E-8	1.164060E-2
3.450000E-8	8.188679E-3
3.460000E-8	5.627573E-3
3.470000E-8	4.539746E-3
3.480000E-8	5.010852E-3
3.490000E-8	6.801056E-3
3.500000E-8	9.584867E-3
3.510000E-8	1.313101E-2
3.520000E-8	1.695982E-2
3.530000E-8	2.029183E-2
3.540000E-8	2.293002E-2
3.550000E-8	2.500289E-2
3.560000E-8	2.605646E-2
3.570000E-8	2.613355E-2
3.580000E-8	2.496006E-2
3.590000E-8	2.269875E-2
3.600000E-8	1.910978E-2
3.610000E-8	1.491265E-2
3.620000E-8	1.025298E-2
3.630000E-8	6.141507E-3
3.640000E-8	3.083599E-3
3.650000E-8	1.576058E-3
3.660000E-8	1.824460E-3
3.670000E-8	3.914459E-3
3.680000E-8	7.426343E-3
3.690000E-8	1.152925E-2
3.700000E-8	1.595765E-2
3.710000E-8	1.995777E-2
3.720000E-8	2.305851E-2
3.730000E-8	2.489154E-2
3.740000E-8	2.544830E-2
3.750000E-8	2.459175E-2
3.760000E-8	2.263880E-2
3.770000E-8	1.949523E-2
3.780000E-8	1.556363E-2
3.790000E-8	1.130655E-2
3.800000E-8	6.989499E-3
3.810000E-8	3.443353E-3
3.820000E-8	8.394194E-4
3.830000E-8	-1.199245E-4
3.840000E-8	6.252801E-4
3.850000E-8	2.809501E-3
3.860000E-8	5.961630E-3
3.870000E-8	9.567735E-3
3.880000E-8	1.327663E-2
3.890000E-8	1.656581E-2
3.900000E-8	1.916974E-2
3.910000E-8	2.060876E-2
3.920000E-8	2.138822E-2
3.930000E-8	2.094281E-2
3.940000E-8	1.956376E-2
3.950000E-8	1.723392E-2
3.960000E-8	1.442441E-2
3.970000E-8	1.125515E-2
3.980000E-8	7.948843E-3
3.990000E-8	5.113639E-3
4.000000E-8	3.083599E-3
4.010000E-8	1.815894E-3
4.020000E-8	1.730239E-3
4.030000E-8	2.826632E-3
4.040000E-8	4.848106E-3
4.050000E-8	7.571958E-3
4.060000E-8	1.035577E-2
4.070000E-8	1.292544E-2
4.080000E-8	1.476704E-2
4.090000E-8	1.594052E-2
4.100000E-8	1.674568E-2
4.110000E-8	1.718253E-2
4.120000E-8	1.718253E-2
4.130000E-8	1.671999E-2
4.140000E-8	1.517818E-2
4.150000E-8	1.283122E-2
4.160000E-8	9.644826E-3
4.170000E-8	6.364212E-3
4.180000E-8	3.674623E-3
4.190000E-8	1.721673E-3
4.200000E-8	8.565505E-4
4.210000E-8	1.027862E-3
4.220000E-8	1.764501E-3
4.230000E-8	3.374828E-3
4.240000E-8	5.661835E-3
4.250000E-8	7.974539E-3
4.260000E-8	1.060417E-2
4.270000E-8	1.319097E-2
4.280000E-8	1.522101E-2
4.290000E-8	1.671142E-2
4.300000E-8	1.722536E-2
4.310000E-8	1.674568E-2
4.320000E-8	1.497261E-2
4.330000E-8	1.242007E-2
4.340000E-8	9.156588E-3
4.350000E-8	5.653270E-3
4.360000E-8	2.364091E-3
4.370000E-8	-4.197194E-4
4.380000E-8	-2.235620E-3
4.390000E-8	-2.920866E-3
4.400000E-8	-2.389801E-3
4.410000E-8	-5.910308E-4
4.420000E-8	2.098558E-3
4.430000E-8	5.336344E-3
4.440000E-8	8.702613E-3
4.450000E-8	1.194896E-2
4.460000E-8	1.442441E-2
4.470000E-8	1.617179E-2
4.480000E-8	1.674568E-2
4.490000E-8	1.631740E-2
4.500000E-8	1.472421E-2
4.510000E-8	1.202605E-2
4.520000E-8	8.445646E-3
4.530000E-8	5.036549E-3
4.540000E-8	1.421878E-3
4.550000E-8	-1.464719E-3
4.560000E-8	-3.554718E-3
4.570000E-8	-4.394144E-3
4.580000E-8	-4.265660E-3
4.590000E-8	-2.663899E-3
4.600000E-8	4.967966E-4
4.610000E-8	4.265647E-3
4.620000E-8	8.582695E-3
4.630000E-8	1.248003E-2
4.640000E-8	1.534950E-2
4.650000E-8	1.663433E-2
4.660000E-8	1.623175E-2
4.670000E-8	1.445868E-2
4.680000E-8	1.151212E-2
4.690000E-8	8.377121E-3
4.700000E-8	5.233557E-3
4.710000E-8	2.715279E-3
4.720000E-8	5.053621E-4
4.730000E-8	-1.053572E-3
4.740000E-8	-2.149965E-3
4.750000E-8	-2.406932E-3
4.760000E-8	-2.329842E-3
4.770000E-8	-1.224883E-3
4.780000E-8	3.768786E-4
4.790000E-8	2.698148E-3
4.800000E-8	5.593311E-3
4.810000E-8	8.445646E-3
4.820000E-8	1.067269E-2
4.830000E-8	1.230015E-2
4.840000E-8	1.284835E-2
4.850000E-8	1.212884E-2
4.860000E-8	1.082687E-2
4.870000E-8	8.916752E-3
4.880000E-8	6.706835E-3
4.890000E-8	4.856672E-3
4.900000E-8	3.383394E-3
4.910000E-8	1.841591E-3
4.920000E-8	4.282720E-4
4.930000E-8	-8.993914E-4
4.940000E-8	-1.918694E-3
4.950000E-8	-2.098571E-3
4.960000E-8	-1.267711E-3
4.970000E-8	5.053621E-4
4.980000E-8	3.177820E-3
4.990000E-8	6.115811E-3
5.000000E-8	8.676916E-3
5.010000E-8	1.062987E-2
5.020000E-8	1.182905E-2
5.030000E-8	1.216310E-2
5.040000E-8	1.200036E-2
5.050000E-8	1.115237E-2
5.060000E-8	9.593432E-3
5.070000E-8	7.452040E-3
5.080000E-8	4.950893E-3
5.090000E-8	2.175648E-3
5.100000E-8	-3.083670E-4
5.110000E-8	-2.175661E-3
5.120000E-8	-3.357710E-3
5.130000E-8	-3.332013E-3
5.140000E-8	-2.364104E-3
5.150000E-8	-1.250580E-3
5.160000E-8	5.310589E-4
5.170000E-8	2.346960E-3
5.180000E-8	4.428393E-3
5.190000E-8	6.586917E-3
5.200000E-8	8.822531E-3
5.210000E-8	1.056134E-2
5.220000E-8	1.158064E-2
5.230000E-8	1.148642E-2
5.240000E-8	1.036433E-2
5.250000E-8	8.171547E-3
5.260000E-8	5.362040E-3
5.270000E-8	2.012902E-3
5.280000E-8	-8.822602E-4
5.290000E-8	-3.126440E-3
5.300000E-8	-4.993734E-3
5.310000E-8	-5.344922E-3
5.320000E-8	-4.796726E-3
5.330000E-8	-3.023653E-3
5.340000E-8	-5.910308E-4
5.350000E-8	2.484009E-3
5.360000E-8	5.490524E-3
5.370000E-8	8.651219E-3
5.380000E-8	1.128085E-2
5.390000E-8	1.257425E-2
5.400000E-8	1.277982E-2
5.410000E-8	1.161491E-2
5.420000E-8	9.207981E-3
5.430000E-8	6.201466E-3
5.440000E-8	2.766673E-3
5.450000E-8	-5.053751E-4
5.460000E-8	-3.100743E-3
5.470000E-8	-4.454103E-3
5.480000E-8	-4.839554E-3
5.490000E-8	-3.931603E-3
5.500000E-8	-2.612505E-3
5.510000E-8	-6.509898E-4
5.520000E-8	1.439009E-3
5.530000E-8	3.417656E-3
5.540000E-8	5.053680E-3
5.550000E-8	6.595483E-3
5.560000E-8	8.000236E-3
5.570000E-8	8.694047E-3
5.580000E-8	8.951014E-3
5.590000E-8	8.257203E-3
5.600000E-8	6.946671E-3
5.610000E-8	4.873803E-3
5.620000E-8	2.501140E-3
5.630000E-8	2.997885E-4
5.640000E-8	-1.207752E-3
5.650000E-8	-2.304145E-3
5.660000E-8	-2.706727E-3
5.670000E-8	-2.603940E-3
5.680000E-8	-2.209924E-3
5.690000E-8	-1.747383E-3
5.700000E-8	-1.096399E-3
5.710000E-8	1.456082E-4
5.720000E-8	1.781632E-3
5.730000E-8	3.760279E-3
5.740000E-8	5.773188E-3
5.750000E-8	7.314990E-3
5.760000E-8	8.188679E-3
5.770000E-8	8.120154E-3
5.780000E-8	6.826753E-3
5.790000E-8	5.113639E-3
5.800000E-8	3.451918E-3
5.810000E-8	1.807329E-3
5.820000E-8	5.824523E-4
5.830000E-8	-4.197194E-4
5.840000E-8	-1.430457E-3
5.850000E-8	-2.501153E-3
5.860000E-8	-3.220661E-3
5.870000E-8	-3.691767E-3
5.880000E-8	-3.486194E-3
5.890000E-8	-2.441194E-3
5.900000E-8	-8.394324E-4
5.910000E-8	1.301960E-3
5.920000E-8	3.323435E-3
5.930000E-8	5.199295E-3
5.940000E-8	6.775360E-3
5.950000E-8	7.786097E-3
5.960000E-8	8.060195E-3
5.970000E-8	7.786097E-3
5.980000E-8	6.578351E-3
5.990000E-8	4.496918E-3
6.000000E-8	2.038599E-3
6.010000E-8	-3.511949E-4
6.020000E-8	-2.689596E-3
6.030000E-8	-4.702505E-3
6.040000E-8	-5.816029E-3
6.050000E-8	-6.081561E-3
6.060000E-8	-5.439144E-3
6.070000E-8	-3.743161E-3
6.080000E-8	-1.413326E-3
6.090000E-8	1.379050E-3
6.100000E-8	4.197123E-3
6.110000E-8	6.835318E-3
6.120000E-8	8.796834E-3
6.130000E-8	9.970317E-3
6.140000E-8	1.000458E-2
6.150000E-8	8.968145E-3
6.160000E-8	7.109417E-3
6.170000E-8	4.505483E-3
6.180000E-8	1.439009E-3
6.190000E-8	-1.122096E-3
6.200000E-8	-3.246358E-3
6.210000E-8	-4.325619E-3
6.220000E-8	-4.582587E-3
6.230000E-8	-3.845948E-3
6.240000E-8	-2.381235E-3
6.250000E-8	-5.824653E-4
6.260000E-8	1.096386E-3
6.270000E-8	2.860894E-3
6.280000E-8	4.514049E-3
6.290000E-8	5.995893E-3
6.300000E-8	7.443474E-3
6.310000E-8	8.342859E-3
6.320000E-8	8.531301E-3
6.330000E-8	7.906015E-3
6.340000E-8	6.509827E-3
6.350000E-8	4.257082E-3
6.360000E-8	1.901550E-3
6.370000E-8	-3.340637E-4
6.380000E-8	-2.098571E-3
6.390000E-8	-3.169267E-3
6.400000E-8	-3.477628E-3
6.410000E-8	-3.152136E-3
6.420000E-8	-2.312710E-3
6.430000E-8	-1.027875E-3
6.440000E-8	6.167146E-4
6.450000E-8	2.535402E-3
6.460000E-8	4.025811E-3
6.470000E-8	5.336344E-3
6.480000E-8	6.090114E-3
6.490000E-8	6.501261E-3
6.500000E-8	6.210032E-3
6.510000E-8	5.404868E-3
6.520000E-8	4.282779E-3
6.530000E-8	2.501140E-3
6.540000E-8	1.087821E-3
6.550000E-8	-6.081620E-4
6.560000E-8	-1.833039E-3
6.570000E-8	-2.578243E-3
6.580000E-8	-2.663899E-3
6.590000E-8	-2.484022E-3
6.600000E-8	-1.764514E-3
6.610000E-8	-1.104965E-3
6.620000E-8	1.712464E-5
6.630000E-8	9.250751E-4
6.640000E-8	1.687411E-3
6.650000E-8	2.595361E-3
6.660000E-8	3.588967E-3
6.670000E-8	4.351303E-3
6.680000E-8	4.959459E-3
6.690000E-8	5.310647E-3
6.700000E-8	5.233557E-3
6.710000E-8	4.685360E-3
6.720000E-8	3.648926E-3
6.730000E-8	2.364091E-3
6.740000E-8	5.995834E-4
6.750000E-8	-1.156358E-3
6.760000E-8	-2.612505E-3
6.770000E-8	-3.914472E-3
6.780000E-8	-4.651111E-3
6.790000E-8	-4.702505E-3
6.800000E-8	-3.940169E-3
6.810000E-8	-2.535415E-3
6.820000E-8	-7.880390E-4
6.830000E-8	1.027862E-3
6.840000E-8	2.955115E-3
6.850000E-8	4.582574E-3
6.860000E-8	5.704663E-3
6.870000E-8	6.638310E-3
6.880000E-8	6.895277E-3
6.890000E-8	6.312819E-3
6.900000E-8	5.096508E-3
6.910000E-8	3.451918E-3
6.920000E-8	1.439009E-3
6.930000E-8	-5.738997E-4
6.940000E-8	-2.381235E-3
6.950000E-8	-3.597546E-3
6.960000E-8	-4.428406E-3
6.970000E-8	-4.771029E-3
6.980000E-8	-4.334185E-3
6.990000E-8	-3.237792E-3
7.000000E-8	-1.687424E-3
7.010000E-8	3.340507E-4
7.020000E-8	2.458312E-3
7.030000E-8	4.385565E-3
7.040000E-8	5.867409E-3
7.050000E-8	6.655442E-3
7.060000E-8	6.646876E-3
7.070000E-8	5.781753E-3
7.080000E-8	4.531180E-3
7.090000E-8	2.689583E-3
7.100000E-8	4.796654E-4
7.110000E-8	-1.447588E-3
7.120000E-8	-3.040784E-3
7.130000E-8	-4.445537E-3
7.140000E-8	-4.942340E-3
7.150000E-8	-4.685373E-3
7.160000E-8	-3.974431E-3
7.170000E-8	-2.252751E-3
7.180000E-8	-5.225063E-4
7.190000E-8	1.173477E-3
7.200000E-8	2.449747E-3
7.210000E-8	3.580402E-3
7.220000E-8	4.145729E-3
7.230000E-8	4.419828E-3
7.240000E-8	4.402697E-3
7.250000E-8	3.854500E-3
7.260000E-8	2.835197E-3
7.270000E-8	1.687411E-3
7.280000E-8	1.541738E-4
7.290000E-8	-1.027875E-3
7.300000E-8	-2.107137E-3
7.310000E-8	-2.878038E-3
7.320000E-8	-3.203530E-3
7.330000E-8	-3.152136E-3
7.340000E-8	-2.621071E-3
7.350000E-8	-1.875866E-3
7.360000E-8	-7.195144E-4
7.370000E-8	5.567556E-4
7.380000E-8	2.184214E-3
7.390000E-8	3.246345E-3
7.400000E-8	4.025811E-3
7.410000E-8	4.599705E-3
7.420000E-8	4.574008E-3
7.430000E-8	4.017246E-3
7.440000E-8	3.409090E-3
7.450000E-8	2.458312E-3
7.460000E-8	1.558927E-3
7.470000E-8	7.708948E-4
7.480000E-8	1.456082E-4
7.490000E-8	-1.002178E-3
7.500000E-8	-1.815907E-3
7.510000E-8	-2.646768E-3
7.520000E-8	-2.963694E-3
7.530000E-8	-3.083612E-3
7.540000E-8	-2.646768E-3
7.550000E-8	-1.730252E-3
7.560000E-8	-6.509898E-4
7.570000E-8	5.224933E-4
7.580000E-8	1.473272E-3
7.590000E-8	2.312697E-3
7.600000E-8	2.989377E-3
7.610000E-8	3.246345E-3
7.620000E-8	3.049336E-3
7.630000E-8	2.535402E-3
7.640000E-8	1.439009E-3
7.650000E-8	6.424113E-4
7.660000E-8	-1.627523E-4
7.670000E-8	-1.164924E-3
7.680000E-8	-1.687424E-3
7.690000E-8	-2.167096E-3
7.700000E-8	-2.449760E-3
7.710000E-8	-2.518284E-3
7.720000E-8	-2.346973E-3
7.730000E-8	-2.047178E-3
7.740000E-8	-1.301973E-3
7.750000E-8	-3.254982E-4
7.760000E-8	7.708948E-4
7.770000E-8	1.995771E-3
7.780000E-8	3.015074E-3
7.790000E-8	3.460484E-3
7.800000E-8	3.546140E-3
7.810000E-8	3.194951E-3
7.820000E-8	2.338394E-3
7.830000E-8	1.267698E-3
7.840000E-8	-1.284900E-4
7.850000E-8	-1.404760E-3
7.860000E-8	-2.552546E-3
7.870000E-8	-3.529021E-3
7.880000E-8	-3.828816E-3
7.890000E-8	-3.391972E-3
7.900000E-8	-2.629637E-3
7.910000E-8	-1.687424E-3
7.920000E-8	-6.338587E-4
7.930000E-8	5.824523E-4
7.940000E-8	1.387616E-3
7.950000E-8	2.252738E-3
7.960000E-8	2.997943E-3
7.970000E-8	3.477615E-3
7.980000E-8	3.383394E-3
7.990000E-8	2.946550E-3
8.000000E-8	2.115689E-3
8.010000E-8	1.259132E-3
8.020000E-8	2.826573E-4
8.030000E-8	-5.995964E-4
8.040000E-8	-1.447588E-3
8.050000E-8	-1.952956E-3
8.060000E-8	-2.141399E-3
8.070000E-8	-1.875866E-3
8.080000E-8	-1.276276E-3
8.090000E-8	-1.627523E-4
8.100000E-8	6.167146E-4
8.110000E-8	1.267698E-3
8.120000E-8	1.464706E-3
8.130000E-8	1.464706E-3
8.140000E-8	1.464706E-3
8.150000E-8	1.404747E-3
8.160000E-8	1.430444E-3
8.170000E-8	1.593190E-3
8.180000E-8	1.276263E-3
8.190000E-8	7.965915E-4
8.200000E-8	-7.709663E-5
8.210000E-8	-5.482030E-4
8.220000E-8	-1.242014E-3
8.230000E-8	-1.601768E-3
8.240000E-8	-1.781645E-3
8.250000E-8	-1.798776E-3
8.260000E-8	-1.961522E-3
8.270000E-8	-1.755948E-3
8.280000E-8	-1.233449E-3
8.290000E-8	-6.167275E-4
8.300000E-8	1.456082E-4
8.310000E-8	1.456140E-3
8.320000E-8	2.321263E-3
8.330000E-8	3.143558E-3
8.340000E-8	3.203517E-3
8.350000E-8	3.126427E-3
8.360000E-8	2.586796E-3
8.370000E-8	1.790198E-3
8.380000E-8	1.104952E-3
8.390000E-8	2.740917E-4
8.400000E-8	-3.254982E-4
8.410000E-8	-7.366455E-4
8.420000E-8	-1.062137E-3
8.430000E-8	-1.250580E-3
8.440000E-8	-1.361932E-3
8.450000E-8	-1.447588E-3
8.460000E-8	-1.267711E-3
8.470000E-8	-8.394324E-4
8.480000E-8	-4.882440E-4
8.490000E-8	-1.199245E-4
8.500000E-8	2.226983E-4
8.510000E-8	4.967966E-4
8.520000E-8	8.736817E-4
8.530000E-8	1.062124E-3
8.540000E-8	9.679029E-4
8.550000E-8	7.623292E-4
8.560000E-8	2.312639E-4
8.570000E-8	-3.768916E-4
8.580000E-8	-1.310539E-3
8.590000E-8	-2.064309E-3
8.600000E-8	-2.595374E-3
8.610000E-8	-2.595374E-3
8.620000E-8	-2.484022E-3
8.630000E-8	-2.132833E-3
8.640000E-8	-1.764514E-3
8.650000E-8	-1.310539E-3
8.660000E-8	-9.507848E-4
8.670000E-8	-2.484080E-4
8.680000E-8	6.681080E-4
8.690000E-8	1.421878E-3
8.700000E-8	2.346960E-3
8.710000E-8	2.646755E-3
8.720000E-8	2.381222E-3
8.730000E-8	1.327657E-3
8.740000E-8	2.312639E-4
8.750000E-8	-9.593504E-4
8.760000E-8	-1.687424E-3
8.770000E-8	-2.227055E-3
8.780000E-8	-2.449760E-3
8.790000E-8	-2.252751E-3
8.800000E-8	-2.201358E-3
8.810000E-8	-2.090006E-3
8.820000E-8	-1.730252E-3
8.830000E-8	-9.936126E-4
8.840000E-8	-3.169326E-4
8.850000E-8	5.224933E-4
8.860000E-8	1.079255E-3
8.870000E-8	1.644583E-3
8.880000E-8	1.995771E-3
8.890000E-8	1.901550E-3
8.900000E-8	1.524665E-3
8.910000E-8	8.394194E-4
8.920000E-8	3.683130E-4
8.930000E-8	-2.312769E-4
8.940000E-8	-5.053751E-4
8.950000E-8	-6.167275E-4
8.960000E-8	-5.225063E-4
8.970000E-8	-6.081620E-4
8.980000E-8	-8.736947E-4
8.990000E-8	-1.139227E-3
9.000000E-8	-1.447588E-3
9.010000E-8	-1.464719E-3
9.020000E-8	-1.301973E-3
9.030000E-8	-5.482030E-4
9.040000E-8	2.312639E-4
9.050000E-8	7.880260E-4
9.060000E-8	1.104952E-3
9.070000E-8	1.216304E-3
9.080000E-8	8.051571E-4
9.090000E-8	2.655262E-4
9.100000E-8	-3.426293E-4
9.110000E-8	-1.053572E-3
9.120000E-8	-1.387629E-3
9.130000E-8	-1.464719E-3
9.140000E-8	-1.276276E-3
9.150000E-8	-7.109488E-4
9.160000E-8	-1.284900E-4
9.170000E-8	2.483950E-4
9.180000E-8	3.768786E-4
9.190000E-8	4.796654E-4
9.200000E-8	1.713049E-4
9.210000E-8	4.282135E-5
9.220000E-8	2.055672E-4
9.230000E-8	4.454032E-4
9.240000E-8	8.822472E-4
9.250000E-8	1.113518E-3
9.260000E-8	1.224870E-3
9.270000E-8	9.679029E-4
9.280000E-8	7.708948E-4
9.290000E-8	3.511819E-4
9.300000E-8	-3.426878E-5
9.310000E-8	-3.254982E-4
9.320000E-8	-7.966045E-4
9.330000E-8	-1.379063E-3
9.340000E-8	-1.738817E-3
9.350000E-8	-2.115702E-3
9.360000E-8	-2.424063E-3
9.370000E-8	-2.543981E-3
9.380000E-8	-2.715292E-3
9.390000E-8	-2.398366E-3
9.400000E-8	-1.601768E-3
9.410000E-8	-8.651291E-4
9.420000E-8	-1.113589E-4
9.430000E-8	6.338457E-4
9.440000E-8	1.104952E-3
9.450000E-8	1.216304E-3
9.460000E-8	1.053559E-3
9.470000E-8	8.051571E-4
9.480000E-8	9.336407E-4
9.490000E-8	1.113518E-3
9.500000E-8	9.507718E-4
9.510000E-8	8.651161E-4
9.520000E-8	3.254852E-4
9.530000E-8	-4.282850E-4
9.540000E-8	-1.156358E-3
9.550000E-8	-1.276276E-3
9.560000E-8	-1.036440E-3
9.570000E-8	-3.340637E-4
9.580000E-8	5.824523E-4
9.590000E-8	1.199173E-3
9.600000E-8	1.207739E-3
9.610000E-8	8.394194E-4
9.620000E-8	3.768786E-4
9.630000E-8	5.995249E-5
9.640000E-8	1.884360E-4
9.650000E-8	3.083540E-4
9.660000E-8	6.424113E-4
9.670000E-8	4.882310E-4
9.680000E-8	6.851806E-5
9.690000E-8	-6.167275E-4
9.700000E-8	-1.250580E-3
9.710000E-8	-1.704555E-3
9.720000E-8	-1.541809E-3
9.730000E-8	-1.233449E-3
9.740000E-8	-4.796784E-4
9.750000E-8	-3.426878E-5
9.760000E-8	3.254852E-4
9.770000E-8	2.483950E-4
9.780000E-8	4.282135E-5
9.790000E-8	-1.284900E-4
9.800000E-8	-1.541868E-4
9.810000E-8	5.138692E-5
9.820000E-8	3.426163E-4
9.830000E-8	5.995834E-4
9.840000E-8	6.852391E-4
9.850000E-8	5.481900E-4
9.860000E-8	3.254852E-4
9.870000E-8	-4.283435E-5
9.880000E-8	-3.083670E-4
9.890000E-8	-5.824653E-4
9.900000E-8	-4.711129E-4
9.910000E-8	-1.627523E-4
9.920000E-8	3.425578E-5
9.930000E-8	1.627393E-4
9.940000E-8	2.398295E-4
9.950000E-8	1.627393E-4
9.960000E-8	7.708363E-5
9.970000E-8	2.226983E-4
9.980000E-8	3.854442E-4
9.990000E-8	5.396244E-4
1.000000E-7	7.451981E-4
1.001000E-7	3.940097E-4
1.002000E-7	-5.996549E-5
1.003000E-7	-6.167275E-4
1.004000E-7	-7.880390E-4
1.005000E-7	-6.081620E-4
1.006000E-7	-6.338587E-4
1.007000E-7	-2.741047E-4
1.008000E-7	-4.283435E-5
1.009000E-7	3.425578E-5
1.010000E-7	1.113459E-4
1.011000E-7	5.995249E-5
1.012000E-7	3.340507E-4
1.013000E-7	5.481900E-4
1.014000E-7	7.794604E-4
1.015000E-7	9.679029E-4
1.016000E-7	1.104952E-3
1.017000E-7	9.935996E-4
1.018000E-7	1.207739E-3
1.019000E-7	1.079255E-3
1.020000E-7	8.394194E-4
1.021000E-7	2.740917E-4
1.022000E-7	-6.424243E-4
1.023000E-7	-1.147793E-3
1.024000E-7	-1.627465E-3
1.025000E-7	-2.021481E-3
1.026000E-7	-2.064309E-3
1.027000E-7	-1.987219E-3
1.028000E-7	-1.833039E-3
1.029000E-7	-1.207752E-3
1.030000E-7	-5.225063E-4
1.031000E-7	3.254852E-4
1.032000E-7	8.736817E-4
1.033000E-7	1.644583E-3
1.034000E-7	1.901550E-3
1.035000E-7	1.910116E-3
1.036000E-7	1.327657E-3
1.037000E-7	5.139277E-4
1.038000E-7	1.541738E-4
1.039000E-7	-2.570321E-5
1.040000E-7	-6.497430E-9
1.041000E-7	1.199115E-4
1.042000E-7	3.768786E-4
1.043000E-7	5.995249E-5
1.044000E-7	-2.912359E-4
1.045000E-7	-6.252931E-4
1.046000E-7	-7.195144E-4
1.047000E-7	-4.368506E-4
1.048000E-7	5.995249E-5
1.049000E-7	5.567556E-4
1.050000E-7	6.681080E-4
1.051000E-7	6.681080E-4
1.052000E-7	5.824523E-4
1.053000E-7	4.368376E-4
1.054000E-7	4.625343E-4
1.055000E-7	4.710999E-4
1.056000E-7	4.197064E-4
1.057000E-7	4.368376E-4
1.058000E-7	6.851806E-5
1.059000E-7	-3.768916E-4
1.060000E-7	-9.850471E-4
1.061000E-7	-1.456153E-3
1.062000E-7	-1.404760E-3
1.063000E-7	-1.413326E-3
1.064000E-7	-1.190621E-3
1.065000E-7	-1.019309E-3
1.066000E-7	-5.567686E-4
1.067000E-7	-5.139407E-4
1.068000E-7	-4.796784E-4
1.069000E-7	-1.970146E-4
1.070000E-7	1.712464E-5
1.071000E-7	4.454032E-4
1.072000E-7	7.537637E-4
1.073000E-7	8.651161E-4
1.074000E-7	9.593374E-4
1.075000E-7	1.079255E-3
1.076000E-7	8.137227E-4
1.077000E-7	8.308538E-4
1.078000E-7	7.708948E-4
1.079000E-7	5.653211E-4
1.080000E-7	1.541738E-4
1.081000E-7	-3.683260E-4
1.082000E-7	-7.966045E-4
1.083000E-7	-1.010744E-3
1.084000E-7	-9.593504E-4
1.085000E-7	-5.653341E-4
1.086000E-7	-1.284900E-4
1.087000E-7	3.940097E-4
1.088000E-7	6.167146E-4
1.089000E-7	8.479849E-4
1.090000E-7	8.222882E-4
1.091000E-7	6.595424E-4
1.092000E-7	4.282720E-4
1.093000E-7	2.569021E-5
1.094000E-7	-5.738997E-4
1.095000E-7	-1.199186E-3
1.096000E-7	-1.601768E-3
1.097000E-7	-1.687424E-3
1.098000E-7	-1.464719E-3
1.099000E-7	-1.070703E-3
1.100000E-7	-4.625473E-4
1.101000E-7	-1.713764E-5
1.102000E-7	2.655262E-4
1.103000E-7	3.511819E-4
1.104000E-7	5.053621E-4
1.105000E-7	5.310589E-4
1.106000E-7	4.282720E-4
1.107000E-7	4.796654E-4
1.108000E-7	4.197064E-4
1.109000E-7	3.940097E-4
1.110000E-7	5.139277E-4
1.111000E-7	3.426163E-4
1.112000E-7	8.564920E-5
1.113000E-7	-2.055802E-4
1.114000E-7	-4.539817E-4
1.115000E-7	-6.081620E-4
1.116000E-7	-7.280800E-4
1.117000E-7	-8.651291E-4
1.118000E-7	-8.137357E-4
1.119000E-7	-9.250881E-4
1.120000E-7	-8.822602E-4
1.121000E-7	-8.908258E-4
1.122000E-7	-7.452111E-4
1.123000E-7	-2.569736E-4
1.124000E-7	-6.497430E-9
1.125000E-7	2.483950E-4
1.126000E-7	9.421477E-5
1.127000E-7	-5.996549E-5
1.128000E-7	-4.197194E-4
1.129000E-7	-7.537767E-4
1.130000E-7	-7.195144E-4
1.131000E-7	-5.910308E-4
1.132000E-7	-2.484080E-4
1.133000E-7	-3.083670E-4
1.134000E-7	-2.227113E-4
1.135000E-7	-2.569736E-4
1.136000E-7	-4.625473E-4
1.137000E-7	-5.653341E-4
1.138000E-7	-4.882440E-4
1.139000E-7	-2.998015E-4
1.140000E-7	-1.199245E-4
1.141000E-7	-4.283435E-5
1.142000E-7	-2.741047E-4
1.143000E-7	-2.826703E-4
1.144000E-7	-1.541868E-4
1.145000E-7	1.027803E-4
1.146000E-7	4.710999E-4
1.147000E-7	6.338457E-4
1.148000E-7	4.967966E-4
1.149000E-7	2.483950E-4
1.150000E-7	-2.826703E-4
1.151000E-7	-1.062137E-3
1.152000E-7	-1.524678E-3
1.153000E-7	-1.858735E-3
1.154000E-7	-1.918694E-3
1.155000E-7	-1.319104E-3
1.156000E-7	-6.081620E-4
1.157000E-7	-2.570321E-5
1.158000E-7	4.025753E-4
1.159000E-7	4.539687E-4
1.160000E-7	4.282135E-5
1.161000E-7	-6.252931E-4
1.162000E-7	-1.053572E-3
1.163000E-7	-1.267711E-3
1.164000E-7	-1.242014E-3
1.165000E-7	-8.822602E-4
1.166000E-7	-4.711129E-4
1.167000E-7	1.712464E-5
1.168000E-7	2.398295E-4
1.169000E-7	2.141328E-4
1.170000E-7	1.370426E-4
1.171000E-7	2.483950E-4
1.172000E-7	-8.572068E-6
1.173000E-7	1.284771E-4
1.174000E-7	2.826573E-4
1.175000E-7	5.224933E-4
1.176000E-7	6.938047E-4
1.177000E-7	7.195014E-4
1.178000E-7	6.167146E-4
1.179000E-7	3.083540E-4
1.180000E-7	2.312639E-4
1.181000E-7	9.421477E-5
1.182000E-7	1.113459E-4
1.183000E-7	2.740917E-4
1.184000E-7	3.340507E-4
1.185000E-7	3.083540E-4
1.186000E-7	2.312639E-4
1.187000E-7	-7.709663E-5
1.188000E-7	-2.312769E-4
1.189000E-7	-2.569736E-4
1.190000E-7	8.559073E-6
1.191000E-7	-1.713764E-5
1.192000E-7	1.027803E-4
1.193000E-7	8.564920E-5
1.194000E-7	-1.541868E-4
1.195000E-7	-3.511949E-4
1.196000E-7	-7.195144E-4
1.197000E-7	-6.681210E-4
1.198000E-7	-5.053751E-4
1.199000E-7	-3.254982E-4
1.200000E-7	-2.912359E-4
1.201000E-7	-1.884490E-4
1.202000E-7	-3.854572E-4
1.203000E-7	-2.826703E-4
1.204000E-7	-3.683260E-4
1.205000E-7	-2.912359E-4
1.206000E-7	-1.027933E-4
1.207000E-7	-5.996549E-5
1.208000E-7	8.559073E-6
1.209000E-7	1.199115E-4
1.210000E-7	2.569021E-5
1.211000E-7	5.138692E-5
1.212000E-7	-1.713179E-4
1.213000E-7	-1.541868E-4
1.214000E-7	-2.998015E-4
1.215000E-7	-7.709663E-5
1.216000E-7	3.683130E-4
1.217000E-7	9.422062E-4
1.218000E-7	1.310526E-3
1.219000E-7	1.533231E-3
1.220000E-7	1.062124E-3
1.221000E-7	6.167146E-4
1.222000E-7	-5.996549E-5
1.223000E-7	-5.482030E-4
1.224000E-7	-8.736947E-4
1.225000E-7	-4.796784E-4
1.226000E-7	5.995249E-5
1.227000E-7	5.824523E-4
1.228000E-7	7.965915E-4
1.229000E-7	7.195014E-4
1.230000E-7	2.826573E-4
1.231000E-7	-9.422777E-5
1.232000E-7	-4.796784E-4
1.233000E-7	-5.824653E-4
1.234000E-7	-4.796784E-4
1.235000E-7	-2.484080E-4
1.236000E-7	-6.853106E-5
1.237000E-7	-2.055802E-4
1.238000E-7	-4.625473E-4
1.239000E-7	-4.968096E-4
1.240000E-7	-6.167275E-4
1.241000E-7	-6.424243E-4
1.242000E-7	-5.482030E-4
1.243000E-7	-6.509898E-4
1.244000E-7	-7.794734E-4
1.245000E-7	-7.280800E-4
1.246000E-7	-7.537767E-4
1.247000E-7	-8.736947E-4
1.248000E-7	-5.738997E-4
1.249000E-7	-1.713764E-5
1.250000E-7	2.826573E-4
1.251000E-7	3.340507E-4
1.252000E-7	2.483950E-4
1.253000E-7	-2.312769E-4
1.254000E-7	-6.595554E-4
1.255000E-7	-9.593504E-4
1.256000E-7	-1.010744E-3
1.257000E-7	-7.452111E-4
1.258000E-7	-4.025883E-4
1.259000E-7	-1.456212E-4
1.260000E-7	9.421477E-5
1.261000E-7	4.282135E-5
1.262000E-7	-1.370556E-4
1.263000E-7	-1.541868E-4
1.264000E-7	-4.025883E-4
1.265000E-7	-4.025883E-4
1.266000E-7	-5.225063E-4
1.267000E-7	-5.653341E-4
1.268000E-7	-7.109488E-4
1.269000E-7	-3.083670E-4
1.270000E-7	1.798705E-4
1.271000E-7	4.796654E-4
1.272000E-7	6.938047E-4
1.273000E-7	8.993784E-4
1.274000E-7	5.139277E-4
1.275000E-7	1.370426E-4
1.276000E-7	-1.456212E-4
1.277000E-7	-4.711129E-4
1.278000E-7	-4.282850E-4
1.279000E-7	-7.709663E-5
1.280000E-7	2.141328E-4
1.281000E-7	4.796654E-4
1.282000E-7	4.967966E-4
1.283000E-7	4.025753E-4
1.284000E-7	4.539687E-4
1.285000E-7	2.655262E-4
1.286000E-7	-2.227113E-4
1.287000E-7	-4.025883E-4
1.288000E-7	-6.081620E-4
1.289000E-7	-8.394324E-4
1.290000E-7	-8.993914E-4
1.291000E-7	-6.081620E-4
1.292000E-7	-5.738997E-4
1.293000E-7	-4.711129E-4
1.294000E-7	-5.396374E-4
1.295000E-7	-8.565635E-4
1.296000E-7	-1.182055E-3
1.297000E-7	-1.310539E-3
1.298000E-7	-1.301973E-3
1.299000E-7	-8.394324E-4
1.300000E-7	-2.141458E-4
1.301000E-7	1.456082E-4
1.302000E-7	3.768786E-4
1.303000E-7	4.539687E-4
1.304000E-7	7.708363E-5
1.305000E-7	-6.853106E-5
1.306000E-7	7.708363E-5
1.307000E-7	5.995249E-5
1.308000E-7	1.199115E-4
1.309000E-7	1.541738E-4
1.310000E-7	-6.497430E-9
1.311000E-7	-1.713179E-4
1.312000E-7	-4.282850E-4
1.313000E-7	-4.197194E-4
1.314000E-7	-3.083670E-4
1.315000E-7	7.708363E-5
1.316000E-7	5.053621E-4
1.317000E-7	6.595424E-4
1.318000E-7	7.109358E-4
1.319000E-7	5.310589E-4
1.320000E-7	4.796654E-4
1.321000E-7	5.995249E-5
1.322000E-7	-2.312769E-4
1.323000E-7	-2.398425E-4
1.324000E-7	-7.709663E-5
1.325000E-7	1.713049E-4
1.326000E-7	3.768786E-4
1.327000E-7	4.539687E-4
1.328000E-7	5.224933E-4
1.329000E-7	4.368376E-4
1.330000E-7	2.398295E-4
1.331000E-7	-8.566220E-5
1.332000E-7	-5.225063E-4
1.333000E-7	-7.452111E-4
1.334000E-7	-9.679159E-4
1.335000E-7	-1.113531E-3
1.336000E-7	-1.147793E-3
1.337000E-7	-1.173490E-3
1.338000E-7	-9.165225E-4
1.339000E-7	-5.995964E-4
1.340000E-7	-6.081620E-4
1.341000E-7	-7.709663E-5
1.342000E-7	-4.283435E-5
1.343000E-7	-3.426878E-5
1.344000E-7	-2.055802E-4
1.345000E-7	-3.340637E-4
1.346000E-7	-3.940227E-4
1.347000E-7	-4.625473E-4
1.348000E-7	-1.370556E-4
1.349000E-7	1.970016E-4
1.350000E-7	5.224933E-4
1.351000E-7	7.195014E-4
1.352000E-7	9.165095E-4
1.353000E-7	8.051571E-4
1.354000E-7	9.250751E-4
1.355000E-7	7.109358E-4
1.356000E-7	4.539687E-4
1.357000E-7	2.398295E-4
1.358000E-7	-2.227113E-4
1.359000E-7	-6.424243E-4
1.360000E-7	-1.104965E-3
1.361000E-7	-1.327670E-3
1.362000E-7	-1.267711E-3
1.363000E-7	-1.027875E-3
1.364000E-7	-7.023833E-4
1.365000E-7	-3.169326E-4
1.366000E-7	5.138692E-5
1.367000E-7	2.398295E-4
1.368000E-7	1.713049E-4
1.369000E-7	1.284771E-4
1.370000E-7	-7.709663E-5
1.371000E-7	-2.741047E-4
1.372000E-7	-5.139407E-4
1.373000E-7	-5.910308E-4
1.374000E-7	-5.567686E-4
1.375000E-7	8.559073E-6
1.376000E-7	5.567556E-4
1.377000E-7	1.267698E-3
1.378000E-7	1.764501E-3
1.379000E-7	1.858722E-3
1.380000E-7	1.284829E-3
1.381000E-7	4.710999E-4
1.382000E-7	-8.566220E-5
1.383000E-7	-5.910308E-4
1.384000E-7	-6.338587E-4
1.385000E-7	-4.282850E-4
1.386000E-7	-3.083670E-4
1.387000E-7	-3.340637E-4
1.388000E-7	-3.940227E-4
1.389000E-7	-7.109488E-4
1.390000E-7	-1.019309E-3
1.391000E-7	-1.233449E-3
1.392000E-7	-1.319104E-3
1.393000E-7	-1.284842E-3
1.394000E-7	-1.498981E-3
1.395000E-7	-1.259145E-3
1.396000E-7	-1.233449E-3
1.397000E-7	-1.216317E-3
1.398000E-7	-1.207752E-3
1.399000E-7	-1.113531E-3
1.400000E-7	-9.850471E-4
1.401000E-7	-1.002178E-3
1.402000E-7	-5.738997E-4
1.403000E-7	-4.625473E-4
1.404000E-7	-2.312769E-4
1.405000E-7	4.282135E-5
1.406000E-7	5.995249E-5
1.407000E-7	-1.027933E-4
1.408000E-7	-1.713179E-4
1.409000E-7	-3.511949E-4
1.410000E-7	-1.027933E-4
1.411000E-7	-1.713764E-5
1.412000E-7	-1.627523E-4
1.413000E-7	-3.254982E-4
1.414000E-7	-5.139407E-4
1.415000E-7	-7.023833E-4
1.416000E-7	-9.079569E-4
1.417000E-7	-1.199186E-3
1.418000E-7	-1.130662E-3
1.419000E-7	-7.109488E-4
1.420000E-7	-3.254982E-4
1.421000E-7	2.569021E-5
1.422000E-7	4.539687E-4
1.423000E-7	8.051571E-4
1.424000E-7	1.096386E-3
1.425000E-7	1.070690E-3
1.426000E-7	1.036427E-3
1.427000E-7	9.593374E-4
1.428000E-7	8.651161E-4
1.429000E-7	3.940097E-4
1.430000E-7	2.912229E-4
1.431000E-7	7.708363E-5
1.432000E-7	-2.741047E-4
1.433000E-7	-2.655392E-4
1.434000E-7	-4.025883E-4
1.435000E-7	-1.027933E-4
1.436000E-7	-8.572068E-6
1.437000E-7	1.970016E-4
1.438000E-7	2.655262E-4
1.439000E-7	-4.283435E-5
1.440000E-7	-1.541868E-4
1.441000E-7	-1.027933E-4
1.442000E-7	-2.312769E-4
1.443000E-7	2.569021E-5
1.444000E-7	3.597474E-4
1.445000E-7	5.910178E-4
1.446000E-7	6.081490E-4
1.447000E-7	6.595424E-4
1.448000E-7	3.597474E-4
1.449000E-7	-8.572068E-6
1.450000E-7	-7.709663E-5
1.451000E-7	-2.569736E-4
1.452000E-7	-3.083670E-4
1.453000E-7	-1.884490E-4
1.454000E-7	-1.113589E-4
1.455000E-7	-5.996549E-5
1.456000E-7	9.421477E-5
1.457000E-7	3.425578E-5
1.458000E-7	2.312639E-4
1.459000E-7	1.798705E-4
1.460000E-7	4.282135E-5
1.461000E-7	1.370426E-4
1.462000E-7	5.995249E-5
1.463000E-7	-1.199245E-4
1.464000E-7	-2.741047E-4
1.465000E-7	-6.338587E-4
1.466000E-7	-8.394324E-4
1.467000E-7	-9.336536E-4
1.468000E-7	-1.027875E-3
1.469000E-7	-1.079268E-3
1.470000E-7	-9.936126E-4
1.471000E-7	-9.336536E-4
1.472000E-7	-9.165225E-4
1.473000E-7	-8.565635E-4
1.474000E-7	-5.910308E-4
1.475000E-7	-6.766865E-4
1.476000E-7	-7.109488E-4
1.477000E-7	-9.936126E-4
1.478000E-7	-1.319104E-3
1.479000E-7	-1.216317E-3
1.480000E-7	-1.027875E-3
1.481000E-7	-8.993914E-4
1.482000E-7	-6.852521E-4
1.483000E-7	-8.479979E-4
1.484000E-7	-8.908258E-4
1.485000E-7	-9.764815E-4
1.486000E-7	-1.190621E-3
1.487000E-7	-1.421891E-3
1.488000E-7	-1.207752E-3
1.489000E-7	-8.479979E-4
1.490000E-7	-4.968096E-4
1.491000E-7	-4.025883E-4
1.492000E-7	-1.713179E-4
1.493000E-7	-3.083670E-4
1.494000E-7	-5.310718E-4
1.495000E-7	-1.053572E-3
1.496000E-7	-1.344801E-3
1.497000E-7	-1.387629E-3
1.498000E-7	-8.223012E-4
1.499000E-7	-4.796784E-4
1.500000E-7	-8.572068E-6
1.501000E-7	1.370426E-4
1.502000E-7	1.798705E-4
1.503000E-7	7.708363E-5
1.504000E-7	-1.370556E-4
1.505000E-7	-1.970146E-4
1.506000E-7	-2.312769E-4
1.507000E-7	-2.398425E-4
1.508000E-7	-7.280800E-4
1.509000E-7	-1.096399E-3
1.510000E-7	-1.387629E-3
1.511000E-7	-1.610334E-3
1.512000E-7	-1.464719E-3
1.513000E-7	-1.096399E-3
1.514000E-7	-6.938177E-4
1.515000E-7	-4.711129E-4
1.516000E-7	-4.368506E-4
1.517000E-7	-7.109488E-4
1.518000E-7	-6.167275E-4
1.519000E-7	-4.882440E-4
1.520000E-7	-2.484080E-4
1.521000E-7	1.713049E-4
1.522000E-7	4.197064E-4
1.523000E-7	4.882310E-4
1.524000E-7	3.854442E-4
1.525000E-7	9.421477E-5
1.526000E-7	-4.282850E-4
1.527000E-7	-7.537767E-4
1.528000E-7	-7.109488E-4
1.529000E-7	-6.681210E-4
1.530000E-7	-4.282850E-4
1.531000E-7	-1.113589E-4
1.532000E-7	1.712464E-5
1.533000E-7	2.655262E-4
1.534000E-7	2.226983E-4
1.535000E-7	9.421477E-5
1.536000E-7	1.627393E-4
1.537000E-7	6.851806E-5
1.538000E-7	1.199115E-4
1.539000E-7	3.940097E-4
1.540000E-7	4.197064E-4
1.541000E-7	1.113459E-4
1.542000E-7	-1.456212E-4
1.543000E-7	-6.766865E-4
1.544000E-7	-1.062137E-3
1.545000E-7	-1.104965E-3
1.546000E-7	-8.908258E-4
1.547000E-7	-4.111539E-4
1.548000E-7	-1.884490E-4
1.549000E-7	-5.996549E-5
1.550000E-7	1.627393E-4
1.551000E-7	2.483950E-4
1.552000E-7	4.454032E-4
1.553000E-7	5.224933E-4
1.554000E-7	3.854442E-4
1.555000E-7	3.854442E-4
1.556000E-7	3.854442E-4
1.557000E-7	1.113459E-4
1.558000E-7	-6.853106E-5
1.559000E-7	-3.254982E-4
1.560000E-7	-4.454161E-4
1.561000E-7	-5.824653E-4
1.562000E-7	-7.623422E-4
1.563000E-7	-5.225063E-4
1.564000E-7	-2.826703E-4
1.565000E-7	4.282135E-5
1.566000E-7	-8.566220E-5
1.567000E-7	-1.627523E-4
1.568000E-7	-4.796784E-4
1.569000E-7	-7.452111E-4
1.570000E-7	-8.308668E-4
1.571000E-7	-7.709078E-4
1.572000E-7	-6.167275E-4
1.573000E-7	-6.766865E-4
1.574000E-7	-8.308668E-4
1.575000E-7	-1.019309E-3
1.576000E-7	-1.053572E-3
1.577000E-7	-1.284842E-3
1.578000E-7	-1.113531E-3
1.579000E-7	-1.019309E-3
1.580000E-7	-1.259145E-3
1.581000E-7	-8.051701E-4
1.582000E-7	-4.197194E-4
1.583000E-7	8.564920E-5
1.584000E-7	5.653211E-4
1.585000E-7	8.479849E-4
1.586000E-7	7.280670E-4
1.587000E-7	5.653211E-4
1.588000E-7	2.398295E-4
1.589000E-7	-7.709663E-5
1.590000E-7	-3.340637E-4
1.591000E-7	-5.653341E-4
1.592000E-7	-7.109488E-4
1.593000E-7	-7.709078E-4
1.594000E-7	-2.741047E-4
1.595000E-7	1.712464E-5
1.596000E-7	4.539687E-4
1.597000E-7	5.567556E-4
1.598000E-7	2.312639E-4
1.599000E-7	-1.284900E-4
1.600000E-7	-4.882440E-4
1.601000E-7	-8.736947E-4
1.602000E-7	-1.096399E-3
1.603000E-7	-9.679159E-4
1.604000E-7	-1.053572E-3
1.605000E-7	-1.122096E-3
1.606000E-7	-1.104965E-3
1.607000E-7	-1.558940E-3
1.608000E-7	-1.498981E-3
1.609000E-7	-1.464719E-3
1.610000E-7	-1.182055E-3
1.611000E-7	-8.308668E-4
1.612000E-7	-2.227113E-4
1.613000E-7	3.597474E-4
1.614000E-7	6.167146E-4
1.615000E-7	7.965915E-4
1.616000E-7	5.396244E-4
1.617000E-7	3.254852E-4
1.618000E-7	-9.422777E-5
1.619000E-7	-2.655392E-4
1.620000E-7	-2.998015E-4
1.621000E-7	-4.282850E-4
1.622000E-7	-6.595554E-4
1.623000E-7	-9.336536E-4
1.624000E-7	-1.070703E-3
1.625000E-7	-1.413326E-3
1.626000E-7	-1.439022E-3
1.627000E-7	-1.259145E-3
1.628000E-7	-1.139227E-3
1.629000E-7	-7.280800E-4
1.630000E-7	-4.368506E-4
1.631000E-7	-3.597604E-4
1.632000E-7	-4.454161E-4
1.633000E-7	-5.567686E-4
1.634000E-7	-9.764815E-4
1.635000E-7	-1.130662E-3
1.636000E-7	-8.479979E-4
1.637000E-7	-7.452111E-4
1.638000E-7	-2.998015E-4
1.639000E-7	-7.709663E-5
1.640000E-7	1.712464E-5
1.641000E-7	-1.627523E-4
1.642000E-7	-2.741047E-4
1.643000E-7	-2.141458E-4
1.644000E-7	-1.199245E-4
1.645000E-7	6.851806E-5
1.646000E-7	-2.484080E-4
1.647000E-7	-4.539817E-4
1.648000E-7	-8.651291E-4
1.649000E-7	-1.164924E-3
1.650000E-7	-9.850471E-4
1.651000E-7	-6.681210E-4
1.652000E-7	-2.912359E-4
1.653000E-7	2.569606E-4
1.654000E-7	6.081490E-4
1.655000E-7	3.340507E-4
1.656000E-7	5.995249E-5
1.657000E-7	-2.912359E-4
1.658000E-7	-7.023833E-4
1.659000E-7	-8.822602E-4
1.660000E-7	-8.822602E-4
1.661000E-7	-5.396374E-4
1.662000E-7	-4.796784E-4
1.663000E-7	-4.283435E-5
1.664000E-7	-8.572068E-6
1.665000E-7	3.169196E-4
1.666000E-7	4.625343E-4
1.667000E-7	5.053621E-4
1.668000E-7	6.081490E-4
1.669000E-7	6.595424E-4
1.670000E-7	4.967966E-4
1.671000E-7	2.826573E-4
1.672000E-7	-6.497430E-9
1.673000E-7	-1.370556E-4
1.674000E-7	-2.998015E-4
1.675000E-7	-2.398425E-4
1.676000E-7	-2.569736E-4
1.677000E-7	-3.426293E-4
1.678000E-7	-7.023833E-4
1.679000E-7	-8.908258E-4
1.680000E-7	-1.087834E-3
1.681000E-7	-8.993914E-4
1.682000E-7	-7.794734E-4
1.683000E-7	-4.282850E-4
1.684000E-7	3.511819E-4
1.685000E-7	5.910178E-4
1.686000E-7	9.422062E-4
1.687000E-7	1.130649E-3
1.688000E-7	7.109358E-4
1.689000E-7	4.454032E-4
1.690000E-7	1.113459E-4
1.691000E-7	-2.484080E-4
1.692000E-7	-1.113589E-4
1.693000E-7	-3.426878E-5
1.694000E-7	-6.497430E-9
1.695000E-7	2.826573E-4
1.696000E-7	9.421477E-5
1.697000E-7	-2.227113E-4
1.698000E-7	-3.940227E-4
1.699000E-7	-2.569736E-4
1.700000E-7	4.282135E-5
1.701000E-7	2.740917E-4
1.702000E-7	3.511819E-4
1.703000E-7	9.421477E-5
1.704000E-7	-2.998015E-4
1.705000E-7	-8.822602E-4
1.706000E-7	-1.113531E-3
1.707000E-7	-8.565635E-4
1.708000E-7	-4.454161E-4
1.709000E-7	3.425578E-5
1.710000E-7	7.708948E-4
1.711000E-7	9.507718E-4
1.712000E-7	9.336407E-4
1.713000E-7	5.824523E-4
1.714000E-7	2.483950E-4
1.715000E-7	6.851806E-5
1.716000E-7	4.282135E-5
1.717000E-7	2.398295E-4
1.718000E-7	2.312639E-4
1.719000E-7	2.398295E-4
1.720000E-7	1.284771E-4
1.721000E-7	5.995249E-5
1.722000E-7	-1.113589E-4
1.723000E-7	7.708363E-5
1.724000E-7	1.541738E-4
1.725000E-7	4.796654E-4
1.726000E-7	5.053621E-4
1.727000E-7	3.854442E-4
1.728000E-7	-5.996549E-5
1.729000E-7	-2.741047E-4
1.730000E-7	-7.537767E-4
1.731000E-7	-9.850471E-4
1.732000E-7	-1.079268E-3
1.733000E-7	-9.507848E-4
1.734000E-7	-9.165225E-4
1.735000E-7	-8.394324E-4
1.736000E-7	-5.653341E-4
1.737000E-7	-8.051701E-4
1.738000E-7	-8.993914E-4
1.739000E-7	-1.036440E-3
1.740000E-7	-1.190621E-3
1.741000E-7	-8.822602E-4
1.742000E-7	-6.252931E-4
1.743000E-7	-1.456212E-4
1.744000E-7	5.481900E-4
1.745000E-7	7.880260E-4
1.746000E-7	8.308538E-4
1.747000E-7	5.396244E-4
1.748000E-7	2.997885E-4
1.749000E-7	1.113459E-4
1.750000E-7	8.564920E-5
1.751000E-7	1.541738E-4
1.752000E-7	-8.572068E-6
1.753000E-7	-1.456212E-4
1.754000E-7	-3.854572E-4
1.755000E-7	-5.482030E-4
1.756000E-7	-8.308668E-4
1.757000E-7	-1.010744E-3
1.758000E-7	-1.036440E-3
1.759000E-7	-9.679159E-4
1.760000E-7	-1.019309E-3
1.761000E-7	-8.822602E-4
1.762000E-7	-6.338587E-4
1.763000E-7	-5.567686E-4
1.764000E-7	-4.796784E-4
1.765000E-7	-5.653341E-4
1.766000E-7	-6.424243E-4
1.767000E-7	-6.595554E-4
1.768000E-7	-4.539817E-4
1.769000E-7	-3.426293E-4
1.770000E-7	-3.854572E-4
1.771000E-7	-3.768916E-4
1.772000E-7	-4.454161E-4
1.773000E-7	-3.254982E-4
1.774000E-7	-2.055802E-4
1.775000E-7	5.138692E-5
1.776000E-7	3.683130E-4
1.777000E-7	4.967966E-4
1.778000E-7	3.940097E-4
1.779000E-7	3.768786E-4
1.780000E-7	1.541738E-4
1.781000E-7	2.569021E-5
1.782000E-7	1.199115E-4
1.783000E-7	2.141328E-4
1.784000E-7	2.055672E-4
1.785000E-7	-2.398425E-4
1.786000E-7	-7.880390E-4
1.787000E-7	-1.199186E-3
1.788000E-7	-1.396194E-3
1.789000E-7	-1.353367E-3
1.790000E-7	-1.113531E-3
1.791000E-7	-7.709078E-4
1.792000E-7	-6.938177E-4
1.793000E-7	-6.509898E-4
1.794000E-7	-6.595554E-4
1.795000E-7	-6.424243E-4
1.796000E-7	-5.738997E-4
1.797000E-7	-2.912359E-4
1.798000E-7	-2.741047E-4
1.799000E-7	-1.113589E-4
1.800000E-7	-1.456212E-4
1.801000E-7	-8.572068E-6
1.802000E-7	-4.283435E-5
1.803000E-7	-5.139992E-5
1.804000E-7	2.483950E-4
1.805000E-7	4.454032E-4
1.806000E-7	7.451981E-4
1.807000E-7	8.822472E-4
1.808000E-7	8.137227E-4
1.809000E-7	6.852391E-4
1.810000E-7	2.141328E-4
1.811000E-7	-2.570321E-5
1.812000E-7	8.559073E-6
1.813000E-7	2.912229E-4
1.814000E-7	4.796654E-4
1.815000E-7	7.366325E-4
1.816000E-7	7.537637E-4
1.817000E-7	2.912229E-4
1.818000E-7	-4.539817E-4
1.819000E-7	-9.593504E-4
1.820000E-7	-1.379063E-3
1.821000E-7	-1.353367E-3
1.822000E-7	-1.027875E-3
1.823000E-7	-4.539817E-4
1.824000E-7	3.425578E-5
1.825000E-7	2.226983E-4
1.826000E-7	-6.497430E-9
1.827000E-7	2.569021E-5
1.828000E-7	-5.139992E-5
1.829000E-7	1.113459E-4
1.830000E-7	2.141328E-4
1.831000E-7	2.483950E-4
1.832000E-7	4.539687E-4
1.833000E-7	3.083540E-4
1.834000E-7	1.541738E-4
1.835000E-7	-3.940227E-4
1.836000E-7	-7.195144E-4
1.837000E-7	-9.336536E-4
1.838000E-7	-6.852521E-4
1.839000E-7	-2.998015E-4
1.840000E-7	2.740917E-4
1.841000E-7	4.197064E-4
1.842000E-7	4.025753E-4
1.843000E-7	1.884360E-4
1.844000E-7	-1.713764E-5
1.845000E-7	-1.456212E-4
1.846000E-7	-5.139992E-5
1.847000E-7	8.564920E-5
1.848000E-7	8.564920E-5
1.849000E-7	8.564920E-5
1.850000E-7	-5.996549E-5
1.851000E-7	-4.539817E-4
1.852000E-7	-4.882440E-4
1.853000E-7	-5.310718E-4
1.854000E-7	-4.111539E-4
1.855000E-7	-1.456212E-4
1.856000E-7	-3.511949E-4
1.857000E-7	-2.741047E-4
1.858000E-7	-3.426293E-4
1.859000E-7	-3.768916E-4
1.860000E-7	-3.169326E-4
1.861000E-7	-4.796784E-4
1.862000E-7	-7.709078E-4
1.863000E-7	-1.002178E-3
1.864000E-7	-1.062137E-3
1.865000E-7	-8.908258E-4
1.866000E-7	-5.910308E-4
1.867000E-7	2.569021E-5
1.868000E-7	1.284771E-4
1.869000E-7	4.025753E-4
1.870000E-7	1.884360E-4
1.871000E-7	-4.368506E-4
1.872000E-7	-8.394324E-4
1.873000E-7	-1.096399E-3
1.874000E-7	-1.104965E-3
1.875000E-7	-8.394324E-4
1.876000E-7	-5.996549E-5
1.877000E-7	4.710999E-4
1.878000E-7	7.280670E-4
1.879000E-7	3.597474E-4
1.880000E-7	-1.027933E-4
1.881000E-7	-7.109488E-4
1.882000E-7	-7.623422E-4
1.883000E-7	-5.910308E-4
1.884000E-7	-2.912359E-4
1.885000E-7	4.282135E-5
1.886000E-7	1.027803E-4
1.887000E-7	-1.027933E-4
1.888000E-7	-6.509898E-4
1.889000E-7	-1.036440E-3
1.890000E-7	-1.336235E-3
1.891000E-7	-1.139227E-3
1.892000E-7	-8.993914E-4
1.893000E-7	-4.711129E-4
1.894000E-7	-4.539817E-4
1.895000E-7	-2.141458E-4
1.896000E-7	-2.227113E-4
1.897000E-7	-3.340637E-4
1.898000E-7	-2.741047E-4
1.899000E-7	-2.912359E-4
1.900000E-7	-2.227113E-4
1.901000E-7	-5.053751E-4
1.902000E-7	-7.452111E-4
1.903000E-7	-9.250881E-4
1.904000E-7	-9.079569E-4
1.905000E-7	-9.850471E-4
1.906000E-7	-7.023833E-4
1.907000E-7	-5.995964E-4
1.908000E-7	-4.025883E-4
1.909000E-7	-1.284900E-4
1.910000E-7	-1.370556E-4
1.911000E-7	-1.627523E-4
1.912000E-7	-4.197194E-4
1.913000E-7	-4.968096E-4
1.914000E-7	-5.567686E-4
1.915000E-7	-3.426293E-4
1.916000E-7	-1.113589E-4
1.917000E-7	1.199115E-4
1.918000E-7	1.541738E-4
1.919000E-7	-5.996549E-5
1.920000E-7	-4.796784E-4
1.921000E-7	-6.167275E-4
1.922000E-7	-6.424243E-4
1.923000E-7	-2.398425E-4
1.924000E-7	1.713049E-4
1.925000E-7	2.226983E-4
1.926000E-7	4.025753E-4
1.927000E-7	2.226983E-4
1.928000E-7	-1.627523E-4
1.929000E-7	-4.796784E-4
1.930000E-7	-3.854572E-4
1.931000E-7	-6.252931E-4
1.932000E-7	-1.541868E-4
1.933000E-7	-1.456212E-4
1.934000E-7	-1.370556E-4
1.935000E-7	-3.511949E-4
1.936000E-7	-6.081620E-4
1.937000E-7	-8.223012E-4
1.938000E-7	-7.366455E-4
1.939000E-7	-4.539817E-4
1.940000E-7	-2.227113E-4
1.941000E-7	1.970016E-4
1.942000E-7	3.169196E-4
1.943000E-7	8.564920E-5
1.944000E-7	-1.370556E-4
1.945000E-7	-1.798835E-4
1.946000E-7	-2.569736E-4
1.947000E-7	-1.199245E-4
1.948000E-7	1.970016E-4
1.949000E-7	4.710999E-4
1.950000E-7	5.567556E-4
1.951000E-7	6.081490E-4
1.952000E-7	5.053621E-4
1.953000E-7	5.224933E-4
1.954000E-7	4.025753E-4
1.955000E-7	-8.572068E-6
1.956000E-7	-4.796784E-4
1.957000E-7	-9.850471E-4
1.958000E-7	-1.370498E-3
1.959000E-7	-1.439022E-3
1.960000E-7	-1.079268E-3
1.961000E-7	-5.910308E-4
1.962000E-7	-2.655392E-4
1.963000E-7	-2.141458E-4
1.964000E-7	-4.368506E-4
1.965000E-7	-4.968096E-4
1.966000E-7	-7.023833E-4
1.967000E-7	-4.111539E-4
1.968000E-7	1.970016E-4
1.969000E-7	4.625343E-4
1.970000E-7	5.053621E-4
1.971000E-7	4.882310E-4
1.972000E-7	8.564920E-5
1.973000E-7	-5.910308E-4
1.974000E-7	-7.880390E-4
1.975000E-7	-7.537767E-4
1.976000E-7	-7.623422E-4
1.977000E-7	-4.796784E-4
1.978000E-7	-2.055802E-4
1.979000E-7	9.421477E-5
1.980000E-7	2.055672E-4
1.981000E-7	3.597474E-4
1.982000E-7	3.083540E-4
1.983000E-7	2.398295E-4
1.984000E-7	1.541738E-4
1.985000E-7	-1.199245E-4
1.986000E-7	-2.141458E-4
1.987000E-7	-3.597604E-4
1.988000E-7	-5.139407E-4
1.989000E-7	-5.482030E-4
1.990000E-7	-6.852521E-4
1.991000E-7	-9.250881E-4
1.992000E-7	-1.122096E-3
1.993000E-7	-1.464719E-3
1.994000E-7	-1.533244E-3
1.995000E-7	-1.567506E-3
1.996000E-7	-1.670293E-3
1.997000E-7	-1.567506E-3
1.998000E-7	-1.447588E-3
1.999000E-7	-1.130662E-3
2.000000E-7	-9.422192E-4
2.001000E-7	-7.623422E-4
