Study Name	Tungsten_Calibration
Sample Name	2025-03-19
Run Name	spot01
Operator	Elena
Date	3/19/2025
Time	15:16
Sign	NEG
Grating Spacing	03.40um
Channel	3
Number Traces	10000
Files in Batch	1
Batch Number	1
dt	100.000001E-12
time stamp (ms)	3:16:45 PM
	
Time	Amplitude
0.000000E+0	-9.592521E-4
1.000000E-10	-1.098001E-3
2.000000E-10	-1.111705E-3
3.000000E-10	-1.062029E-3
4.000000E-10	-9.421226E-4
5.000000E-10	-8.479103E-4
6.000000E-10	-7.588369E-4
7.000000E-10	-7.468463E-4
8.000000E-10	-7.742535E-4
9.000000E-10	-7.879571E-4
1.000000E-9	-7.674017E-4
1.100000E-9	-7.399945E-4
1.200000E-9	-6.851801E-4
1.300000E-9	-6.269398E-4
1.400000E-9	-5.824031E-4
1.500000E-9	-5.686995E-4
1.600000E-9	-5.652736E-4
1.700000E-9	-5.567088E-4
1.800000E-9	-5.738383E-4
1.900000E-9	-5.961067E-4
2.000000E-9	-6.218009E-4
2.100000E-9	-6.646247E-4
2.200000E-9	-6.731894E-4
2.300000E-9	-6.457822E-4
2.400000E-9	-5.909678E-4
2.500000E-9	-5.789772E-4
2.600000E-9	-5.909678E-4
2.700000E-9	-6.509211E-4
2.800000E-9	-7.211520E-4
2.900000E-9	-7.554110E-4
3.000000E-9	-7.862441E-4
3.100000E-9	-8.359197E-4
3.200000E-9	-8.581880E-4
3.300000E-9	-8.753175E-4
3.400000E-9	-8.941600E-4
3.500000E-9	-8.718916E-4
3.600000E-9	-8.890211E-4
3.700000E-9	-9.506873E-4
3.800000E-9	-1.043187E-3
3.900000E-9	-1.147677E-3
4.000000E-9	-1.247028E-3
4.100000E-9	-1.276148E-3
4.200000E-9	-1.238463E-3
4.300000E-9	-1.121982E-3
4.400000E-9	-9.935111E-4
4.500000E-9	-9.232801E-4
4.600000E-9	-9.061506E-4
4.700000E-9	-8.992988E-4
4.800000E-9	-8.787434E-4
4.900000E-9	-8.376326E-4
5.000000E-9	-8.033736E-4
5.100000E-9	-7.845312E-4
5.200000E-9	-8.067995E-4
5.300000E-9	-8.855952E-4
5.400000E-9	-9.541132E-4
5.500000E-9	-9.935111E-4
5.600000E-9	-9.130024E-4
5.700000E-9	-7.211520E-4
5.800000E-9	-5.241628E-4
5.900000E-9	-3.768491E-4
6.000000E-9	-3.854138E-4
6.100000E-9	-5.241628E-4
6.200000E-9	-7.502722E-4
6.300000E-9	-1.000363E-3
6.400000E-9	-1.133973E-3
6.500000E-9	-1.096288E-3
6.600000E-9	-9.421226E-4
6.700000E-9	-7.177261E-4
6.800000E-9	-5.241628E-4
6.900000E-9	-4.316635E-4
7.000000E-9	-4.436541E-4
7.100000E-9	-5.412923E-4
7.200000E-9	-6.577729E-4
7.300000E-9	-7.811053E-4
7.400000E-9	-9.215672E-4
7.500000E-9	-1.010641E-3
7.600000E-9	-1.055177E-3
7.700000E-9	-1.038048E-3
7.800000E-9	-9.866593E-4
7.900000E-9	-8.599010E-4
8.000000E-9	-7.245779E-4
8.100000E-9	-6.115232E-4
8.200000E-9	-5.652736E-4
8.300000E-9	-5.378664E-4
8.400000E-9	-5.515700E-4
8.500000E-9	-5.875419E-4
8.600000E-9	-6.286527E-4
8.700000E-9	-6.594858E-4
8.800000E-9	-6.252268E-4
8.900000E-9	-5.978196E-4
9.000000E-9	-5.515700E-4
9.100000E-9	-5.310146E-4
9.200000E-9	-5.412923E-4
9.300000E-9	-5.772642E-4
9.400000E-9	-6.337916E-4
9.500000E-9	-6.646247E-4
9.600000E-9	-6.697635E-4
9.700000E-9	-6.303657E-4
9.800000E-9	-5.635606E-4
9.900000E-9	-5.275887E-4
1.000000E-8	-5.224498E-4
1.010000E-8	-5.515700E-4
1.020000E-8	-6.235139E-4
1.030000E-8	-7.348556E-4
1.040000E-8	-7.811053E-4
1.050000E-8	-7.348556E-4
1.060000E-8	-6.149491E-4
1.070000E-8	-4.573577E-4
1.080000E-8	-3.494419E-4
1.090000E-8	-3.443030E-4
1.100000E-8	-4.316635E-4
1.110000E-8	-6.200880E-4
1.120000E-8	-8.119384E-4
1.130000E-8	-9.472614E-4
1.140000E-8	-9.678168E-4
1.150000E-8	-9.301319E-4
1.160000E-8	-8.342067E-4
1.170000E-8	-7.434204E-4
1.180000E-8	-6.971707E-4
1.190000E-8	-6.680506E-4
1.200000E-8	-7.091614E-4
1.210000E-8	-7.930959E-4
1.220000E-8	-8.753175E-4
1.230000E-8	-9.712427E-4
1.240000E-8	-1.027770E-3
1.250000E-8	-1.026057E-3
1.260000E-8	-9.404096E-4
1.270000E-8	-8.085125E-4
1.280000E-8	-6.423563E-4
1.290000E-8	-5.275887E-4
1.300000E-8	-4.676354E-4
1.310000E-8	-4.624966E-4
1.320000E-8	-5.104592E-4
1.330000E-8	-5.961067E-4
1.340000E-8	-6.851801E-4
1.350000E-8	-7.571240E-4
1.360000E-8	-8.307808E-4
1.370000E-8	-8.718916E-4
1.380000E-8	-8.410585E-4
1.390000E-8	-7.485592E-4
1.400000E-8	-6.063844E-4
1.410000E-8	-4.419412E-4
1.420000E-8	-3.580066E-4
1.430000E-8	-3.494419E-4
1.440000E-8	-4.573577E-4
1.450000E-8	-6.337916E-4
1.460000E-8	-8.016607E-4
1.470000E-8	-8.650398E-4
1.480000E-8	-8.256420E-4
1.490000E-8	-7.125873E-4
1.500000E-8	-5.841160E-4
1.510000E-8	-4.796261E-4
1.520000E-8	-4.864779E-4
1.530000E-8	-5.635606E-4
1.540000E-8	-7.160132E-4
1.550000E-8	-8.599010E-4
1.560000E-8	-9.678168E-4
1.570000E-8	-9.798075E-4
1.580000E-8	-9.232801E-4
1.590000E-8	-7.930959E-4
1.600000E-8	-6.303657E-4
1.610000E-8	-5.070333E-4
1.620000E-8	-5.036074E-4
1.630000E-8	-5.961067E-4
1.640000E-8	-7.588369E-4
1.650000E-8	-9.130024E-4
1.660000E-8	-1.038048E-3
1.670000E-8	-1.098001E-3
1.680000E-8	-1.106566E-3
1.690000E-8	-1.109992E-3
1.700000E-8	-1.121982E-3
1.710000E-8	-1.116843E-3
1.720000E-8	-1.065455E-3
1.730000E-8	-9.592521E-4
1.740000E-8	-8.119384E-4
1.750000E-8	-6.526340E-4
1.760000E-8	-5.121721E-4
1.770000E-8	-4.727743E-4
1.780000E-8	-4.950426E-4
1.790000E-8	-5.481441E-4
1.800000E-8	-5.532829E-4
1.810000E-8	-5.224498E-4
1.820000E-8	-4.470800E-4
1.830000E-8	-3.837009E-4
1.840000E-8	-3.443030E-4
1.850000E-8	-3.682843E-4
1.860000E-8	-4.179599E-4
1.870000E-8	-5.412923E-4
1.880000E-8	-6.543470E-4
1.890000E-8	-7.776794E-4
1.900000E-8	-8.667528E-4
1.910000E-8	-9.232801E-4
1.920000E-8	-9.506873E-4
1.930000E-8	-9.044377E-4
1.940000E-8	-8.530492E-4
1.950000E-8	-8.205031E-4
1.960000E-8	-7.759664E-4
1.970000E-8	-7.417074E-4
1.980000E-8	-6.903189E-4
1.990000E-8	-6.098103E-4
2.000000E-8	-5.412923E-4
2.010000E-8	-4.573577E-4
2.020000E-8	-4.213858E-4
2.030000E-8	-4.316635E-4
2.040000E-8	-4.642095E-4
2.050000E-8	-5.104592E-4
2.060000E-8	-4.899038E-4
2.070000E-8	-4.539318E-4
2.080000E-8	-4.470800E-4
2.090000E-8	-4.813390E-4
2.100000E-8	-5.378664E-4
2.110000E-8	-6.492081E-4
2.120000E-8	-7.571240E-4
2.130000E-8	-8.393456E-4
2.140000E-8	-8.804564E-4
2.150000E-8	-8.427715E-4
2.160000E-8	-7.793923E-4
2.170000E-8	-6.851801E-4
2.180000E-8	-6.183750E-4
2.190000E-8	-6.012455E-4
2.200000E-8	-6.629117E-4
2.210000E-8	-8.410585E-4
2.220000E-8	-1.145964E-3
2.230000E-8	-1.678691E-3
2.240000E-8	-2.398130E-3
2.250000E-8	-3.328262E-3
2.260000E-8	-4.385152E-3
2.270000E-8	-5.411209E-3
2.280000E-8	-6.310508E-3
2.290000E-8	-6.997401E-3
2.300000E-8	-7.432490E-3
2.310000E-8	-7.550684E-3
2.320000E-8	-7.377676E-3
2.330000E-8	-6.896337E-3
2.340000E-8	-6.199166E-3
2.350000E-8	-5.334127E-3
2.360000E-8	-4.469087E-3
2.370000E-8	-3.675991E-3
2.380000E-8	-3.153541E-3
2.390000E-8	-2.995950E-3
2.400000E-8	-3.165532E-3
2.410000E-8	-3.607473E-3
2.420000E-8	-4.147052E-3
2.430000E-8	-4.688344E-3
2.440000E-8	-5.049777E-3
2.450000E-8	-5.169683E-3
2.460000E-8	-4.979546E-3
2.470000E-8	-4.496494E-3
2.480000E-8	-3.782194E-3
2.490000E-8	-3.025070E-3
2.500000E-8	-2.326186E-3
2.510000E-8	-1.814014E-3
2.520000E-8	-1.639293E-3
2.530000E-8	-1.829431E-3
2.540000E-8	-2.346742E-3
2.550000E-8	-3.042199E-3
2.560000E-8	-3.693120E-3
2.570000E-8	-4.165895E-3
2.580000E-8	-4.301218E-3
2.590000E-8	-4.056266E-3
2.600000E-8	-3.472150E-3
2.610000E-8	-2.694470E-3
2.620000E-8	-1.892810E-3
2.630000E-8	-1.271009E-3
2.640000E-8	-9.249931E-4
2.650000E-8	-9.010118E-4
2.660000E-8	-1.193926E-3
2.670000E-8	-1.735218E-3
2.680000E-8	-2.399843E-3
2.690000E-8	-3.049051E-3
2.700000E-8	-3.571501E-3
2.710000E-8	-3.848999E-3
2.720000E-8	-3.811314E-3
2.730000E-8	-3.417335E-3
2.740000E-8	-2.761276E-3
2.750000E-8	-1.987022E-3
2.760000E-8	-1.300129E-3
2.770000E-8	-8.410585E-4
2.780000E-8	-7.074484E-4
2.790000E-8	-8.975859E-4
2.800000E-8	-1.387490E-3
2.810000E-8	-2.026420E-3
2.820000E-8	-2.687619E-3
2.830000E-8	-3.189513E-3
2.840000E-8	-3.443030E-3
2.850000E-8	-3.398493E-3
2.860000E-8	-3.057616E-3
2.870000E-8	-2.483778E-3
2.880000E-8	-1.872254E-3
2.890000E-8	-1.346379E-3
2.900000E-8	-9.541132E-4
2.910000E-8	-7.348556E-4
2.920000E-8	-6.834671E-4
2.930000E-8	-7.879571E-4
2.940000E-8	-1.072307E-3
2.950000E-8	-1.507396E-3
2.960000E-8	-2.055540E-3
2.970000E-8	-2.530027E-3
2.980000E-8	-2.812664E-3
2.990000E-8	-2.745859E-3
3.000000E-8	-2.322760E-3
3.010000E-8	-1.627303E-3
3.020000E-8	-7.742535E-4
3.030000E-8	-7.708281E-5
3.040000E-8	3.443029E-4
3.050000E-8	3.631454E-4
3.060000E-8	3.083305E-5
3.070000E-8	-5.686995E-4
3.080000E-8	-1.271009E-3
3.090000E-8	-1.899662E-3
3.100000E-8	-2.391278E-3
3.110000E-8	-2.625952E-3
3.120000E-8	-2.572851E-3
3.130000E-8	-2.230261E-3
3.140000E-8	-1.707811E-3
3.150000E-8	-1.118556E-3
3.160000E-8	-5.686995E-4
3.170000E-8	-1.918505E-4
3.180000E-8	-7.879576E-5
3.190000E-8	-2.672203E-4
3.200000E-8	-6.543470E-4
3.210000E-8	-1.180223E-3
3.220000E-8	-1.709524E-3
3.230000E-8	-2.112067E-3
3.240000E-8	-2.290214E-3
3.250000E-8	-2.184011E-3
3.260000E-8	-1.815727E-3
3.270000E-8	-1.231611E-3
3.280000E-8	-5.686995E-4
3.290000E-8	5.481435E-5
3.300000E-8	5.207368E-4
3.310000E-8	6.817541E-4
3.320000E-8	5.190238E-4
3.330000E-8	1.113417E-4
3.340000E-8	-4.470800E-4
3.350000E-8	-1.043187E-3
3.360000E-8	-1.560498E-3
3.370000E-8	-1.904801E-3
3.380000E-8	-2.016142E-3
3.390000E-8	-1.858551E-3
3.400000E-8	-1.483415E-3
3.410000E-8	-9.729557E-4
3.420000E-8	-4.059692E-4
3.430000E-8	1.079158E-4
3.440000E-8	4.607835E-4
3.450000E-8	5.344404E-4
3.460000E-8	3.443029E-4
3.470000E-8	-9.592526E-5
3.480000E-8	-6.474952E-4
3.490000E-8	-1.221333E-3
3.500000E-8	-1.647858E-3
3.510000E-8	-1.844847E-3
3.520000E-8	-1.731793E-3
3.530000E-8	-1.366934E-3
3.540000E-8	-8.547621E-4
3.550000E-8	-3.305994E-4
3.560000E-8	5.138845E-5
3.570000E-8	2.449518E-4
3.580000E-8	2.261094E-4
3.590000E-8	-1.713005E-6
3.600000E-8	-3.340253E-4
3.610000E-8	-7.280038E-4
3.620000E-8	-1.120269E-3
3.630000E-8	-1.479989E-3
3.640000E-8	-1.671839E-3
3.650000E-8	-1.652997E-3
3.660000E-8	-1.409758E-3
3.670000E-8	-1.010641E-3
3.680000E-8	-4.830520E-4
3.690000E-8	2.226830E-5
3.700000E-8	3.477288E-4
3.710000E-8	4.179598E-4
3.720000E-8	1.969892E-4
3.730000E-8	-2.483778E-4
3.740000E-8	-8.513362E-4
3.750000E-8	-1.401193E-3
3.760000E-8	-1.786607E-3
3.770000E-8	-1.872254E-3
3.780000E-8	-1.644432E-3
3.790000E-8	-1.193926E-3
3.800000E-8	-6.337916E-4
3.810000E-8	-1.010641E-4
3.820000E-8	2.792108E-4
3.830000E-8	4.950425E-4
3.840000E-8	5.327274E-4
3.850000E-8	3.974044E-4
3.860000E-8	9.592515E-5
3.870000E-8	-3.031922E-4
3.880000E-8	-7.331427E-4
3.890000E-8	-1.149390E-3
3.900000E-8	-1.425174E-3
3.910000E-8	-1.498831E-3
3.920000E-8	-1.385777E-3
3.930000E-8	-1.092862E-3
3.940000E-8	-6.646247E-4
3.950000E-8	-2.072670E-4
3.960000E-8	1.370359E-4
3.970000E-8	3.014792E-4
3.980000E-8	2.483777E-4
3.990000E-8	-5.995331E-5
4.000000E-8	-5.601347E-4
4.010000E-8	-1.159667E-3
4.020000E-8	-1.694108E-3
4.030000E-8	-2.029846E-3
4.040000E-8	-2.076096E-3
4.050000E-8	-1.844847E-3
4.060000E-8	-1.336101E-3
4.070000E-8	-7.005966E-4
4.080000E-8	-9.421231E-5
4.090000E-8	3.168957E-4
4.100000E-8	4.522188E-4
4.110000E-8	2.997662E-4
4.120000E-8	-5.310151E-5
4.130000E-8	-4.624966E-4
4.140000E-8	-8.376326E-4
4.150000E-8	-1.127121E-3
4.160000E-8	-1.294990E-3
4.170000E-8	-1.380638E-3
4.180000E-8	-1.360082E-3
4.190000E-8	-1.235037E-3
4.200000E-8	-9.780945E-4
4.210000E-8	-6.783283E-4
4.220000E-8	-3.254606E-4
4.230000E-8	-5.310151E-5
4.240000E-8	7.708270E-5
4.250000E-8	3.768485E-5
4.260000E-8	-1.575915E-4
4.270000E-8	-4.881908E-4
4.280000E-8	-8.547621E-4
4.290000E-8	-1.173371E-3
4.300000E-8	-1.363508E-3
4.310000E-8	-1.392628E-3
4.320000E-8	-1.262444E-3
4.330000E-8	-1.008928E-3
4.340000E-8	-6.663376E-4
4.350000E-8	-3.391642E-4
4.360000E-8	-9.249936E-5
4.370000E-8	-6.851855E-6
4.380000E-8	-7.708281E-5
4.390000E-8	-2.860627E-4
4.400000E-8	-5.652736E-4
4.410000E-8	-8.770305E-4
4.420000E-8	-1.133973E-3
4.430000E-8	-1.305268E-3
4.440000E-8	-1.298416E-3
4.450000E-8	-1.123695E-3
4.460000E-8	-8.050866E-4
4.470000E-8	-4.333764E-4
4.480000E-8	-8.907346E-5
4.490000E-8	1.456007E-4
4.500000E-8	2.312482E-4
4.510000E-8	1.661561E-4
4.520000E-8	-1.370365E-5
4.530000E-8	-2.466649E-4
4.540000E-8	-5.293016E-4
4.550000E-8	-8.016607E-4
4.560000E-8	-1.003789E-3
4.570000E-8	-1.133973E-3
4.580000E-8	-1.118556E-3
4.590000E-8	-9.541132E-4
4.600000E-8	-6.817542E-4
4.610000E-8	-3.443030E-4
4.620000E-8	-7.194396E-5
4.630000E-8	8.907335E-5
4.640000E-8	5.138845E-5
4.650000E-8	-1.387490E-4
4.660000E-8	-4.333764E-4
4.670000E-8	-7.622628E-4
4.680000E-8	-1.003789E-3
4.690000E-8	-1.173371E-3
4.700000E-8	-1.181936E-3
4.710000E-8	-1.056890E-3
4.720000E-8	-8.307808E-4
4.730000E-8	-5.224498E-4
4.740000E-8	-1.798598E-4
4.750000E-8	8.050860E-5
4.760000E-8	1.849986E-4
4.770000E-8	1.113417E-4
4.780000E-8	-7.536986E-5
4.790000E-8	-3.203217E-4
4.800000E-8	-5.395793E-4
4.810000E-8	-7.160132E-4
4.820000E-8	-8.273549E-4
4.830000E-8	-8.924470E-4
4.840000E-8	-9.061506E-4
4.850000E-8	-8.770305E-4
4.860000E-8	-7.708276E-4
4.870000E-8	-5.909678E-4
4.880000E-8	-3.597196E-4
4.890000E-8	-1.661562E-4
4.900000E-8	-8.393461E-5
4.910000E-8	-1.558785E-4
4.920000E-8	-3.699973E-4
4.930000E-8	-6.646247E-4
4.940000E-8	-9.626780E-4
4.950000E-8	-1.164806E-3
4.960000E-8	-1.211056E-3
4.970000E-8	-1.074020E-3
4.980000E-8	-8.153643E-4
4.990000E-8	-5.395793E-4
5.000000E-8	-2.809239E-4
5.010000E-8	-8.907346E-5
5.020000E-8	8.564696E-6
5.030000E-8	-1.884251E-5
5.040000E-8	-1.336102E-4
5.050000E-8	-3.220347E-4
5.060000E-8	-5.344405E-4
5.070000E-8	-7.776794E-4
5.080000E-8	-1.005502E-3
5.090000E-8	-1.157954E-3
5.100000E-8	-1.154528E-3
5.110000E-8	-1.044900E-3
5.120000E-8	-8.461974E-4
5.130000E-8	-5.875419E-4
5.140000E-8	-3.408771E-4
5.150000E-8	-1.644433E-4
5.160000E-8	-1.079159E-4
5.170000E-8	-2.089800E-4
5.180000E-8	-4.282376E-4
5.190000E-8	-7.262909E-4
5.200000E-8	-1.062029E-3
5.210000E-8	-1.332675E-3
5.220000E-8	-1.466285E-3
5.230000E-8	-1.426887E-3
5.240000E-8	-1.248741E-3
5.250000E-8	-9.712427E-4
5.260000E-8	-6.526340E-4
5.270000E-8	-3.425901E-4
5.280000E-8	-1.370361E-4
5.290000E-8	-8.564805E-6
5.300000E-8	-5.310151E-5
5.310000E-8	-2.124059E-4
5.320000E-8	-4.008304E-4
5.330000E-8	-5.464311E-4
5.340000E-8	-6.440693E-4
5.350000E-8	-6.680506E-4
5.360000E-8	-6.303657E-4
5.370000E-8	-5.532829E-4
5.380000E-8	-4.744872E-4
5.390000E-8	-3.323124E-4
5.400000E-8	-2.466649E-4
5.410000E-8	-1.541656E-4
5.420000E-8	-9.763821E-5
5.430000E-8	-1.010641E-4
5.440000E-8	-2.226836E-4
5.450000E-8	-4.008304E-4
5.460000E-8	-5.618477E-4
5.470000E-8	-6.851801E-4
5.480000E-8	-7.331427E-4
5.490000E-8	-7.348556E-4
5.500000E-8	-6.868930E-4
5.510000E-8	-6.218009E-4
5.520000E-8	-5.738383E-4
5.530000E-8	-5.498570E-4
5.540000E-8	-4.847649E-4
5.550000E-8	-3.922656E-4
5.560000E-8	-2.672203E-4
5.570000E-8	-2.124059E-4
5.580000E-8	-2.381001E-4
5.590000E-8	-3.699973E-4
5.600000E-8	-5.926808E-4
5.610000E-8	-8.324938E-4
5.620000E-8	-9.695298E-4
5.630000E-8	-9.712427E-4
5.640000E-8	-8.067995E-4
5.650000E-8	-5.293016E-4
5.660000E-8	-2.483778E-4
5.670000E-8	-1.199070E-5
5.680000E-8	7.879565E-5
5.690000E-8	7.708270E-5
5.700000E-8	-3.425906E-5
5.710000E-8	-2.449519E-4
5.720000E-8	-4.642095E-4
5.730000E-8	-6.971707E-4
5.740000E-8	-8.787434E-4
5.750000E-8	-9.472614E-4
5.760000E-8	-9.095765E-4
5.770000E-8	-7.451333E-4
5.780000E-8	-5.207369E-4
5.790000E-8	-2.774980E-4
5.800000E-8	-8.393461E-5
5.810000E-8	-3.425955E-6
5.820000E-8	-1.541661E-5
5.830000E-8	-1.044900E-4
5.840000E-8	-2.363872E-4
5.850000E-8	-3.888397E-4
5.860000E-8	-5.447182E-4
5.870000E-8	-6.937448E-4
5.880000E-8	-7.759664E-4
5.890000E-8	-8.187902E-4
5.900000E-8	-7.982348E-4
5.910000E-8	-7.365686E-4
5.920000E-8	-6.389304E-4
5.930000E-8	-4.864779E-4
5.940000E-8	-2.826368E-4
5.950000E-8	-5.652741E-5
5.960000E-8	1.404618E-4
5.970000E-8	2.518036E-4
5.980000E-8	2.089799E-4
5.990000E-8	-1.027775E-5
6.000000E-8	-3.854138E-4
6.010000E-8	-7.811053E-4
6.020000E-8	-1.048325E-3
6.030000E-8	-1.098001E-3
6.040000E-8	-9.301319E-4
6.050000E-8	-5.892549E-4
6.060000E-8	-1.969893E-4
6.070000E-8	1.147676E-4
6.080000E-8	2.997662E-4
6.090000E-8	3.271734E-4
6.100000E-8	2.021281E-4
6.110000E-8	-1.712956E-5
6.120000E-8	-2.689332E-4
6.130000E-8	-5.001815E-4
6.140000E-8	-6.200880E-4
6.150000E-8	-6.680506E-4
6.160000E-8	-6.355045E-4
6.170000E-8	-5.532829E-4
6.180000E-8	-3.922656E-4
6.190000E-8	-2.089800E-4
6.200000E-8	-2.055546E-5
6.210000E-8	1.079158E-4
6.220000E-8	1.404618E-4
6.230000E-8	7.879565E-5
6.240000E-8	-6.680511E-5
6.250000E-8	-2.381001E-4
6.260000E-8	-4.042563E-4
6.270000E-8	-5.430052E-4
6.280000E-8	-6.406434E-4
6.290000E-8	-7.040225E-4
6.300000E-8	-6.971707E-4
6.310000E-8	-6.200880E-4
6.320000E-8	-4.710613E-4
6.330000E-8	-2.894886E-4
6.340000E-8	-1.473138E-4
6.350000E-8	-1.027771E-4
6.360000E-8	-1.404620E-4
6.370000E-8	-2.826368E-4
6.380000E-8	-4.779131E-4
6.390000E-8	-7.245779E-4
6.400000E-8	-9.489744E-4
6.410000E-8	-1.115131E-3
6.420000E-8	-1.149390E-3
6.430000E-8	-1.027770E-3
6.440000E-8	-7.674017E-4
6.450000E-8	-4.368023E-4
6.460000E-8	-1.267584E-4
6.470000E-8	8.564745E-5
6.480000E-8	1.421748E-4
6.490000E-8	4.967550E-5
6.500000E-8	-1.473138E-4
6.510000E-8	-3.665714E-4
6.520000E-8	-5.412923E-4
6.530000E-8	-6.098103E-4
6.540000E-8	-6.492081E-4
6.550000E-8	-6.526340E-4
6.560000E-8	-6.252268E-4
6.570000E-8	-6.218009E-4
6.580000E-8	-6.492081E-4
6.590000E-8	-6.714765E-4
6.600000E-8	-6.783283E-4
6.610000E-8	-6.423563E-4
6.620000E-8	-5.755513E-4
6.630000E-8	-5.001815E-4
6.640000E-8	-4.556448E-4
6.650000E-8	-4.642095E-4
6.660000E-8	-5.447182E-4
6.670000E-8	-6.680506E-4
6.680000E-8	-7.674017E-4
6.690000E-8	-8.205031E-4
6.700000E-8	-7.896700E-4
6.710000E-8	-6.920319E-4
6.720000E-8	-5.498570E-4
6.730000E-8	-4.213858E-4
6.740000E-8	-2.809239E-4
6.750000E-8	-2.175447E-4
6.760000E-8	-2.141188E-4
6.770000E-8	-2.997663E-4
6.780000E-8	-4.487930E-4
6.790000E-8	-6.492081E-4
6.800000E-8	-8.256420E-4
6.810000E-8	-9.215672E-4
6.820000E-8	-8.907341E-4
6.830000E-8	-7.399945E-4
6.840000E-8	-5.173110E-4
6.850000E-8	-3.220347E-4
6.860000E-8	-1.815728E-4
6.870000E-8	-1.593044E-4
6.880000E-8	-2.295354E-4
6.890000E-8	-3.254606E-4
6.900000E-8	-3.819879E-4
6.910000E-8	-3.991174E-4
6.920000E-8	-3.837009E-4
6.930000E-8	-4.196728E-4
6.940000E-8	-5.121721E-4
6.950000E-8	-6.783283E-4
6.960000E-8	-7.930959E-4
6.970000E-8	-8.342067E-4
6.980000E-8	-7.588369E-4
6.990000E-8	-5.892549E-4
7.000000E-8	-3.871268E-4
7.010000E-8	-2.243965E-4
7.020000E-8	-1.712951E-4
7.030000E-8	-2.055541E-4
7.040000E-8	-2.655073E-4
7.050000E-8	-3.100440E-4
7.060000E-8	-3.031922E-4
7.070000E-8	-2.929145E-4
7.080000E-8	-3.031922E-4
7.090000E-8	-3.494419E-4
7.100000E-8	-4.196728E-4
7.110000E-8	-4.676354E-4
7.120000E-8	-4.830520E-4
7.130000E-8	-4.248117E-4
7.140000E-8	-3.305994E-4
7.150000E-8	-2.089800E-4
7.160000E-8	-1.421749E-4
7.170000E-8	-1.301843E-4
7.180000E-8	-2.106929E-4
7.190000E-8	-3.425901E-4
7.200000E-8	-4.864779E-4
7.210000E-8	-6.183750E-4
7.220000E-8	-6.971707E-4
7.230000E-8	-6.783283E-4
7.240000E-8	-5.909678E-4
7.250000E-8	-4.402282E-4
7.260000E-8	-2.980534E-4
7.270000E-8	-1.935634E-4
7.280000E-8	-1.918505E-4
7.290000E-8	-2.997663E-4
7.300000E-8	-4.607836E-4
7.310000E-8	-6.320786E-4
7.320000E-8	-7.588369E-4
7.330000E-8	-8.187902E-4
7.340000E-8	-7.930959E-4
7.350000E-8	-6.954578E-4
7.360000E-8	-5.704124E-4
7.370000E-8	-4.419412E-4
7.380000E-8	-3.220347E-4
7.390000E-8	-2.826368E-4
7.400000E-8	-2.757850E-4
7.410000E-8	-2.997663E-4
7.420000E-8	-3.288865E-4
7.430000E-8	-3.922656E-4
7.440000E-8	-4.762002E-4
7.450000E-8	-5.258757E-4
7.460000E-8	-5.755513E-4
7.470000E-8	-5.806901E-4
7.480000E-8	-5.806901E-4
7.490000E-8	-5.155980E-4
7.500000E-8	-4.162469E-4
7.510000E-8	-2.792109E-4
7.520000E-8	-1.644433E-4
7.530000E-8	-8.907346E-5
7.540000E-8	-1.010641E-4
7.550000E-8	-1.781469E-4
7.560000E-8	-2.843498E-4
7.570000E-8	-4.145340E-4
7.580000E-8	-5.104592E-4
7.590000E-8	-5.447182E-4
7.600000E-8	-5.241628E-4
7.610000E-8	-4.779131E-4
7.620000E-8	-4.333764E-4
7.630000E-8	-4.093951E-4
7.640000E-8	-3.717102E-4
7.650000E-8	-3.186088E-4
7.660000E-8	-2.552296E-4
7.670000E-8	-1.695821E-4
7.680000E-8	-8.564756E-5
7.690000E-8	-4.796266E-5
7.700000E-8	-3.939791E-5
7.710000E-8	-9.935116E-5
7.720000E-8	-1.815728E-4
7.730000E-8	-3.014793E-4
7.740000E-8	-4.385153E-4
7.750000E-8	-5.430052E-4
7.760000E-8	-5.686995E-4
7.770000E-8	-5.327275E-4
7.780000E-8	-4.727743E-4
7.790000E-8	-3.854138E-4
7.800000E-8	-3.220347E-4
7.810000E-8	-2.929145E-4
7.820000E-8	-2.757850E-4
7.830000E-8	-2.980534E-4
7.840000E-8	-3.562937E-4
7.850000E-8	-4.282376E-4
7.860000E-8	-5.378664E-4
7.870000E-8	-6.303657E-4
7.880000E-8	-6.646247E-4
7.890000E-8	-5.978196E-4
7.900000E-8	-5.138851E-4
7.910000E-8	-4.316635E-4
7.920000E-8	-4.008304E-4
7.930000E-8	-3.974045E-4
7.940000E-8	-4.299505E-4
7.950000E-8	-4.522189E-4
7.960000E-8	-4.402282E-4
7.970000E-8	-3.785620E-4
7.980000E-8	-3.134699E-4
7.990000E-8	-2.723591E-4
8.000000E-8	-2.877757E-4
8.010000E-8	-2.946275E-4
8.020000E-8	-3.425901E-4
8.030000E-8	-3.580066E-4
8.040000E-8	-3.785620E-4
8.050000E-8	-3.597196E-4
8.060000E-8	-2.980534E-4
8.070000E-8	-2.192577E-4
8.080000E-8	-1.096289E-4
8.090000E-8	-5.310151E-5
8.100000E-8	-3.083316E-5
8.110000E-8	-1.421749E-4
8.120000E-8	-3.305994E-4
8.130000E-8	-5.567088E-4
8.140000E-8	-7.331427E-4
8.150000E-8	-8.290679E-4
8.160000E-8	-8.085125E-4
8.170000E-8	-6.646247E-4
8.180000E-8	-5.036074E-4
8.190000E-8	-3.699973E-4
8.200000E-8	-3.168958E-4
8.210000E-8	-3.203217E-4
8.220000E-8	-3.597196E-4
8.230000E-8	-4.162469E-4
8.240000E-8	-4.299505E-4
8.250000E-8	-4.076822E-4
8.260000E-8	-3.477289E-4
8.270000E-8	-3.220347E-4
8.280000E-8	-2.809239E-4
8.290000E-8	-2.997663E-4
8.300000E-8	-3.100440E-4
8.310000E-8	-3.785620E-4
8.320000E-8	-4.590707E-4
8.330000E-8	-5.327275E-4
8.340000E-8	-5.943937E-4
8.350000E-8	-6.663376E-4
8.360000E-8	-6.954578E-4
8.370000E-8	-6.868930E-4
8.380000E-8	-6.629117E-4
8.390000E-8	-5.875419E-4
8.400000E-8	-5.053203E-4
8.410000E-8	-4.230987E-4
8.420000E-8	-3.425901E-4
8.430000E-8	-2.929145E-4
8.440000E-8	-2.398131E-4
8.450000E-8	-1.901375E-4
8.460000E-8	-1.318972E-4
8.470000E-8	-9.763821E-5
8.480000E-8	-8.907346E-5
8.490000E-8	-1.113418E-4
8.500000E-8	-2.518037E-4
8.510000E-8	-4.145340E-4
8.520000E-8	-6.183750E-4
8.530000E-8	-7.502722E-4
8.540000E-8	-8.067995E-4
8.550000E-8	-7.023096E-4
8.560000E-8	-4.881908E-4
8.570000E-8	-2.004152E-4
8.580000E-8	2.912010E-5
8.590000E-8	1.627302E-4
8.600000E-8	1.610173E-4
8.610000E-8	3.425895E-5
8.620000E-8	-1.507397E-4
8.630000E-8	-2.912016E-4
8.640000E-8	-4.265246E-4
8.650000E-8	-4.984685E-4
8.660000E-8	-5.275887E-4
8.670000E-8	-5.361534E-4
8.680000E-8	-5.258757E-4
8.690000E-8	-4.813390E-4
8.700000E-8	-4.145340E-4
8.710000E-8	-3.717102E-4
8.720000E-8	-3.682843E-4
8.730000E-8	-3.939786E-4
8.740000E-8	-4.470800E-4
8.750000E-8	-4.470800E-4
8.760000E-8	-3.939786E-4
8.770000E-8	-2.980534E-4
8.780000E-8	-1.798598E-4
8.790000E-8	-1.199066E-4
8.800000E-8	-1.079159E-4
8.810000E-8	-1.747210E-4
8.820000E-8	-2.809239E-4
8.830000E-8	-3.699973E-4
8.840000E-8	-4.025433E-4
8.850000E-8	-3.682843E-4
8.860000E-8	-2.963404E-4
8.870000E-8	-1.644433E-4
8.880000E-8	-7.879576E-5
8.890000E-8	-3.939791E-5
8.900000E-8	-7.194396E-5
8.910000E-8	-1.301843E-4
8.920000E-8	-1.918505E-4
8.930000E-8	-2.552296E-4
8.940000E-8	-3.049052E-4
8.950000E-8	-3.597196E-4
8.960000E-8	-4.025433E-4
8.970000E-8	-4.727743E-4
8.980000E-8	-5.515700E-4
8.990000E-8	-5.995326E-4
9.000000E-8	-6.029585E-4
9.010000E-8	-5.618477E-4
9.020000E-8	-5.001815E-4
9.030000E-8	-4.333764E-4
9.040000E-8	-4.111081E-4
9.050000E-8	-4.522189E-4
9.060000E-8	-5.155980E-4
9.070000E-8	-5.892549E-4
9.080000E-8	-6.355045E-4
9.090000E-8	-7.074484E-4
9.100000E-8	-7.605499E-4
9.110000E-8	-7.845312E-4
9.120000E-8	-7.622628E-4
9.130000E-8	-7.125873E-4
9.140000E-8	-6.543470E-4
9.150000E-8	-6.303657E-4
9.160000E-8	-6.406434E-4
9.170000E-8	-6.903189E-4
9.180000E-8	-7.691146E-4
9.190000E-8	-8.102254E-4
9.200000E-8	-7.896700E-4
9.210000E-8	-7.074484E-4
9.220000E-8	-6.389304E-4
9.230000E-8	-5.549959E-4
9.240000E-8	-4.830520E-4
9.250000E-8	-4.093951E-4
9.260000E-8	-3.100440E-4
9.270000E-8	-2.124059E-4
9.280000E-8	-1.062030E-4
9.290000E-8	-4.624971E-5
9.300000E-8	-3.425906E-5
9.310000E-8	-1.096289E-4
9.320000E-8	-1.969893E-4
9.330000E-8	-2.843498E-4
9.340000E-8	-3.819879E-4
9.350000E-8	-4.642095E-4
9.360000E-8	-5.412923E-4
9.370000E-8	-5.875419E-4
9.380000E-8	-5.909678E-4
9.390000E-8	-5.567088E-4
9.400000E-8	-4.710613E-4
9.410000E-8	-3.871268E-4
9.420000E-8	-3.597196E-4
9.430000E-8	-4.230987E-4
9.440000E-8	-5.738383E-4
9.450000E-8	-7.708276E-4
9.460000E-8	-9.352708E-4
9.470000E-8	-9.952240E-4
9.480000E-8	-8.992988E-4
9.490000E-8	-6.954578E-4
9.500000E-8	-4.693484E-4
9.510000E-8	-2.877757E-4
9.520000E-8	-2.312483E-4
9.530000E-8	-2.655073E-4
9.540000E-8	-3.802750E-4
9.550000E-8	-5.138851E-4
9.560000E-8	-6.218009E-4
9.570000E-8	-6.320786E-4
9.580000E-8	-5.412923E-4
9.590000E-8	-4.025433E-4
9.600000E-8	-2.826368E-4
9.610000E-8	-2.055541E-4
9.620000E-8	-1.541656E-4
9.630000E-8	-2.243965E-4
9.640000E-8	-3.271735E-4
9.650000E-8	-4.796261E-4
9.660000E-8	-5.824031E-4
9.670000E-8	-5.995326E-4
9.680000E-8	-5.070333E-4
9.690000E-8	-3.443030E-4
9.700000E-8	-1.918505E-4
9.710000E-8	-8.564756E-5
9.720000E-8	-8.564756E-5
9.730000E-8	-1.849987E-4
9.740000E-8	-3.340253E-4
9.750000E-8	-4.779131E-4
9.760000E-8	-5.669865E-4
9.770000E-8	-5.567088E-4
9.780000E-8	-5.053203E-4
9.790000E-8	-4.385153E-4
9.800000E-8	-3.837009E-4
9.810000E-8	-3.477289E-4
9.820000E-8	-3.168958E-4
9.830000E-8	-3.528678E-4
9.840000E-8	-3.871268E-4
9.850000E-8	-4.453671E-4
9.860000E-8	-4.899038E-4
9.870000E-8	-5.190239E-4
9.880000E-8	-4.916167E-4
9.890000E-8	-4.059692E-4
9.900000E-8	-3.134699E-4
9.910000E-8	-2.826368E-4
9.920000E-8	-3.134699E-4
9.930000E-8	-3.682843E-4
9.940000E-8	-4.556448E-4
9.950000E-8	-4.779131E-4
9.960000E-8	-4.727743E-4
9.970000E-8	-4.453671E-4
9.980000E-8	-4.676354E-4
9.990000E-8	-5.635606E-4
1.000000E-7	-7.023096E-4
1.001000E-7	-8.496233E-4
1.002000E-7	-9.181413E-4
1.003000E-7	-8.873082E-4
1.004000E-7	-7.622628E-4
1.005000E-7	-6.098103E-4
1.006000E-7	-4.881908E-4
1.007000E-7	-4.282376E-4
1.008000E-7	-4.093951E-4
1.009000E-7	-3.905527E-4
1.010000E-7	-3.956915E-4
1.011000E-7	-4.042563E-4
1.012000E-7	-4.042563E-4
1.013000E-7	-4.419412E-4
1.014000E-7	-5.155980E-4
1.015000E-7	-5.704124E-4
1.016000E-7	-5.447182E-4
1.017000E-7	-4.676354E-4
1.018000E-7	-3.357383E-4
1.019000E-7	-2.089800E-4
1.020000E-7	-1.370361E-4
1.021000E-7	-1.575915E-4
1.022000E-7	-2.398131E-4
1.023000E-7	-3.939786E-4
1.024000E-7	-5.515700E-4
1.025000E-7	-6.440693E-4
1.026000E-7	-6.355045E-4
1.027000E-7	-5.892549E-4
1.028000E-7	-4.847649E-4
1.029000E-7	-3.614325E-4
1.030000E-7	-2.912016E-4
1.031000E-7	-3.237476E-4
1.032000E-7	-4.111081E-4
1.033000E-7	-5.721254E-4
1.034000E-7	-6.731894E-4
1.035000E-7	-7.331427E-4
1.036000E-7	-6.749024E-4
1.037000E-7	-5.618477E-4
1.038000E-7	-4.162469E-4
1.039000E-7	-3.408771E-4
1.040000E-7	-3.168958E-4
1.041000E-7	-3.237476E-4
1.042000E-7	-3.083311E-4
1.043000E-7	-3.237476E-4
1.044000E-7	-3.888397E-4
1.045000E-7	-5.327275E-4
1.046000E-7	-7.228650E-4
1.047000E-7	-9.112895E-4
1.048000E-7	-1.024344E-3
1.049000E-7	-1.036335E-3
1.050000E-7	-9.438355E-4
1.051000E-7	-8.016607E-4
1.052000E-7	-6.132362E-4
1.053000E-7	-4.436541E-4
1.054000E-7	-3.066181E-4
1.055000E-7	-2.346742E-4
1.056000E-7	-2.466649E-4
1.057000E-7	-3.049052E-4
1.058000E-7	-4.076822E-4
1.059000E-7	-5.121721E-4
1.060000E-7	-6.098103E-4
1.061000E-7	-6.063844E-4
1.062000E-7	-5.395793E-4
1.063000E-7	-4.111081E-4
1.064000E-7	-2.860627E-4
1.065000E-7	-2.432390E-4
1.066000E-7	-2.603685E-4
1.067000E-7	-3.648584E-4
1.068000E-7	-4.744872E-4
1.069000E-7	-5.686995E-4
1.070000E-7	-5.995326E-4
1.071000E-7	-5.344405E-4
1.072000E-7	-4.539318E-4
1.073000E-7	-3.785620E-4
1.074000E-7	-3.682843E-4
1.075000E-7	-4.179599E-4
1.076000E-7	-5.070333E-4
1.077000E-7	-5.447182E-4
1.078000E-7	-5.669865E-4
1.079000E-7	-5.241628E-4
1.080000E-7	-4.899038E-4
1.081000E-7	-4.590707E-4
1.082000E-7	-4.830520E-4
1.083000E-7	-5.138851E-4
1.084000E-7	-5.361534E-4
1.085000E-7	-5.036074E-4
1.086000E-7	-3.939786E-4
1.087000E-7	-2.552296E-4
1.088000E-7	-1.301843E-4
1.089000E-7	-4.282381E-5
1.090000E-7	-5.138856E-5
1.091000E-7	-1.164807E-4
1.092000E-7	-2.398131E-4
1.093000E-7	-3.802750E-4
1.094000E-7	-4.693484E-4
1.095000E-7	-5.001815E-4
1.096000E-7	-4.556448E-4
1.097000E-7	-3.888397E-4
1.098000E-7	-2.894886E-4
1.099000E-7	-2.312483E-4
1.100000E-7	-1.867116E-4
1.101000E-7	-1.781469E-4
1.102000E-7	-1.764339E-4
1.103000E-7	-2.329613E-4
1.104000E-7	-3.254606E-4
1.105000E-7	-4.436541E-4
1.106000E-7	-5.121721E-4
1.107000E-7	-5.549959E-4
1.108000E-7	-5.155980E-4
1.109000E-7	-4.076822E-4
1.110000E-7	-3.151829E-4
1.111000E-7	-2.912016E-4
1.112000E-7	-3.288865E-4
1.113000E-7	-4.385153E-4
1.114000E-7	-5.618477E-4
1.115000E-7	-6.492081E-4
1.116000E-7	-6.731894E-4
1.117000E-7	-6.474952E-4
1.118000E-7	-6.303657E-4
1.119000E-7	-5.943937E-4
1.120000E-7	-5.635606E-4
1.121000E-7	-5.481441E-4
1.122000E-7	-5.018944E-4
1.123000E-7	-4.453671E-4
1.124000E-7	-3.614325E-4
1.125000E-7	-2.877757E-4
1.126000E-7	-2.552296E-4
1.127000E-7	-2.552296E-4
1.128000E-7	-2.929145E-4
1.129000E-7	-3.477289E-4
1.130000E-7	-4.522189E-4
1.131000E-7	-5.070333E-4
1.132000E-7	-4.830520E-4
1.133000E-7	-3.871268E-4
1.134000E-7	-2.535167E-4
1.135000E-7	-1.044900E-4
1.136000E-7	8.564696E-6
1.137000E-7	2.055535E-5
1.138000E-7	-2.398136E-5
1.139000E-7	-1.507397E-4
1.140000E-7	-3.151829E-4
1.141000E-7	-4.556448E-4
1.142000E-7	-5.412923E-4
1.143000E-7	-5.686995E-4
1.144000E-7	-4.676354E-4
1.145000E-7	-3.083311E-4
1.146000E-7	-1.456008E-4
1.147000E-7	-3.425906E-5
1.148000E-7	8.564696E-6
1.149000E-7	-2.740726E-5
1.150000E-7	-1.404620E-4
1.151000E-7	-3.220347E-4
1.152000E-7	-5.138851E-4
1.153000E-7	-7.091614E-4
1.154000E-7	-8.119384E-4
1.155000E-7	-8.564751E-4
1.156000E-7	-7.725405E-4
1.157000E-7	-5.755513E-4
1.158000E-7	-3.271735E-4
1.159000E-7	-1.541656E-4
1.160000E-7	-8.222166E-5
1.161000E-7	-1.387490E-4
1.162000E-7	-3.083311E-4
1.163000E-7	-5.070333E-4
1.164000E-7	-6.903189E-4
1.165000E-7	-7.742535E-4
1.166000E-7	-7.656887E-4
1.167000E-7	-7.074484E-4
1.168000E-7	-6.389304E-4
1.169000E-7	-6.063844E-4
1.170000E-7	-5.755513E-4
1.171000E-7	-5.515700E-4
1.172000E-7	-5.173110E-4
1.173000E-7	-4.402282E-4
1.174000E-7	-3.323124E-4
1.175000E-7	-2.363872E-4
1.176000E-7	-2.141188E-4
1.177000E-7	-3.168958E-4
1.178000E-7	-4.590707E-4
1.179000E-7	-6.029585E-4
1.180000E-7	-6.937448E-4
1.181000E-7	-7.143002E-4
1.182000E-7	-6.851801E-4
1.183000E-7	-6.440693E-4
1.184000E-7	-5.961067E-4
1.185000E-7	-5.481441E-4
1.186000E-7	-5.001815E-4
1.187000E-7	-4.145340E-4
1.188000E-7	-2.980534E-4
1.189000E-7	-2.192577E-4
1.190000E-7	-2.552296E-4
1.191000E-7	-3.734232E-4
1.192000E-7	-5.532829E-4
1.193000E-7	-7.057355E-4
1.194000E-7	-7.365686E-4
1.195000E-7	-6.800412E-4
1.196000E-7	-5.224498E-4
1.197000E-7	-3.631455E-4
1.198000E-7	-3.066181E-4
1.199000E-7	-3.580066E-4
1.200000E-7	-4.659225E-4
1.201000E-7	-5.772642E-4
1.202000E-7	-6.235139E-4
1.203000E-7	-5.669865E-4
1.204000E-7	-4.505059E-4
1.205000E-7	-3.288865E-4
1.206000E-7	-2.689332E-4
1.207000E-7	-2.569426E-4
1.208000E-7	-2.483778E-4
1.209000E-7	-2.552296E-4
1.210000E-7	-2.518037E-4
1.211000E-7	-2.774980E-4
1.212000E-7	-3.494419E-4
1.213000E-7	-4.419412E-4
1.214000E-7	-5.430052E-4
1.215000E-7	-6.166621E-4
1.216000E-7	-6.611988E-4
1.217000E-7	-6.115232E-4
1.218000E-7	-5.361534E-4
1.219000E-7	-4.642095E-4
1.220000E-7	-4.128210E-4
1.221000E-7	-4.042563E-4
1.222000E-7	-3.734232E-4
1.223000E-7	-3.340253E-4
1.224000E-7	-2.912016E-4
1.225000E-7	-2.792109E-4
1.226000E-7	-2.706462E-4
1.227000E-7	-3.374512E-4
1.228000E-7	-4.402282E-4
1.229000E-7	-5.207369E-4
1.230000E-7	-5.755513E-4
1.231000E-7	-5.635606E-4
1.232000E-7	-4.984685E-4
1.233000E-7	-4.385153E-4
1.234000E-7	-4.111081E-4
1.235000E-7	-4.248117E-4
1.236000E-7	-4.642095E-4
1.237000E-7	-4.899038E-4
1.238000E-7	-4.676354E-4
1.239000E-7	-4.042563E-4
1.240000E-7	-3.425901E-4
1.241000E-7	-3.648584E-4
1.242000E-7	-4.624966E-4
1.243000E-7	-6.252268E-4
1.244000E-7	-7.656887E-4
1.245000E-7	-8.599010E-4
1.246000E-7	-9.130024E-4
1.247000E-7	-8.975859E-4
1.248000E-7	-8.907341E-4
1.249000E-7	-8.599010E-4
1.250000E-7	-8.016607E-4
1.251000E-7	-7.160132E-4
1.252000E-7	-6.218009E-4
1.253000E-7	-5.241628E-4
1.254000E-7	-4.642095E-4
1.255000E-7	-4.350894E-4
1.256000E-7	-4.093951E-4
1.257000E-7	-3.837009E-4
1.258000E-7	-3.083311E-4
1.259000E-7	-2.089800E-4
1.260000E-7	-1.010641E-4
1.261000E-7	-7.023101E-5
1.262000E-7	-1.079159E-4
1.263000E-7	-2.226836E-4
1.264000E-7	-3.785620E-4
1.265000E-7	-5.481441E-4
1.266000E-7	-6.766153E-4
1.267000E-7	-7.434204E-4
1.268000E-7	-7.228650E-4
1.269000E-7	-6.320786E-4
1.270000E-7	-5.173110E-4
1.271000E-7	-4.008304E-4
1.272000E-7	-3.151829E-4
1.273000E-7	-2.363872E-4
1.274000E-7	-2.124059E-4
1.275000E-7	-2.124059E-4
1.276000E-7	-2.089800E-4
1.277000E-7	-1.798598E-4
1.278000E-7	-1.558785E-4
1.279000E-7	-1.421749E-4
1.280000E-7	-1.918505E-4
1.281000E-7	-2.980534E-4
1.282000E-7	-4.316635E-4
1.283000E-7	-5.361534E-4
1.284000E-7	-6.029585E-4
1.285000E-7	-6.149491E-4
1.286000E-7	-6.115232E-4
1.287000E-7	-6.063844E-4
1.288000E-7	-5.806901E-4
1.289000E-7	-5.018944E-4
1.290000E-7	-3.854138E-4
1.291000E-7	-2.569426E-4
1.292000E-7	-1.387490E-4
1.293000E-7	-8.564756E-5
1.294000E-7	-1.404620E-4
1.295000E-7	-2.809239E-4
1.296000E-7	-4.624966E-4
1.297000E-7	-5.858290E-4
1.298000E-7	-6.440693E-4
1.299000E-7	-6.337916E-4
1.300000E-7	-6.337916E-4
1.301000E-7	-6.457822E-4
1.302000E-7	-6.577729E-4
1.303000E-7	-6.218009E-4
1.304000E-7	-5.430052E-4
1.305000E-7	-3.854138E-4
1.306000E-7	-2.209706E-4
1.307000E-7	-8.564756E-5
1.308000E-7	-3.425906E-5
1.309000E-7	-7.708281E-5
1.310000E-7	-2.278224E-4
1.311000E-7	-4.213858E-4
1.312000E-7	-5.721254E-4
1.313000E-7	-6.817542E-4
1.314000E-7	-7.211520E-4
1.315000E-7	-7.125873E-4
1.316000E-7	-6.697635E-4
1.317000E-7	-6.080973E-4
1.318000E-7	-5.430052E-4
1.319000E-7	-5.104592E-4
1.320000E-7	-4.796261E-4
1.321000E-7	-4.316635E-4
1.322000E-7	-3.545807E-4
1.323000E-7	-2.637944E-4
1.324000E-7	-1.610174E-4
1.325000E-7	-6.509216E-5
1.326000E-7	1.199060E-5
1.327000E-7	8.564696E-6
1.328000E-7	-5.310151E-5
1.329000E-7	-1.849987E-4
1.330000E-7	-3.288865E-4
1.331000E-7	-4.556448E-4
1.332000E-7	-5.549959E-4
1.333000E-7	-6.115232E-4
1.334000E-7	-6.063844E-4
1.335000E-7	-5.447182E-4
1.336000E-7	-4.881908E-4
1.337000E-7	-4.093951E-4
1.338000E-7	-3.751361E-4
1.339000E-7	-3.956915E-4
1.340000E-7	-4.693484E-4
1.341000E-7	-5.858290E-4
1.342000E-7	-6.680506E-4
1.343000E-7	-6.646247E-4
1.344000E-7	-5.858290E-4
1.345000E-7	-4.573577E-4
1.346000E-7	-3.597196E-4
1.347000E-7	-3.271735E-4
1.348000E-7	-3.511548E-4
1.349000E-7	-4.693484E-4
1.350000E-7	-6.252268E-4
1.351000E-7	-7.280038E-4
1.352000E-7	-7.399945E-4
1.353000E-7	-6.868930E-4
1.354000E-7	-5.978196E-4
1.355000E-7	-4.744872E-4
1.356000E-7	-3.699973E-4
1.357000E-7	-2.997663E-4
1.358000E-7	-2.826368E-4
1.359000E-7	-2.946275E-4
1.360000E-7	-3.117570E-4
1.361000E-7	-3.374512E-4
1.362000E-7	-3.374512E-4
1.363000E-7	-3.340253E-4
1.364000E-7	-3.682843E-4
1.365000E-7	-4.333764E-4
1.366000E-7	-5.275887E-4
1.367000E-7	-6.149491E-4
1.368000E-7	-7.023096E-4
1.369000E-7	-7.262909E-4
1.370000E-7	-7.262909E-4
1.371000E-7	-6.749024E-4
1.372000E-7	-5.875419E-4
1.373000E-7	-4.830520E-4
1.374000E-7	-3.871268E-4
1.375000E-7	-3.134699E-4
1.376000E-7	-2.586555E-4
1.377000E-7	-2.415260E-4
1.378000E-7	-2.106929E-4
1.379000E-7	-1.747210E-4
1.380000E-7	-1.199066E-4
1.381000E-7	-9.078641E-5
1.382000E-7	-5.824036E-5
1.383000E-7	-6.337921E-5
1.384000E-7	-1.130548E-4
1.385000E-7	-2.158318E-4
1.386000E-7	-3.425901E-4
1.387000E-7	-4.967556E-4
1.388000E-7	-6.080973E-4
1.389000E-7	-6.663376E-4
1.390000E-7	-6.577729E-4
1.391000E-7	-5.686995E-4
1.392000E-7	-3.974045E-4
1.393000E-7	-2.449519E-4
1.394000E-7	-1.507397E-4
1.395000E-7	-1.336102E-4
1.396000E-7	-1.815728E-4
1.397000E-7	-2.535167E-4
1.398000E-7	-3.374512E-4
1.399000E-7	-3.922656E-4
1.400000E-7	-4.145340E-4
1.401000E-7	-4.230987E-4
1.402000E-7	-4.093951E-4
1.403000E-7	-3.854138E-4
1.404000E-7	-3.254606E-4
1.405000E-7	-2.740721E-4
1.406000E-7	-2.415260E-4
1.407000E-7	-2.740721E-4
1.408000E-7	-3.151829E-4
1.409000E-7	-4.145340E-4
1.410000E-7	-5.087462E-4
1.411000E-7	-5.858290E-4
1.412000E-7	-6.235139E-4
1.413000E-7	-6.577729E-4
1.414000E-7	-6.886060E-4
1.415000E-7	-6.903189E-4
1.416000E-7	-6.868930E-4
1.417000E-7	-6.526340E-4
1.418000E-7	-6.303657E-4
1.419000E-7	-6.115232E-4
1.420000E-7	-6.063844E-4
1.421000E-7	-6.269398E-4
1.422000E-7	-6.012455E-4
1.423000E-7	-5.412923E-4
1.424000E-7	-4.487930E-4
1.425000E-7	-3.922656E-4
1.426000E-7	-3.648584E-4
1.427000E-7	-3.751361E-4
1.428000E-7	-4.350894E-4
1.429000E-7	-5.258757E-4
1.430000E-7	-5.635606E-4
1.431000E-7	-5.515700E-4
1.432000E-7	-5.481441E-4
1.433000E-7	-5.138851E-4
1.434000E-7	-5.412923E-4
1.435000E-7	-6.286527E-4
1.436000E-7	-7.365686E-4
1.437000E-7	-8.290679E-4
1.438000E-7	-8.855952E-4
1.439000E-7	-8.564751E-4
1.440000E-7	-7.536981E-4
1.441000E-7	-6.611988E-4
1.442000E-7	-5.652736E-4
1.443000E-7	-4.916167E-4
1.444000E-7	-4.830520E-4
1.445000E-7	-4.744872E-4
1.446000E-7	-4.487930E-4
1.447000E-7	-3.717102E-4
1.448000E-7	-2.655073E-4
1.449000E-7	-1.507397E-4
1.450000E-7	-7.536986E-5
1.451000E-7	-1.147677E-4
1.452000E-7	-2.689332E-4
1.453000E-7	-4.522189E-4
1.454000E-7	-5.995326E-4
1.455000E-7	-6.731894E-4
1.456000E-7	-6.372175E-4
1.457000E-7	-4.813390E-4
1.458000E-7	-2.912016E-4
1.459000E-7	-1.301843E-4
1.460000E-7	-8.736051E-5
1.461000E-7	-1.593044E-4
1.462000E-7	-3.049052E-4
1.463000E-7	-4.505059E-4
1.464000E-7	-5.190239E-4
1.465000E-7	-4.813390E-4
1.466000E-7	-3.340253E-4
1.467000E-7	-1.558785E-4
1.468000E-7	-2.398136E-5
1.469000E-7	-1.370365E-5
1.470000E-7	-1.284713E-4
1.471000E-7	-3.305994E-4
1.472000E-7	-5.498570E-4
1.473000E-7	-6.954578E-4
1.474000E-7	-7.468463E-4
1.475000E-7	-6.920319E-4
1.476000E-7	-5.978196E-4
1.477000E-7	-4.899038E-4
1.478000E-7	-4.162469E-4
1.479000E-7	-3.562937E-4
1.480000E-7	-3.751361E-4
1.481000E-7	-4.128210E-4
1.482000E-7	-4.624966E-4
1.483000E-7	-5.190239E-4
1.484000E-7	-5.943937E-4
1.485000E-7	-6.731894E-4
1.486000E-7	-7.177261E-4
1.487000E-7	-7.451333E-4
1.488000E-7	-7.365686E-4
1.489000E-7	-7.365686E-4
1.490000E-7	-7.382815E-4
1.491000E-7	-7.588369E-4
1.492000E-7	-7.519851E-4
1.493000E-7	-7.074484E-4
1.494000E-7	-7.040225E-4
1.495000E-7	-7.040225E-4
1.496000E-7	-7.228650E-4
1.497000E-7	-7.982348E-4
1.498000E-7	-8.479103E-4
1.499000E-7	-8.513362E-4
1.500000E-7	-7.622628E-4
1.501000E-7	-6.183750E-4
1.502000E-7	-4.350894E-4
1.503000E-7	-2.500908E-4
1.504000E-7	-1.438879E-4
1.505000E-7	-1.027771E-4
1.506000E-7	-8.907346E-5
1.507000E-7	-8.736051E-5
1.508000E-7	-9.421231E-5
1.509000E-7	-1.490267E-4
1.510000E-7	-2.415260E-4
1.511000E-7	-3.597196E-4
1.512000E-7	-4.813390E-4
1.513000E-7	-5.481441E-4
1.514000E-7	-5.567088E-4
1.515000E-7	-4.967556E-4
1.516000E-7	-4.470800E-4
1.517000E-7	-3.854138E-4
1.518000E-7	-3.597196E-4
1.519000E-7	-3.785620E-4
1.520000E-7	-3.922656E-4
1.521000E-7	-4.282376E-4
1.522000E-7	-4.590707E-4
1.523000E-7	-5.104592E-4
1.524000E-7	-5.721254E-4
1.525000E-7	-6.594858E-4
1.526000E-7	-7.023096E-4
1.527000E-7	-7.125873E-4
1.528000E-7	-6.714765E-4
1.529000E-7	-6.115232E-4
1.530000E-7	-5.549959E-4
1.531000E-7	-5.190239E-4
1.532000E-7	-5.241628E-4
1.533000E-7	-5.241628E-4
1.534000E-7	-4.727743E-4
1.535000E-7	-3.837009E-4
1.536000E-7	-3.083311E-4
1.537000E-7	-2.552296E-4
1.538000E-7	-2.312483E-4
1.539000E-7	-2.946275E-4
1.540000E-7	-3.699973E-4
1.541000E-7	-4.248117E-4
1.542000E-7	-4.402282E-4
1.543000E-7	-4.470800E-4
1.544000E-7	-4.299505E-4
1.545000E-7	-3.871268E-4
1.546000E-7	-3.751361E-4
1.547000E-7	-3.631455E-4
1.548000E-7	-3.751361E-4
1.549000E-7	-3.545807E-4
1.550000E-7	-3.066181E-4
1.551000E-7	-2.329613E-4
1.552000E-7	-1.593044E-4
1.553000E-7	-1.490267E-4
1.554000E-7	-1.610174E-4
1.555000E-7	-2.415260E-4
1.556000E-7	-3.545807E-4
1.557000E-7	-5.173110E-4
1.558000E-7	-6.389304E-4
1.559000E-7	-7.177261E-4
1.560000E-7	-7.451333E-4
1.561000E-7	-7.468463E-4
1.562000E-7	-7.194391E-4
1.563000E-7	-6.834671E-4
1.564000E-7	-6.372175E-4
1.565000E-7	-5.481441E-4
1.566000E-7	-4.453671E-4
1.567000E-7	-3.665714E-4
1.568000E-7	-3.374512E-4
1.569000E-7	-4.111081E-4
1.570000E-7	-5.447182E-4
1.571000E-7	-6.492081E-4
1.572000E-7	-6.629117E-4
1.573000E-7	-5.652736E-4
1.574000E-7	-3.734232E-4
1.575000E-7	-1.935634E-4
1.576000E-7	-1.473138E-4
1.577000E-7	-2.672203E-4
1.578000E-7	-4.847649E-4
1.579000E-7	-7.314297E-4
1.580000E-7	-8.821693E-4
1.581000E-7	-8.530492E-4
1.582000E-7	-7.005966E-4
1.583000E-7	-5.036074E-4
1.584000E-7	-3.905527E-4
1.585000E-7	-3.974045E-4
1.586000E-7	-5.018944E-4
1.587000E-7	-6.492081E-4
1.588000E-7	-7.228650E-4
1.589000E-7	-6.646247E-4
1.590000E-7	-5.018944E-4
1.591000E-7	-2.792109E-4
1.592000E-7	-1.010641E-4
1.593000E-7	-3.939791E-5
1.594000E-7	-1.593044E-4
1.595000E-7	-3.956915E-4
1.596000E-7	-6.355045E-4
1.597000E-7	-7.828182E-4
1.598000E-7	-7.811053E-4
1.599000E-7	-6.492081E-4
1.600000E-7	-3.939786E-4
1.601000E-7	-1.815728E-4
1.602000E-7	-4.111086E-5
1.603000E-7	-1.712956E-5
1.604000E-7	-7.879576E-5
1.605000E-7	-2.209706E-4
1.606000E-7	-3.665714E-4
1.607000E-7	-4.916167E-4
1.608000E-7	-5.841160E-4
1.609000E-7	-6.149491E-4
1.610000E-7	-5.584218E-4
1.611000E-7	-4.282376E-4
1.612000E-7	-2.809239E-4
1.613000E-7	-1.524526E-4
1.614000E-7	-9.421231E-5
1.615000E-7	-1.062030E-4
1.616000E-7	-1.507397E-4
1.617000E-7	-1.884246E-4
1.618000E-7	-1.952764E-4
1.619000E-7	-1.558785E-4
1.620000E-7	-1.267584E-4
1.621000E-7	-1.712951E-4
1.622000E-7	-3.066181E-4
1.623000E-7	-4.744872E-4
1.624000E-7	-6.115232E-4
1.625000E-7	-6.697635E-4
1.626000E-7	-5.961067E-4
1.627000E-7	-4.590707E-4
1.628000E-7	-3.391642E-4
1.629000E-7	-3.168958E-4
1.630000E-7	-3.802750E-4
1.631000E-7	-4.813390E-4
1.632000E-7	-6.115232E-4
1.633000E-7	-6.629117E-4
1.634000E-7	-6.303657E-4
1.635000E-7	-5.515700E-4
1.636000E-7	-4.967556E-4
1.637000E-7	-4.847649E-4
1.638000E-7	-5.310146E-4
1.639000E-7	-6.080973E-4
1.640000E-7	-6.286527E-4
1.641000E-7	-6.098103E-4
1.642000E-7	-4.933297E-4
1.643000E-7	-3.425901E-4
1.644000E-7	-2.072670E-4
1.645000E-7	-1.695821E-4
1.646000E-7	-1.969893E-4
1.647000E-7	-2.655073E-4
1.648000E-7	-3.494419E-4
1.649000E-7	-4.556448E-4
1.650000E-7	-5.275887E-4
1.651000E-7	-5.824031E-4
1.652000E-7	-6.012455E-4
1.653000E-7	-5.978196E-4
1.654000E-7	-5.481441E-4
1.655000E-7	-4.607836E-4
1.656000E-7	-3.049052E-4
1.657000E-7	-1.884246E-4
1.658000E-7	-1.336102E-4
1.659000E-7	-2.141188E-4
1.660000E-7	-3.699973E-4
1.661000E-7	-5.464311E-4
1.662000E-7	-6.611988E-4
1.663000E-7	-6.560599E-4
1.664000E-7	-5.669865E-4
1.665000E-7	-4.693484E-4
1.666000E-7	-4.248117E-4
1.667000E-7	-5.053203E-4
1.668000E-7	-6.457822E-4
1.669000E-7	-7.930959E-4
1.670000E-7	-8.256420E-4
1.671000E-7	-7.502722E-4
1.672000E-7	-6.012455E-4
1.673000E-7	-4.470800E-4
1.674000E-7	-3.425901E-4
1.675000E-7	-3.203217E-4
1.676000E-7	-3.528678E-4
1.677000E-7	-4.265246E-4
1.678000E-7	-5.001815E-4
1.679000E-7	-5.601347E-4
1.680000E-7	-6.046714E-4
1.681000E-7	-6.200880E-4
1.682000E-7	-6.012455E-4
1.683000E-7	-5.481441E-4
1.684000E-7	-4.624966E-4
1.685000E-7	-3.631455E-4
1.686000E-7	-3.014793E-4
1.687000E-7	-3.083311E-4
1.688000E-7	-3.374512E-4
1.689000E-7	-3.717102E-4
1.690000E-7	-3.699973E-4
1.691000E-7	-3.237476E-4
1.692000E-7	-2.209706E-4
1.693000E-7	-1.473138E-4
1.694000E-7	-1.113418E-4
1.695000E-7	-1.815728E-4
1.696000E-7	-2.929145E-4
1.697000E-7	-4.076822E-4
1.698000E-7	-4.573577E-4
1.699000E-7	-4.350894E-4
1.700000E-7	-3.323124E-4
1.701000E-7	-1.987023E-4
1.702000E-7	-6.680511E-5
1.703000E-7	3.768485E-5
1.704000E-7	4.796255E-5
1.705000E-7	-1.884251E-5
1.706000E-7	-1.421749E-4
1.707000E-7	-3.049052E-4
1.708000E-7	-4.333764E-4
1.709000E-7	-4.950426E-4
1.710000E-7	-5.104592E-4
1.711000E-7	-4.727743E-4
1.712000E-7	-4.368023E-4
1.713000E-7	-3.494419E-4
1.714000E-7	-2.740721E-4
1.715000E-7	-2.209706E-4
1.716000E-7	-1.987023E-4
1.717000E-7	-1.558785E-4
1.718000E-7	-1.010641E-4
1.719000E-7	-5.824036E-5
1.720000E-7	-8.564756E-5
1.721000E-7	-1.593044E-4
1.722000E-7	-2.466649E-4
1.723000E-7	-3.528678E-4
1.724000E-7	-4.076822E-4
1.725000E-7	-4.265246E-4
1.726000E-7	-4.539318E-4
1.727000E-7	-4.847649E-4
1.728000E-7	-5.293016E-4
1.729000E-7	-5.841160E-4
1.730000E-7	-6.029585E-4
1.731000E-7	-5.978196E-4
1.732000E-7	-5.738383E-4
1.733000E-7	-5.310146E-4
1.734000E-7	-5.070333E-4
1.735000E-7	-4.762002E-4
1.736000E-7	-4.710613E-4
1.737000E-7	-4.316635E-4
1.738000E-7	-3.597196E-4
1.739000E-7	-2.774980E-4
1.740000E-7	-2.141188E-4
1.741000E-7	-1.815728E-4
1.742000E-7	-1.935634E-4
1.743000E-7	-2.124059E-4
1.744000E-7	-2.004152E-4
1.745000E-7	-2.072670E-4
1.746000E-7	-1.987023E-4
1.747000E-7	-2.192577E-4
1.748000E-7	-2.929145E-4
1.749000E-7	-4.076822E-4
1.750000E-7	-5.669865E-4
1.751000E-7	-6.543470E-4
1.752000E-7	-6.697635E-4
1.753000E-7	-5.995326E-4
1.754000E-7	-4.933297E-4
1.755000E-7	-3.374512E-4
1.756000E-7	-2.021282E-4
1.757000E-7	-1.336102E-4
1.758000E-7	-1.421749E-4
1.759000E-7	-2.106929E-4
1.760000E-7	-3.871268E-4
1.761000E-7	-5.858290E-4
1.762000E-7	-7.656887E-4
1.763000E-7	-8.975859E-4
1.764000E-7	-9.352708E-4
1.765000E-7	-8.787434E-4
1.766000E-7	-7.845312E-4
1.767000E-7	-6.320786E-4
1.768000E-7	-5.121721E-4
1.769000E-7	-4.196728E-4
1.770000E-7	-3.837009E-4
1.771000E-7	-4.368023E-4
1.772000E-7	-5.412923E-4
1.773000E-7	-6.629117E-4
1.774000E-7	-7.519851E-4
1.775000E-7	-8.153643E-4
1.776000E-7	-8.513362E-4
1.777000E-7	-8.753175E-4
1.778000E-7	-8.736046E-4
1.779000E-7	-8.821693E-4
1.780000E-7	-8.427715E-4
1.781000E-7	-7.468463E-4
1.782000E-7	-6.115232E-4
1.783000E-7	-5.036074E-4
1.784000E-7	-3.905527E-4
1.785000E-7	-3.100440E-4
1.786000E-7	-2.740721E-4
1.787000E-7	-2.518037E-4
1.788000E-7	-2.449519E-4
1.789000E-7	-2.141188E-4
1.790000E-7	-1.918505E-4
1.791000E-7	-1.987023E-4
1.792000E-7	-2.175447E-4
1.793000E-7	-2.620814E-4
1.794000E-7	-2.963404E-4
1.795000E-7	-2.432390E-4
1.796000E-7	-1.404620E-4
1.797000E-7	-5.995331E-5
1.798000E-7	-5.138905E-6
1.799000E-7	-3.597201E-5
1.800000E-7	-1.027771E-4
1.801000E-7	-2.072670E-4
1.802000E-7	-3.288865E-4
1.803000E-7	-4.419412E-4
1.804000E-7	-5.121721E-4
1.805000E-7	-5.498570E-4
1.806000E-7	-5.789772E-4
1.807000E-7	-5.806901E-4
1.808000E-7	-5.310146E-4
1.809000E-7	-4.847649E-4
1.810000E-7	-4.762002E-4
1.811000E-7	-5.138851E-4
1.812000E-7	-5.618477E-4
1.813000E-7	-6.183750E-4
1.814000E-7	-6.457822E-4
1.815000E-7	-6.526340E-4
1.816000E-7	-6.337916E-4
1.817000E-7	-6.492081E-4
1.818000E-7	-7.143002E-4
1.819000E-7	-7.879571E-4
1.820000E-7	-7.725405E-4
1.821000E-7	-6.868930E-4
1.822000E-7	-5.190239E-4
1.823000E-7	-3.014793E-4
1.824000E-7	-1.181936E-4
1.825000E-7	-1.199070E-5
1.826000E-7	-1.199070E-5
1.827000E-7	-9.592526E-5
1.828000E-7	-2.124059E-4
1.829000E-7	-3.271735E-4
1.830000E-7	-3.751361E-4
1.831000E-7	-4.008304E-4
1.832000E-7	-3.597196E-4
1.833000E-7	-2.946275E-4
1.834000E-7	-2.449519E-4
1.835000E-7	-2.415260E-4
1.836000E-7	-3.305994E-4
1.837000E-7	-5.155980E-4
1.838000E-7	-7.177261E-4
1.839000E-7	-8.873082E-4
1.840000E-7	-9.284190E-4
1.841000E-7	-8.427715E-4
1.842000E-7	-6.834671E-4
1.843000E-7	-5.567088E-4
1.844000E-7	-4.676354E-4
1.845000E-7	-3.956915E-4
1.846000E-7	-3.425901E-4
1.847000E-7	-2.826368E-4
1.848000E-7	-2.329613E-4
1.849000E-7	-1.627303E-4
1.850000E-7	-1.421749E-4
1.851000E-7	-1.593044E-4
1.852000E-7	-1.952764E-4
1.853000E-7	-2.535167E-4
1.854000E-7	-2.706462E-4
1.855000E-7	-2.552296E-4
1.856000E-7	-1.918505E-4
1.857000E-7	-1.370361E-4
1.858000E-7	-1.079159E-4
1.859000E-7	-1.284713E-4
1.860000E-7	-2.449519E-4
1.861000E-7	-4.539318E-4
1.862000E-7	-6.680506E-4
1.863000E-7	-8.290679E-4
1.864000E-7	-8.855952E-4
1.865000E-7	-8.205031E-4
1.866000E-7	-6.492081E-4
1.867000E-7	-4.368023E-4
1.868000E-7	-2.432390E-4
1.869000E-7	-1.370361E-4
1.870000E-7	-1.901375E-4
1.871000E-7	-3.323124E-4
1.872000E-7	-5.053203E-4
1.873000E-7	-6.457822E-4
1.874000E-7	-7.399945E-4
1.875000E-7	-7.862441E-4
1.876000E-7	-7.639758E-4
1.877000E-7	-7.228650E-4
1.878000E-7	-6.697635E-4
1.879000E-7	-5.961067E-4
1.880000E-7	-4.830520E-4
1.881000E-7	-3.391642E-4
1.882000E-7	-2.124059E-4
1.883000E-7	-1.336102E-4
1.884000E-7	-1.318972E-4
1.885000E-7	-1.987023E-4
1.886000E-7	-2.963404E-4
1.887000E-7	-3.871268E-4
1.888000E-7	-4.368023E-4
1.889000E-7	-4.505059E-4
1.890000E-7	-4.590707E-4
1.891000E-7	-4.676354E-4
1.892000E-7	-4.539318E-4
1.893000E-7	-4.487930E-4
1.894000E-7	-4.196728E-4
1.895000E-7	-3.597196E-4
1.896000E-7	-2.843498E-4
1.897000E-7	-1.764339E-4
1.898000E-7	-8.393461E-5
1.899000E-7	-6.680511E-5
1.900000E-7	-9.935116E-5
1.901000E-7	-2.021282E-4
1.902000E-7	-3.494419E-4
1.903000E-7	-4.796261E-4
1.904000E-7	-5.618477E-4
1.905000E-7	-5.378664E-4
1.906000E-7	-4.162469E-4
1.907000E-7	-2.483778E-4
1.908000E-7	-9.935116E-5
1.909000E-7	-6.851855E-6
1.910000E-7	2.569420E-5
1.911000E-7	-2.740726E-5
1.912000E-7	-1.798598E-4
1.913000E-7	-3.802750E-4
1.914000E-7	-5.532829E-4
1.915000E-7	-6.560599E-4
1.916000E-7	-6.817542E-4
1.917000E-7	-6.440693E-4
1.918000E-7	-5.601347E-4
1.919000E-7	-4.796261E-4
1.920000E-7	-3.682843E-4
1.921000E-7	-3.151829E-4
1.922000E-7	-2.980534E-4
1.923000E-7	-3.614325E-4
1.924000E-7	-4.196728E-4
1.925000E-7	-4.779131E-4
1.926000E-7	-5.601347E-4
1.927000E-7	-6.080973E-4
1.928000E-7	-6.235139E-4
1.929000E-7	-5.995326E-4
1.930000E-7	-5.481441E-4
1.931000E-7	-5.104592E-4
1.932000E-7	-5.412923E-4
1.933000E-7	-5.789772E-4
1.934000E-7	-6.149491E-4
1.935000E-7	-5.961067E-4
1.936000E-7	-5.070333E-4
1.937000E-7	-3.391642E-4
1.938000E-7	-1.987023E-4
1.939000E-7	-1.301843E-4
1.940000E-7	-1.181936E-4
1.941000E-7	-1.781469E-4
1.942000E-7	-2.141188E-4
1.943000E-7	-2.175447E-4
1.944000E-7	-2.209706E-4
1.945000E-7	-2.432390E-4
1.946000E-7	-2.877757E-4
1.947000E-7	-3.939786E-4
1.948000E-7	-4.710613E-4
1.949000E-7	-4.642095E-4
1.950000E-7	-3.871268E-4
1.951000E-7	-2.603685E-4
1.952000E-7	-1.490267E-4
1.953000E-7	-8.907346E-5
1.954000E-7	-1.130548E-4
1.955000E-7	-2.620814E-4
1.956000E-7	-4.744872E-4
1.957000E-7	-6.920319E-4
1.958000E-7	-8.239290E-4
1.959000E-7	-8.684657E-4
1.960000E-7	-7.588369E-4
1.961000E-7	-5.275887E-4
1.962000E-7	-2.158318E-4
1.963000E-7	-8.564805E-6
1.964000E-7	4.282370E-5
1.965000E-7	-4.796266E-5
1.966000E-7	-2.672203E-4
1.967000E-7	-5.018944E-4
1.968000E-7	-6.868930E-4
1.969000E-7	-7.451333E-4
1.970000E-7	-6.954578E-4
1.971000E-7	-5.721254E-4
1.972000E-7	-4.607836E-4
1.973000E-7	-4.076822E-4
1.974000E-7	-3.939786E-4
1.975000E-7	-4.693484E-4
1.976000E-7	-5.498570E-4
1.977000E-7	-6.252268E-4
1.978000E-7	-6.629117E-4
1.979000E-7	-6.474952E-4
1.980000E-7	-5.995326E-4
1.981000E-7	-5.772642E-4
1.982000E-7	-5.841160E-4
1.983000E-7	-6.029585E-4
1.984000E-7	-6.389304E-4
1.985000E-7	-6.474952E-4
1.986000E-7	-6.218009E-4
1.987000E-7	-5.036074E-4
1.988000E-7	-3.562937E-4
1.989000E-7	-2.261095E-4
1.990000E-7	-1.490267E-4
1.991000E-7	-1.079159E-4
1.992000E-7	-1.284713E-4
1.993000E-7	-1.849987E-4
1.994000E-7	-2.483778E-4
1.995000E-7	-2.963404E-4
1.996000E-7	-3.374512E-4
1.997000E-7	-4.230987E-4
1.998000E-7	-5.412923E-4
1.999000E-7	-6.749024E-4
2.000000E-7	-7.502722E-4
2.001000E-7	-7.742535E-4
