Study Name	Tungsten_Calibration
Sample Name	2025-03-19
Run Name	spot00
Operator	Elena
Date	3/19/2025
Time	15:15
Sign	POS
Grating Spacing	03.40um
Channel	3
Number Traces	10000
Files in Batch	1
Batch Number	1
dt	100.000001E-12
time stamp (ms)	3:15:33 PM
	
Time	Amplitude
0.000000E+0	-2.517915E-4
1.000000E-10	-3.408649E-4
2.000000E-10	-5.327153E-4
3.000000E-10	-7.125751E-4
4.000000E-10	-8.496111E-4
5.000000E-10	-9.352586E-4
6.000000E-10	-9.386845E-4
7.000000E-10	-8.821572E-4
8.000000E-10	-8.359075E-4
9.000000E-10	-7.331305E-4
1.000000E-9	-6.440571E-4
1.100000E-9	-5.310024E-4
1.200000E-9	-4.916045E-4
1.300000E-9	-4.950304E-4
1.400000E-9	-5.378542E-4
1.500000E-9	-6.063722E-4
1.600000E-9	-6.526219E-4
1.700000E-9	-7.125751E-4
1.800000E-9	-7.314176E-4
1.900000E-9	-7.434082E-4
2.000000E-9	-7.005845E-4
2.100000E-9	-6.560478E-4
2.200000E-9	-5.584096E-4
2.300000E-9	-4.196606E-4
2.400000E-9	-2.740599E-4
2.500000E-9	-1.935512E-4
2.600000E-9	-2.329491E-4
2.700000E-9	-3.631333E-4
2.800000E-9	-6.337794E-4
2.900000E-9	-8.907219E-4
3.000000E-9	-1.082572E-3
3.100000E-9	-1.192201E-3
3.200000E-9	-1.195627E-3
3.300000E-9	-1.106554E-3
3.400000E-9	-9.832212E-4
3.500000E-9	-9.266939E-4
3.600000E-9	-8.718795E-4
3.700000E-9	-8.376205E-4
3.800000E-9	-8.102133E-4
3.900000E-9	-8.016485E-4
4.000000E-9	-7.982226E-4
4.100000E-9	-7.896579E-4
4.200000E-9	-7.725284E-4
4.300000E-9	-7.691025E-4
4.400000E-9	-6.988715E-4
4.500000E-9	-5.909557E-4
4.600000E-9	-4.727621E-4
4.700000E-9	-3.888275E-4
4.800000E-9	-3.871146E-4
4.900000E-9	-4.110959E-4
5.000000E-9	-4.385031E-4
5.100000E-9	-4.470678E-4
5.200000E-9	-4.196606E-4
5.300000E-9	-3.973923E-4
5.400000E-9	-3.631333E-4
5.500000E-9	-3.597074E-4
5.600000E-9	-3.785498E-4
5.700000E-9	-3.939664E-4
5.800000E-9	-3.836887E-4
5.900000E-9	-4.179477E-4
6.000000E-9	-4.950304E-4
6.100000E-9	-6.354924E-4
6.200000E-9	-7.828061E-4
6.300000E-9	-8.821572E-4
6.400000E-9	-9.044255E-4
6.500000E-9	-8.564629E-4
6.600000E-9	-8.102133E-4
6.700000E-9	-7.691025E-4
6.800000E-9	-7.965097E-4
6.900000E-9	-8.633147E-4
7.000000E-9	-9.917860E-4
7.100000E-9	-1.072295E-3
7.200000E-9	-1.082572E-3
7.300000E-9	-9.746565E-4
7.400000E-9	-8.393334E-4
7.500000E-9	-7.125751E-4
7.600000E-9	-6.646125E-4
7.700000E-9	-6.577607E-4
7.800000E-9	-6.783161E-4
7.900000E-9	-6.680384E-4
8.000000E-9	-5.823909E-4
8.100000E-9	-4.213736E-4
8.200000E-9	-3.185966E-4
8.300000E-9	-3.391520E-4
8.400000E-9	-4.145218E-4
8.500000E-9	-5.532707E-4
8.600000E-9	-7.211399E-4
8.700000E-9	-8.290557E-4
8.800000E-9	-7.571118E-4
8.900000E-9	-5.275765E-4
9.000000E-9	-2.672081E-4
9.100000E-9	-1.301721E-4
9.200000E-9	-1.438757E-4
9.300000E-9	-2.757728E-4
9.400000E-9	-4.830398E-4
9.500000E-9	-6.766032E-4
9.600000E-9	-7.588248E-4
9.700000E-9	-7.639636E-4
9.800000E-9	-7.211399E-4
9.900000E-9	-6.937327E-4
1.000000E-8	-6.509089E-4
1.010000E-8	-6.132240E-4
1.020000E-8	-5.549837E-4
1.030000E-8	-4.933175E-4
1.040000E-8	-3.991052E-4
1.050000E-8	-3.631333E-4
1.060000E-8	-3.734110E-4
1.070000E-8	-4.093829E-4
1.080000E-8	-5.361412E-4
1.090000E-8	-6.457701E-4
1.100000E-8	-7.160010E-4
1.110000E-8	-7.194269E-4
1.120000E-8	-6.594737E-4
1.130000E-8	-5.704003E-4
1.140000E-8	-5.087340E-4
1.150000E-8	-5.035952E-4
1.160000E-8	-5.772521E-4
1.170000E-8	-7.040104E-4
1.180000E-8	-8.324816E-4
1.190000E-8	-9.403975E-4
1.200000E-8	-9.489622E-4
1.210000E-8	-9.215550E-4
1.220000E-8	-8.547500E-4
1.230000E-8	-7.399823E-4
1.240000E-8	-6.132240E-4
1.250000E-8	-4.933175E-4
1.260000E-8	-4.196606E-4
1.270000E-8	-3.716980E-4
1.280000E-8	-3.734110E-4
1.290000E-8	-4.402160E-4
1.300000E-8	-5.241506E-4
1.310000E-8	-6.029463E-4
1.320000E-8	-6.543348E-4
1.330000E-8	-6.457701E-4
1.340000E-8	-6.046593E-4
1.350000E-8	-5.224376E-4
1.360000E-8	-4.333642E-4
1.370000E-8	-2.894764E-4
1.380000E-8	-1.644311E-4
1.390000E-8	-1.061908E-4
1.400000E-8	-1.421627E-4
1.410000E-8	-2.963282E-4
1.420000E-8	-5.138729E-4
1.430000E-8	-6.628996E-4
1.440000E-8	-7.468341E-4
1.450000E-8	-6.748902E-4
1.460000E-8	-5.378542E-4
1.470000E-8	-4.333642E-4
1.480000E-8	-4.299383E-4
1.490000E-8	-6.115111E-4
1.500000E-8	-8.598888E-4
1.510000E-8	-1.043174E-3
1.520000E-8	-1.106554E-3
1.530000E-8	-1.007203E-3
1.540000E-8	-7.793802E-4
1.550000E-8	-4.847527E-4
1.560000E-8	-2.826246E-4
1.570000E-8	-2.449397E-4
1.580000E-8	-3.991052E-4
1.590000E-8	-6.337794E-4
1.600000E-8	-8.633147E-4
1.610000E-8	-9.780824E-4
1.620000E-8	-9.815083E-4
1.630000E-8	-8.924349E-4
1.640000E-8	-7.348435E-4
1.650000E-8	-6.132240E-4
1.660000E-8	-5.361412E-4
1.670000E-8	-5.018822E-4
1.680000E-8	-4.881786E-4
1.690000E-8	-5.292894E-4
1.700000E-8	-5.823909E-4
1.710000E-8	-6.714643E-4
1.720000E-8	-7.708154E-4
1.730000E-8	-8.547500E-4
1.740000E-8	-8.992867E-4
1.750000E-8	-8.341946E-4
1.760000E-8	-7.057233E-4
1.770000E-8	-5.549837E-4
1.780000E-8	-5.087340E-4
1.790000E-8	-5.738262E-4
1.800000E-8	-7.245658E-4
1.810000E-8	-9.112773E-4
1.820000E-8	-1.043174E-3
1.830000E-8	-1.091137E-3
1.840000E-8	-9.832212E-4
1.850000E-8	-8.050744E-4
1.860000E-8	-6.680384E-4
1.870000E-8	-6.354924E-4
1.880000E-8	-6.509089E-4
1.890000E-8	-7.194269E-4
1.900000E-8	-7.382694E-4
1.910000E-8	-7.502600E-4
1.920000E-8	-7.348435E-4
1.930000E-8	-7.228528E-4
1.940000E-8	-7.142881E-4
1.950000E-8	-7.108622E-4
1.960000E-8	-7.416953E-4
1.970000E-8	-7.022974E-4
1.980000E-8	-6.851679E-4
1.990000E-8	-7.125751E-4
2.000000E-8	-7.605377E-4
2.010000E-8	-7.862320E-4
2.020000E-8	-7.828061E-4
2.030000E-8	-7.142881E-4
2.040000E-8	-6.766032E-4
2.050000E-8	-6.731773E-4
2.060000E-8	-6.885938E-4
2.070000E-8	-6.937327E-4
2.080000E-8	-7.314176E-4
2.090000E-8	-7.965097E-4
2.100000E-8	-8.136392E-4
2.110000E-8	-7.571118E-4
2.120000E-8	-7.091492E-4
2.130000E-8	-6.320665E-4
2.140000E-8	-5.875298E-4
2.150000E-8	-5.841039E-4
2.160000E-8	-5.892427E-4
2.170000E-8	-5.841039E-4
2.180000E-8	-4.950304E-4
2.190000E-8	-4.076700E-4
2.200000E-8	-3.048930E-4
2.210000E-8	-2.243843E-4
2.220000E-8	-2.072548E-4
2.230000E-8	-2.946153E-4
2.240000E-8	-4.419290E-4
2.250000E-8	-4.744750E-4
2.260000E-8	-3.151707E-4
2.270000E-8	8.737257E-5
2.280000E-8	8.256540E-4
2.290000E-8	1.925368E-3
2.300000E-8	3.201516E-3
2.310000E-8	4.508497E-3
2.320000E-8	5.716126E-3
2.330000E-8	6.617138E-3
2.340000E-8	7.105329E-3
2.350000E-8	7.233800E-3
2.360000E-8	6.990561E-3
2.370000E-8	6.445843E-3
2.380000E-8	5.690432E-3
2.390000E-8	4.813402E-3
2.400000E-8	3.967204E-3
2.410000E-8	3.206655E-3
2.420000E-8	2.601983E-3
2.430000E-8	2.262819E-3
2.440000E-8	2.235412E-3
2.450000E-8	2.456382E-3
2.460000E-8	2.881194E-3
2.470000E-8	3.422486E-3
2.480000E-8	3.872992E-3
2.490000E-8	4.152203E-3
2.500000E-8	4.075120E-3
2.510000E-8	3.677716E-3
2.520000E-8	3.047350E-3
2.530000E-8	2.341615E-3
2.540000E-8	1.659861E-3
2.550000E-8	1.149402E-3
2.560000E-8	9.078756E-4
2.570000E-8	9.729677E-4
2.580000E-8	1.334400E-3
2.590000E-8	1.843146E-3
2.600000E-8	2.326198E-3
2.610000E-8	2.644807E-3
2.620000E-8	2.773278E-3
2.630000E-8	2.675640E-3
2.640000E-8	2.358744E-3
2.650000E-8	1.817452E-3
2.660000E-8	1.176809E-3
2.670000E-8	6.132482E-4
2.680000E-8	2.449640E-4
2.690000E-8	1.045021E-4
2.700000E-8	1.644553E-4
2.710000E-8	4.779252E-4
2.720000E-8	9.404217E-4
2.730000E-8	1.445742E-3
2.740000E-8	1.819165E-3
2.750000E-8	2.064117E-3
2.760000E-8	2.110367E-3
2.770000E-8	1.995599E-3
2.780000E-8	1.704397E-3
2.790000E-8	1.313845E-3
2.800000E-8	8.496353E-4
2.810000E-8	4.094072E-4
2.820000E-8	9.936322E-5
2.830000E-8	-3.082098E-5
2.840000E-8	4.112292E-5
2.850000E-8	3.203338E-4
2.860000E-8	7.862562E-4
2.870000E-8	1.342965E-3
2.880000E-8	1.815739E-3
2.890000E-8	2.117218E-3
2.900000E-8	2.120644E-3
2.910000E-8	1.814026E-3
2.920000E-8	1.291576E-3
2.930000E-8	6.886180E-4
2.940000E-8	1.644553E-4
2.950000E-8	-1.952642E-4
2.960000E-8	-3.357261E-4
2.970000E-8	-2.158196E-4
2.980000E-8	1.164927E-4
2.990000E-8	5.772763E-4
3.000000E-8	1.043199E-3
3.010000E-8	1.404631E-3
3.020000E-8	1.663287E-3
3.030000E-8	1.733518E-3
3.040000E-8	1.557084E-3
3.050000E-8	1.166531E-3
3.060000E-8	5.978317E-4
3.070000E-8	-7.193178E-5
3.080000E-8	-6.731773E-4
3.090000E-8	-1.020906E-3
3.100000E-8	-1.053452E-3
3.110000E-8	-7.365564E-4
3.120000E-8	-2.021160E-4
3.130000E-8	4.128331E-4
3.140000E-8	9.644030E-4
3.150000E-8	1.310419E-3
3.160000E-8	1.401205E-3
3.170000E-8	1.252179E-3
3.180000E-8	8.513483E-4
3.190000E-8	3.648705E-4
3.200000E-8	-1.627181E-4
3.210000E-8	-5.789650E-4
3.220000E-8	-8.085003E-4
3.230000E-8	-7.588248E-4
3.240000E-8	-4.641973E-4
3.250000E-8	5.996537E-5
3.260000E-8	6.663497E-4
3.270000E-8	1.205929E-3
3.280000E-8	1.584491E-3
3.290000E-8	1.760925E-3
3.300000E-8	1.596482E-3
3.310000E-8	1.062041E-3
3.320000E-8	2.620935E-4
3.330000E-8	-5.190117E-4
3.340000E-8	-1.149377E-3
3.350000E-8	-1.500532E-3
3.360000E-8	-1.491967E-3
3.370000E-8	-1.252154E-3
3.380000E-8	-8.153521E-4
3.390000E-8	-2.398009E-4
3.400000E-8	3.443151E-4
3.410000E-8	8.462094E-4
3.420000E-8	1.133985E-3
3.430000E-8	1.183661E-3
3.440000E-8	9.027368E-4
3.450000E-8	4.008424E-4
3.460000E-8	-2.123937E-4
3.470000E-8	-7.725284E-4
3.480000E-8	-1.120257E-3
3.490000E-8	-1.188775E-3
3.500000E-8	-1.014054E-3
3.510000E-8	-6.269276E-4
3.520000E-8	-1.610052E-4
3.530000E-8	3.100561E-4
3.540000E-8	7.331547E-4
3.550000E-8	1.051763E-3
3.560000E-8	1.176809E-3
3.570000E-8	1.053476E-3
3.580000E-8	6.577849E-4
3.590000E-8	7.538192E-5
3.600000E-8	-5.618355E-4
3.610000E-8	-1.080859E-3
3.620000E-8	-1.341228E-3
3.630000E-8	-1.332663E-3
3.640000E-8	-1.058591E-3
3.650000E-8	-6.046593E-4
3.660000E-8	-5.308933E-5
3.670000E-8	4.094072E-4
3.680000E-8	7.365806E-4
3.690000E-8	8.821814E-4
3.700000E-8	7.862562E-4
3.710000E-8	4.916288E-4
3.720000E-8	7.538192E-5
3.730000E-8	-4.145218E-4
3.740000E-8	-8.547500E-4
3.750000E-8	-1.224747E-3
3.760000E-8	-1.428588E-3
3.770000E-8	-1.389190E-3
3.780000E-8	-1.092850E-3
3.790000E-8	-5.806780E-4
3.800000E-8	6.339127E-5
3.810000E-8	6.269518E-4
3.820000E-8	9.506994E-4
3.830000E-8	9.849584E-4
3.840000E-8	6.577849E-4
3.850000E-8	1.216316E-4
3.860000E-8	-4.470678E-4
3.870000E-8	-9.403975E-4
3.880000E-8	-1.269284E-3
3.890000E-8	-1.377200E-3
3.900000E-8	-1.255580E-3
3.910000E-8	-9.369716E-4
3.920000E-8	-5.412801E-4
3.930000E-8	-1.404498E-4
3.940000E-8	2.055661E-4
3.950000E-8	4.111201E-4
3.960000E-8	4.179719E-4
3.970000E-8	2.432510E-4
3.980000E-8	-1.061908E-4
3.990000E-8	-5.669744E-4
4.000000E-8	-1.019193E-3
4.010000E-8	-1.342941E-3
4.020000E-8	-1.421736E-3
4.030000E-8	-1.272710E-3
4.040000E-8	-8.393334E-4
4.050000E-8	-2.449397E-4
4.060000E-8	3.648705E-4
4.070000E-8	8.444965E-4
4.080000E-8	1.154540E-3
4.090000E-8	1.173383E-3
4.100000E-8	9.489864E-4
4.110000E-8	4.590827E-4
4.120000E-8	-1.661440E-4
4.130000E-8	-8.085003E-4
4.140000E-8	-1.361783E-3
4.150000E-8	-1.632429E-3
4.160000E-8	-1.575902E-3
4.170000E-8	-1.241877E-3
4.180000E-8	-7.005845E-4
4.190000E-8	-7.878359E-5
4.200000E-8	4.984806E-4
4.210000E-8	8.770425E-4
4.220000E-8	1.048338E-3
4.230000E-8	9.198663E-4
4.240000E-8	5.995446E-4
4.250000E-8	1.164927E-4
4.260000E-8	-4.470678E-4
4.270000E-8	-9.729435E-4
4.280000E-8	-1.384052E-3
4.290000E-8	-1.562198E-3
4.300000E-8	-1.433727E-3
4.310000E-8	-1.046600E-3
4.320000E-8	-4.967434E-4
4.330000E-8	6.167832E-5
4.340000E-8	4.419532E-4
4.350000E-8	5.841281E-4
4.360000E-8	4.625086E-4
4.370000E-8	1.524647E-4
4.380000E-8	-3.100318E-4
4.390000E-8	-7.382694E-4
4.400000E-8	-1.068869E-3
4.410000E-8	-1.317246E-3
4.420000E-8	-1.377200E-3
4.430000E-8	-1.276136E-3
4.440000E-8	-9.917860E-4
4.450000E-8	-5.978075E-4
4.460000E-8	-7.878359E-5
4.470000E-8	4.299626E-4
4.480000E-8	7.622749E-4
4.490000E-8	8.410706E-4
4.500000E-8	6.423684E-4
4.510000E-8	1.747330E-4
4.520000E-8	-3.819757E-4
4.530000E-8	-8.667406E-4
4.540000E-8	-1.188775E-3
4.550000E-8	-1.282987E-3
4.560000E-8	-1.151090E-3
4.570000E-8	-8.256298E-4
4.580000E-8	-3.734110E-4
4.590000E-8	1.250575E-4
4.600000E-8	4.590827E-4
4.610000E-8	6.183871E-4
4.620000E-8	6.201000E-4
4.630000E-8	4.128331E-4
4.640000E-8	2.570637E-5
4.650000E-8	-4.710491E-4
4.660000E-8	-9.438234E-4
4.670000E-8	-1.269284E-3
4.680000E-8	-1.392616E-3
4.690000E-8	-1.306969E-3
4.700000E-8	-1.012341E-3
4.710000E-8	-5.344283E-4
4.720000E-8	8.565962E-5
4.730000E-8	7.023216E-4
4.740000E-8	1.132272E-3
4.750000E-8	1.296715E-3
4.760000E-8	1.127133E-3
4.770000E-8	6.646367E-4
4.780000E-8	1.542867E-5
4.790000E-8	-6.834550E-4
4.800000E-8	-1.185349E-3
4.810000E-8	-1.464560E-3
4.820000E-8	-1.476551E-3
4.830000E-8	-1.226460E-3
4.840000E-8	-8.102133E-4
4.850000E-8	-3.151707E-4
4.860000E-8	1.507517E-4
4.870000E-8	5.241748E-4
4.880000E-8	7.708396E-4
4.890000E-8	7.776914E-4
4.900000E-8	5.909799E-4
4.910000E-8	2.141309E-4
4.920000E-8	-2.809117E-4
4.930000E-8	-7.673895E-4
4.940000E-8	-1.096276E-3
4.950000E-8	-1.300117E-3
4.960000E-8	-1.317246E-3
4.970000E-8	-1.156229E-3
4.980000E-8	-8.461852E-4
4.990000E-8	-4.025311E-4
5.000000E-8	1.421870E-4
5.010000E-8	5.498691E-4
5.020000E-8	7.245900E-4
5.030000E-8	6.320907E-4
5.040000E-8	2.518158E-4
5.050000E-8	-2.774858E-4
5.060000E-8	-8.427593E-4
5.070000E-8	-1.267571E-3
5.080000E-8	-1.534791E-3
5.090000E-8	-1.529652E-3
5.100000E-8	-1.289839E-3
5.110000E-8	-8.102133E-4
5.120000E-8	-1.592922E-4
5.130000E-8	4.470921E-4
5.140000E-8	8.599130E-4
5.150000E-8	1.000375E-3
5.160000E-8	7.879691E-4
5.170000E-8	3.203338E-4
5.180000E-8	-2.723469E-4
5.190000E-8	-7.776672E-4
5.200000E-8	-1.108267E-3
5.210000E-8	-1.247016E-3
5.220000E-8	-1.231599E-3
5.230000E-8	-1.043174E-3
5.240000E-8	-7.399823E-4
5.250000E-8	-3.699851E-4
5.260000E-8	3.438017E-6
5.270000E-8	2.963525E-4
5.280000E-8	4.436662E-4
5.290000E-8	3.751482E-4
5.300000E-8	1.473258E-4
5.310000E-8	-1.952642E-4
5.320000E-8	-6.697514E-4
5.330000E-8	-1.085998E-3
5.340000E-8	-1.282987E-3
5.350000E-8	-1.233312E-3
5.360000E-8	-9.917860E-4
5.370000E-8	-6.303535E-4
5.380000E-8	-1.627181E-4
5.390000E-8	3.117690E-4
5.400000E-8	6.560720E-4
5.410000E-8	6.920439E-4
5.420000E-8	4.779252E-4
5.430000E-8	1.199186E-4
5.440000E-8	-3.048930E-4
5.450000E-8	-6.731773E-4
5.460000E-8	-9.695176E-4
5.470000E-8	-1.077433E-3
5.480000E-8	-1.008915E-3
5.490000E-8	-7.896579E-4
5.500000E-8	-5.327153E-4
5.510000E-8	-1.678570E-4
5.520000E-8	1.644553E-4
5.530000E-8	4.145460E-4
5.540000E-8	5.550079E-4
5.550000E-8	5.464432E-4
5.560000E-8	3.751482E-4
5.570000E-8	6.853012E-5
5.580000E-8	-2.929023E-4
5.590000E-8	-6.680384E-4
5.600000E-8	-9.335457E-4
5.610000E-8	-1.053452E-3
5.620000E-8	-1.000351E-3
5.630000E-8	-8.016485E-4
5.640000E-8	-4.744750E-4
5.650000E-8	-8.220949E-5
5.660000E-8	2.432510E-4
5.670000E-8	4.625086E-4
5.680000E-8	5.019065E-4
5.690000E-8	3.837129E-4
5.700000E-8	1.713071E-4
5.710000E-8	-1.096167E-4
5.720000E-8	-4.333642E-4
5.730000E-8	-7.451212E-4
5.740000E-8	-9.609529E-4
5.750000E-8	-1.017480E-3
5.760000E-8	-9.215550E-4
5.770000E-8	-7.160010E-4
5.780000E-8	-4.059570E-4
5.790000E-8	-9.933899E-5
5.800000E-8	1.558906E-4
5.810000E-8	2.877877E-4
5.820000E-8	2.775100E-4
5.830000E-8	1.027891E-4
5.840000E-8	-2.654951E-4
5.850000E-8	-7.091492E-4
5.860000E-8	-1.085998E-3
5.870000E-8	-1.322385E-3
5.880000E-8	-1.346367E-3
5.890000E-8	-1.065443E-3
5.900000E-8	-6.200758E-4
5.910000E-8	-1.061908E-4
5.920000E-8	3.323244E-4
5.930000E-8	6.834792E-4
5.940000E-8	7.828303E-4
5.950000E-8	6.800533E-4
5.960000E-8	4.470921E-4
5.970000E-8	1.490388E-4
5.980000E-8	-2.072548E-4
5.990000E-8	-5.447060E-4
6.000000E-8	-8.787313E-4
6.010000E-8	-1.118544E-3
6.020000E-8	-1.166507E-3
6.030000E-8	-1.026045E-3
6.040000E-8	-7.314176E-4
6.050000E-8	-3.460038E-4
6.060000E-8	4.797472E-5
6.070000E-8	3.306115E-4
6.080000E-8	4.076942E-4
6.090000E-8	2.740841E-4
6.100000E-8	1.028982E-5
6.110000E-8	-3.545685E-4
6.120000E-8	-7.451212E-4
6.130000E-8	-1.029471E-3
6.140000E-8	-1.156229E-3
6.150000E-8	-1.113405E-3
6.160000E-8	-9.095644E-4
6.170000E-8	-5.995204E-4
6.180000E-8	-1.884124E-4
6.190000E-8	1.387611E-4
6.200000E-8	3.391762E-4
6.210000E-8	4.076942E-4
6.220000E-8	3.014913E-4
6.230000E-8	8.737257E-5
6.240000E-8	-2.123937E-4
6.250000E-8	-5.138729E-4
6.260000E-8	-7.399823E-4
6.270000E-8	-8.598888E-4
6.280000E-8	-8.975737E-4
6.290000E-8	-7.913708E-4
6.300000E-8	-5.464189E-4
6.310000E-8	-2.158196E-4
6.320000E-8	9.936322E-5
6.330000E-8	2.912136E-4
6.340000E-8	2.997784E-4
6.350000E-8	1.661683E-4
6.360000E-8	-8.220949E-5
6.370000E-8	-3.871146E-4
6.380000E-8	-6.851679E-4
6.390000E-8	-9.181291E-4
6.400000E-8	-1.050026E-3
6.410000E-8	-1.060304E-3
6.420000E-8	-9.249809E-4
6.430000E-8	-7.074363E-4
6.440000E-8	-4.385031E-4
6.450000E-8	-1.473016E-4
6.460000E-8	1.524647E-4
6.470000E-8	3.494539E-4
6.480000E-8	4.094072E-4
6.490000E-8	3.494539E-4
6.500000E-8	9.079847E-5
6.510000E-8	-2.415138E-4
6.520000E-8	-5.395671E-4
6.530000E-8	-7.348435E-4
6.540000E-8	-7.862320E-4
6.550000E-8	-7.022974E-4
6.560000E-8	-5.155858E-4
6.570000E-8	-3.374390E-4
6.580000E-8	-1.798476E-4
6.590000E-8	-9.591309E-5
6.600000E-8	-1.233203E-4
6.610000E-8	-2.278102E-4
6.620000E-8	-4.110959E-4
6.630000E-8	-6.269276E-4
6.640000E-8	-8.393334E-4
6.650000E-8	-9.678047E-4
6.660000E-8	-1.014054E-3
6.670000E-8	-9.763694E-4
6.680000E-8	-8.273428E-4
6.690000E-8	-6.440571E-4
6.700000E-8	-4.470678E-4
6.710000E-8	-2.672081E-4
6.720000E-8	-8.563539E-5
6.730000E-8	6.681717E-5
6.740000E-8	1.970014E-4
6.750000E-8	2.295474E-4
6.760000E-8	9.422437E-5
6.770000E-8	-1.387368E-4
6.780000E-8	-4.419290E-4
6.790000E-8	-7.399823E-4
6.800000E-8	-9.472493E-4
6.810000E-8	-9.832212E-4
6.820000E-8	-8.838701E-4
6.830000E-8	-7.091492E-4
6.840000E-8	-4.419290E-4
6.850000E-8	-1.695699E-4
6.860000E-8	7.024307E-5
6.870000E-8	1.918625E-4
6.880000E-8	1.730201E-4
6.890000E-8	-3.413783E-6
6.900000E-8	-2.569304E-4
6.910000E-8	-5.292894E-4
6.920000E-8	-8.067874E-4
6.930000E-8	-9.626658E-4
6.940000E-8	-9.900730E-4
6.950000E-8	-8.324816E-4
6.960000E-8	-5.978075E-4
6.970000E-8	-3.477167E-4
6.980000E-8	-1.096167E-4
6.990000E-8	2.913227E-5
7.000000E-8	7.195602E-5
7.010000E-8	-8.552633E-6
7.020000E-8	-1.832735E-4
7.030000E-8	-4.025311E-4
7.040000E-8	-6.012334E-4
7.050000E-8	-8.119262E-4
7.060000E-8	-9.712306E-4
7.070000E-8	-9.695176E-4
7.080000E-8	-8.187780E-4
7.090000E-8	-5.858168E-4
7.100000E-8	-3.340131E-4
7.110000E-8	-1.421627E-4
7.120000E-8	-5.308933E-5
7.130000E-8	-9.248719E-5
7.140000E-8	-2.535045E-4
7.150000E-8	-4.864657E-4
7.160000E-8	-6.680384E-4
7.170000E-8	-7.673895E-4
7.180000E-8	-8.735924E-4
7.190000E-8	-9.352586E-4
7.200000E-8	-9.421104E-4
7.210000E-8	-8.650277E-4
7.220000E-8	-7.262787E-4
7.230000E-8	-5.858168E-4
7.240000E-8	-4.162347E-4
7.250000E-8	-3.014671E-4
7.260000E-8	-2.141066E-4
7.270000E-8	-2.209584E-4
7.280000E-8	-2.346620E-4
7.290000E-8	-3.271613E-4
7.300000E-8	-4.487808E-4
7.310000E-8	-6.149370E-4
7.320000E-8	-8.239169E-4
7.330000E-8	-1.014054E-3
7.340000E-8	-1.116831E-3
7.350000E-8	-1.036323E-3
7.360000E-8	-7.057233E-4
7.370000E-8	-2.791987E-4
7.380000E-8	1.319093E-4
7.390000E-8	3.905647E-4
7.400000E-8	4.436662E-4
7.410000E-8	2.192697E-4
7.420000E-8	-1.027649E-4
7.430000E-8	-4.247995E-4
7.440000E-8	-6.646125E-4
7.450000E-8	-7.656766E-4
7.460000E-8	-7.502600E-4
7.470000E-8	-6.423442E-4
7.480000E-8	-4.539196E-4
7.490000E-8	-2.672081E-4
7.500000E-8	-1.181814E-4
7.510000E-8	-5.126733E-6
7.520000E-8	1.284834E-4
7.530000E-8	2.569546E-4
7.540000E-8	2.295474E-4
7.550000E-8	5.150967E-6
7.560000E-8	-3.511426E-4
7.570000E-8	-6.920197E-4
7.580000E-8	-1.007203E-3
7.590000E-8	-1.120257E-3
7.600000E-8	-1.085998E-3
7.610000E-8	-9.609529E-4
7.620000E-8	-8.067874E-4
7.630000E-8	-6.166499E-4
7.640000E-8	-4.162347E-4
7.650000E-8	-2.295232E-4
7.660000E-8	-1.575793E-4
7.670000E-8	-2.055419E-4
7.680000E-8	-3.973923E-4
7.690000E-8	-7.125751E-4
7.700000E-8	-9.780824E-4
7.710000E-8	-1.199053E-3
7.720000E-8	-1.243590E-3
7.730000E-8	-1.103128E-3
7.740000E-8	-8.444723E-4
7.750000E-8	-5.823909E-4
7.760000E-8	-3.734110E-4
7.770000E-8	-2.346620E-4
7.780000E-8	-2.175325E-4
7.790000E-8	-2.809117E-4
7.800000E-8	-3.614203E-4
7.810000E-8	-3.768369E-4
7.820000E-8	-3.871146E-4
7.830000E-8	-4.025311E-4
7.840000E-8	-3.956793E-4
7.850000E-8	-3.511426E-4
7.860000E-8	-2.860505E-4
7.870000E-8	-2.740599E-4
7.880000E-8	-2.929023E-4
7.890000E-8	-3.048930E-4
7.900000E-8	-3.203095E-4
7.910000E-8	-2.946153E-4
7.920000E-8	-2.415138E-4
7.930000E-8	-2.055419E-4
7.940000E-8	-1.986901E-4
7.950000E-8	-2.363750E-4
7.960000E-8	-2.723469E-4
7.970000E-8	-4.230865E-4
7.980000E-8	-6.372053E-4
7.990000E-8	-8.393334E-4
8.000000E-8	-9.849342E-4
8.010000E-8	-1.043174E-3
8.020000E-8	-9.815083E-4
8.030000E-8	-8.256298E-4
8.040000E-8	-6.646125E-4
8.050000E-8	-5.104470E-4
8.060000E-8	-4.659103E-4
8.070000E-8	-5.292894E-4
8.080000E-8	-6.937327E-4
8.090000E-8	-8.376205E-4
8.100000E-8	-9.506752E-4
8.110000E-8	-9.609529E-4
8.120000E-8	-8.324816E-4
8.130000E-8	-6.080852E-4
8.140000E-8	-3.494297E-4
8.150000E-8	-1.918383E-4
8.160000E-8	-1.524404E-4
8.170000E-8	-2.226714E-4
8.180000E-8	-3.460038E-4
8.190000E-8	-4.933175E-4
8.200000E-8	-6.080852E-4
8.210000E-8	-6.252147E-4
8.220000E-8	-6.457701E-4
8.230000E-8	-7.331305E-4
8.240000E-8	-8.684536E-4
8.250000E-8	-1.022619E-3
8.260000E-8	-1.106554E-3
8.270000E-8	-1.068869E-3
8.280000E-8	-9.318327E-4
8.290000E-8	-7.057233E-4
8.300000E-8	-4.265124E-4
8.310000E-8	-1.661440E-4
8.320000E-8	-4.795048E-5
8.330000E-8	-9.591309E-5
8.340000E-8	-2.860505E-4
8.350000E-8	-5.395671E-4
8.360000E-8	-7.793802E-4
8.370000E-8	-9.095644E-4
8.380000E-8	-9.232680E-4
8.390000E-8	-8.016485E-4
8.400000E-8	-6.543348E-4
8.410000E-8	-4.796139E-4
8.420000E-8	-3.185966E-4
8.430000E-8	-1.918383E-4
8.440000E-8	-1.267462E-4
8.450000E-8	-1.147555E-4
8.460000E-8	-1.558663E-4
8.470000E-8	-2.500786E-4
8.480000E-8	-3.956793E-4
8.490000E-8	-4.984563E-4
8.500000E-8	-5.806780E-4
8.510000E-8	-6.354924E-4
8.520000E-8	-6.731773E-4
8.530000E-8	-6.783161E-4
8.540000E-8	-7.245658E-4
8.550000E-8	-7.245658E-4
8.560000E-8	-6.577607E-4
8.570000E-8	-5.361412E-4
8.580000E-8	-4.522067E-4
8.590000E-8	-4.556326E-4
8.600000E-8	-4.950304E-4
8.610000E-8	-5.429930E-4
8.620000E-8	-5.669744E-4
8.630000E-8	-5.361412E-4
8.640000E-8	-4.693362E-4
8.650000E-8	-3.939664E-4
8.660000E-8	-3.425779E-4
8.670000E-8	-3.614203E-4
8.680000E-8	-3.751239E-4
8.690000E-8	-3.768369E-4
8.700000E-8	-3.768369E-4
8.710000E-8	-2.997541E-4
8.720000E-8	-2.106807E-4
8.730000E-8	-1.729958E-4
8.740000E-8	-2.226714E-4
8.750000E-8	-3.168836E-4
8.760000E-8	-4.522067E-4
8.770000E-8	-6.183629E-4
8.780000E-8	-7.965097E-4
8.790000E-8	-8.924349E-4
8.800000E-8	-9.061385E-4
8.810000E-8	-8.975737E-4
8.820000E-8	-8.170651E-4
8.830000E-8	-6.663255E-4
8.840000E-8	-4.367901E-4
8.850000E-8	-1.575793E-4
8.860000E-8	4.797472E-5
8.870000E-8	1.045021E-4
8.880000E-8	2.056752E-5
8.890000E-8	-2.055419E-4
8.900000E-8	-4.796139E-4
8.910000E-8	-7.297046E-4
8.920000E-8	-8.324816E-4
8.930000E-8	-8.170651E-4
8.940000E-8	-6.697514E-4
8.950000E-8	-4.710491E-4
8.960000E-8	-2.483656E-4
8.970000E-8	-4.281163E-5
8.980000E-8	8.737257E-5
8.990000E-8	2.175568E-4
9.000000E-8	3.117690E-4
9.010000E-8	3.151949E-4
9.020000E-8	2.175568E-4
9.030000E-8	1.200277E-5
9.040000E-8	-2.312361E-4
9.050000E-8	-4.299383E-4
9.060000E-8	-5.686873E-4
9.070000E-8	-6.269276E-4
9.080000E-8	-5.686873E-4
9.090000E-8	-4.556326E-4
9.100000E-8	-3.168836E-4
9.110000E-8	-2.363750E-4
9.120000E-8	-2.483656E-4
9.130000E-8	-3.083189E-4
9.140000E-8	-4.145218E-4
9.150000E-8	-4.761880E-4
9.160000E-8	-4.950304E-4
9.170000E-8	-4.265124E-4
9.180000E-8	-3.425779E-4
9.190000E-8	-2.963282E-4
9.200000E-8	-3.031800E-4
9.210000E-8	-3.888275E-4
9.220000E-8	-5.207247E-4
9.230000E-8	-6.372053E-4
9.240000E-8	-6.560478E-4
9.250000E-8	-5.292894E-4
9.260000E-8	-3.528556E-4
9.270000E-8	-2.466527E-4
9.280000E-8	-1.592922E-4
9.290000E-8	-1.575793E-4
9.300000E-8	-1.969771E-4
9.310000E-8	-2.963282E-4
9.320000E-8	-3.408649E-4
9.330000E-8	-3.511426E-4
9.340000E-8	-3.597074E-4
9.350000E-8	-3.631333E-4
9.360000E-8	-3.973923E-4
9.370000E-8	-4.710491E-4
9.380000E-8	-5.395671E-4
9.390000E-8	-5.429930E-4
9.400000E-8	-4.916045E-4
9.410000E-8	-4.933175E-4
9.420000E-8	-5.292894E-4
9.430000E-8	-6.097981E-4
9.440000E-8	-6.834550E-4
9.450000E-8	-6.885938E-4
9.460000E-8	-6.252147E-4
9.470000E-8	-4.796139E-4
9.480000E-8	-3.323002E-4
9.490000E-8	-3.014671E-4
9.500000E-8	-3.973923E-4
9.510000E-8	-5.601225E-4
9.520000E-8	-6.080852E-4
9.530000E-8	-5.155858E-4
9.540000E-8	-3.323002E-4
9.550000E-8	-1.455886E-4
9.560000E-8	-1.540443E-5
9.570000E-8	-1.700833E-6
9.580000E-8	-8.392244E-5
9.590000E-8	-2.363750E-4
9.600000E-8	-3.785498E-4
9.610000E-8	-4.779009E-4
9.620000E-8	-4.727621E-4
9.630000E-8	-4.299383E-4
9.640000E-8	-4.110959E-4
9.650000E-8	-3.991052E-4
9.660000E-8	-4.025311E-4
9.670000E-8	-4.076700E-4
9.680000E-8	-4.350772E-4
9.690000E-8	-4.933175E-4
9.700000E-8	-6.132240E-4
9.710000E-8	-6.920197E-4
9.720000E-8	-7.725284E-4
9.730000E-8	-8.324816E-4
9.740000E-8	-8.376205E-4
9.750000E-8	-7.399823E-4
9.760000E-8	-5.412801E-4
9.770000E-8	-3.323002E-4
9.780000E-8	-1.695699E-4
9.790000E-8	-9.762604E-5
9.800000E-8	-7.021883E-5
9.810000E-8	-1.284591E-4
9.820000E-8	-1.661440E-4
9.830000E-8	-2.809117E-4
9.840000E-8	-3.460038E-4
9.850000E-8	-3.699851E-4
9.860000E-8	-3.768369E-4
9.870000E-8	-3.734110E-4
9.880000E-8	-3.579944E-4
9.890000E-8	-3.374390E-4
9.900000E-8	-3.254484E-4
9.910000E-8	-3.562815E-4
9.920000E-8	-3.579944E-4
9.930000E-8	-3.100318E-4
9.940000E-8	-2.346620E-4
9.950000E-8	-2.192455E-4
9.960000E-8	-2.963282E-4
9.970000E-8	-3.956793E-4
9.980000E-8	-4.641973E-4
9.990000E-8	-4.436419E-4
1.000000E-7	-3.460038E-4
1.001000E-7	-1.712829E-4
1.002000E-7	-5.651523E-5
1.003000E-7	-4.623753E-5
1.004000E-7	-1.318850E-4
1.005000E-7	-3.271613E-4
1.006000E-7	-5.652614E-4
1.007000E-7	-7.845190E-4
1.008000E-7	-9.335457E-4
1.009000E-7	-9.421104E-4
1.010000E-7	-8.376205E-4
1.011000E-7	-6.954456E-4
1.012000E-7	-5.310024E-4
1.013000E-7	-4.179477E-4
1.014000E-7	-4.042441E-4
1.015000E-7	-5.053081E-4
1.016000E-7	-5.995204E-4
1.017000E-7	-7.005845E-4
1.018000E-7	-7.862320E-4
1.019000E-7	-7.725284E-4
1.020000E-7	-6.714643E-4
1.021000E-7	-5.772521E-4
1.022000E-7	-4.916045E-4
1.023000E-7	-4.641973E-4
1.024000E-7	-4.008182E-4
1.025000E-7	-3.648462E-4
1.026000E-7	-2.826246E-4
1.027000E-7	-2.226714E-4
1.028000E-7	-2.380879E-4
1.029000E-7	-2.877635E-4
1.030000E-7	-3.185966E-4
1.031000E-7	-3.083189E-4
1.032000E-7	-2.706340E-4
1.033000E-7	-1.969771E-4
1.034000E-7	-1.935512E-4
1.035000E-7	-2.997541E-4
1.036000E-7	-4.864657E-4
1.037000E-7	-6.560478E-4
1.038000E-7	-7.622507E-4
1.039000E-7	-7.348435E-4
1.040000E-7	-6.183629E-4
1.041000E-7	-4.710491E-4
1.042000E-7	-3.579944E-4
1.043000E-7	-3.305872E-4
1.044000E-7	-3.220225E-4
1.045000E-7	-3.237354E-4
1.046000E-7	-2.791987E-4
1.047000E-7	-2.312361E-4
1.048000E-7	-2.226714E-4
1.049000E-7	-2.432268E-4
1.050000E-7	-2.860505E-4
1.051000E-7	-3.442908E-4
1.052000E-7	-3.460038E-4
1.053000E-7	-3.134577E-4
1.054000E-7	-2.535045E-4
1.055000E-7	-2.175325E-4
1.056000E-7	-2.141066E-4
1.057000E-7	-2.689210E-4
1.058000E-7	-3.854016E-4
1.059000E-7	-4.898916E-4
1.060000E-7	-5.738262E-4
1.061000E-7	-5.960945E-4
1.062000E-7	-5.943816E-4
1.063000E-7	-6.235017E-4
1.064000E-7	-6.526219E-4
1.065000E-7	-6.628996E-4
1.066000E-7	-6.474830E-4
1.067000E-7	-6.046593E-4
1.068000E-7	-5.464189E-4
1.069000E-7	-4.796139E-4
1.070000E-7	-4.436419E-4
1.071000E-7	-4.573455E-4
1.072000E-7	-4.881786E-4
1.073000E-7	-4.641973E-4
1.074000E-7	-4.162347E-4
1.075000E-7	-3.597074E-4
1.076000E-7	-3.357261E-4
1.077000E-7	-3.665592E-4
1.078000E-7	-4.487808E-4
1.079000E-7	-5.190117E-4
1.080000E-7	-5.995204E-4
1.081000E-7	-6.372053E-4
1.082000E-7	-6.269276E-4
1.083000E-7	-6.166499E-4
1.084000E-7	-6.474830E-4
1.085000E-7	-6.680384E-4
1.086000E-7	-7.022974E-4
1.087000E-7	-7.297046E-4
1.088000E-7	-7.074363E-4
1.089000E-7	-6.080852E-4
1.090000E-7	-5.053081E-4
1.091000E-7	-3.785498E-4
1.092000E-7	-2.877635E-4
1.093000E-7	-2.877635E-4
1.094000E-7	-3.442908E-4
1.095000E-7	-4.522067E-4
1.096000E-7	-5.549837E-4
1.097000E-7	-6.354924E-4
1.098000E-7	-6.474830E-4
1.099000E-7	-5.601225E-4
1.100000E-7	-5.001693E-4
1.101000E-7	-4.813268E-4
1.102000E-7	-4.950304E-4
1.103000E-7	-5.138729E-4
1.104000E-7	-5.053081E-4
1.105000E-7	-4.641973E-4
1.106000E-7	-3.614203E-4
1.107000E-7	-2.860505E-4
1.108000E-7	-3.117448E-4
1.109000E-7	-4.367901E-4
1.110000E-7	-5.892427E-4
1.111000E-7	-7.691025E-4
1.112000E-7	-9.095644E-4
1.113000E-7	-9.438234E-4
1.114000E-7	-8.684536E-4
1.115000E-7	-7.947967E-4
1.116000E-7	-7.211399E-4
1.117000E-7	-6.560478E-4
1.118000E-7	-6.115111E-4
1.119000E-7	-5.395671E-4
1.120000E-7	-5.087340E-4
1.121000E-7	-4.727621E-4
1.122000E-7	-4.008182E-4
1.123000E-7	-4.025311E-4
1.124000E-7	-4.470678E-4
1.125000E-7	-4.744750E-4
1.126000E-7	-4.796139E-4
1.127000E-7	-5.292894E-4
1.128000E-7	-5.395671E-4
1.129000E-7	-5.155858E-4
1.130000E-7	-4.196606E-4
1.131000E-7	-3.340131E-4
1.132000E-7	-2.123937E-4
1.133000E-7	-4.281163E-5
1.134000E-7	3.427112E-5
1.135000E-7	-1.197853E-5
1.136000E-7	-1.455886E-4
1.137000E-7	-2.706340E-4
1.138000E-7	-3.614203E-4
1.139000E-7	-3.836887E-4
1.140000E-7	-3.425779E-4
1.141000E-7	-2.826246E-4
1.142000E-7	-2.346620E-4
1.143000E-7	-2.141066E-4
1.144000E-7	-2.329491E-4
1.145000E-7	-2.740599E-4
1.146000E-7	-3.048930E-4
1.147000E-7	-3.562815E-4
1.148000E-7	-4.402160E-4
1.149000E-7	-5.258635E-4
1.150000E-7	-5.806780E-4
1.151000E-7	-5.190117E-4
1.152000E-7	-3.579944E-4
1.153000E-7	-1.661440E-4
1.154000E-7	-5.126733E-6
1.155000E-7	9.765027E-5
1.156000E-7	5.825242E-5
1.157000E-7	-4.623753E-5
1.158000E-7	-2.106807E-4
1.159000E-7	-3.579944E-4
1.160000E-7	-4.881786E-4
1.161000E-7	-5.704003E-4
1.162000E-7	-6.080852E-4
1.163000E-7	-6.646125E-4
1.164000E-7	-6.731773E-4
1.165000E-7	-6.714643E-4
1.166000E-7	-6.166499E-4
1.167000E-7	-5.635484E-4
1.168000E-7	-5.361412E-4
1.169000E-7	-5.327153E-4
1.170000E-7	-5.258635E-4
1.171000E-7	-5.070211E-4
1.172000E-7	-4.573455E-4
1.173000E-7	-4.333642E-4
1.174000E-7	-3.871146E-4
1.175000E-7	-4.076700E-4
1.176000E-7	-5.001693E-4
1.177000E-7	-6.166499E-4
1.178000E-7	-6.389183E-4
1.179000E-7	-5.549837E-4
1.180000E-7	-2.963282E-4
1.181000E-7	-1.883033E-5
1.182000E-7	1.473258E-4
1.183000E-7	1.507517E-4
1.184000E-7	1.371572E-5
1.185000E-7	-1.490145E-4
1.186000E-7	-3.185966E-4
1.187000E-7	-4.213736E-4
1.188000E-7	-3.854016E-4
1.189000E-7	-2.226714E-4
1.190000E-7	-1.233203E-4
1.191000E-7	-1.353109E-4
1.192000E-7	-2.141066E-4
1.193000E-7	-3.083189E-4
1.194000E-7	-4.110959E-4
1.195000E-7	-4.676232E-4
1.196000E-7	-4.128088E-4
1.197000E-7	-3.134577E-4
1.198000E-7	-2.620692E-4
1.199000E-7	-3.083189E-4
1.200000E-7	-3.922534E-4
1.201000E-7	-5.172988E-4
1.202000E-7	-5.327153E-4
1.203000E-7	-4.487808E-4
1.204000E-7	-2.826246E-4
1.205000E-7	-8.220949E-5
1.206000E-7	2.228047E-5
1.207000E-7	-6.679293E-5
1.208000E-7	-2.911894E-4
1.209000E-7	-5.447060E-4
1.210000E-7	-7.656766E-4
1.211000E-7	-8.718795E-4
1.212000E-7	-8.530370E-4
1.213000E-7	-6.937327E-4
1.214000E-7	-4.607714E-4
1.215000E-7	-2.843376E-4
1.216000E-7	-2.295232E-4
1.217000E-7	-2.500786E-4
1.218000E-7	-2.791987E-4
1.219000E-7	-2.226714E-4
1.220000E-7	-1.610052E-4
1.221000E-7	-1.181814E-4
1.222000E-7	-1.198944E-4
1.223000E-7	-2.021160E-4
1.224000E-7	-3.494297E-4
1.225000E-7	-5.601225E-4
1.226000E-7	-7.091492E-4
1.227000E-7	-7.605377E-4
1.228000E-7	-6.851679E-4
1.229000E-7	-5.412801E-4
1.230000E-7	-4.042441E-4
1.231000E-7	-3.682721E-4
1.232000E-7	-3.939664E-4
1.233000E-7	-4.607714E-4
1.234000E-7	-5.395671E-4
1.235000E-7	-6.269276E-4
1.236000E-7	-6.920197E-4
1.237000E-7	-7.108622E-4
1.238000E-7	-6.577607E-4
1.239000E-7	-5.498448E-4
1.240000E-7	-4.402160E-4
1.241000E-7	-3.100318E-4
1.242000E-7	-1.918383E-4
1.243000E-7	-1.729958E-4
1.244000E-7	-2.158196E-4
1.245000E-7	-2.791987E-4
1.246000E-7	-2.791987E-4
1.247000E-7	-2.004030E-4
1.248000E-7	-1.250332E-4
1.249000E-7	-1.540443E-5
1.250000E-7	1.371572E-5
1.251000E-7	2.913227E-5
1.252000E-7	-3.424688E-5
1.253000E-7	-1.198944E-4
1.254000E-7	-2.209584E-4
1.255000E-7	-3.562815E-4
1.256000E-7	-4.967434E-4
1.257000E-7	-6.063722E-4
1.258000E-7	-6.337794E-4
1.259000E-7	-6.080852E-4
1.260000E-7	-6.423442E-4
1.261000E-7	-6.903068E-4
1.262000E-7	-6.474830E-4
1.263000E-7	-5.549837E-4
1.264000E-7	-4.419290E-4
1.265000E-7	-3.442908E-4
1.266000E-7	-2.535045E-4
1.267000E-7	-2.089678E-4
1.268000E-7	-2.894764E-4
1.269000E-7	-4.556326E-4
1.270000E-7	-6.337794E-4
1.271000E-7	-8.170651E-4
1.272000E-7	-9.489622E-4
1.273000E-7	-9.712306E-4
1.274000E-7	-9.489622E-4
1.275000E-7	-8.787313E-4
1.276000E-7	-8.170651E-4
1.277000E-7	-7.279917E-4
1.278000E-7	-5.995204E-4
1.279000E-7	-5.104470E-4
1.280000E-7	-4.727621E-4
1.281000E-7	-4.504937E-4
1.282000E-7	-4.744750E-4
1.283000E-7	-4.813268E-4
1.284000E-7	-4.385031E-4
1.285000E-7	-3.597074E-4
1.286000E-7	-2.740599E-4
1.287000E-7	-2.380879E-4
1.288000E-7	-2.894764E-4
1.289000E-7	-3.956793E-4
1.290000E-7	-5.258635E-4
1.291000E-7	-6.440571E-4
1.292000E-7	-7.177140E-4
1.293000E-7	-7.416953E-4
1.294000E-7	-7.691025E-4
1.295000E-7	-7.365564E-4
1.296000E-7	-6.937327E-4
1.297000E-7	-5.806780E-4
1.298000E-7	-4.779009E-4
1.299000E-7	-3.442908E-4
1.300000E-7	-1.952642E-4
1.301000E-7	-9.248719E-5
1.302000E-7	-4.452458E-5
1.303000E-7	3.084522E-5
1.304000E-7	5.311357E-5
1.305000E-7	-8.552633E-6
1.306000E-7	-2.295232E-4
1.307000E-7	-5.087340E-4
1.308000E-7	-7.845190E-4
1.309000E-7	-9.575270E-4
1.310000E-7	-1.003777E-3
1.311000E-7	-9.832212E-4
1.312000E-7	-8.753054E-4
1.313000E-7	-7.776672E-4
1.314000E-7	-6.920197E-4
1.315000E-7	-5.789650E-4
1.316000E-7	-4.093829E-4
1.317000E-7	-2.192455E-4
1.318000E-7	-9.933899E-5
1.319000E-7	-1.010519E-4
1.320000E-7	-2.312361E-4
1.321000E-7	-4.813268E-4
1.322000E-7	-6.937327E-4
1.323000E-7	-7.502600E-4
1.324000E-7	-6.252147E-4
1.325000E-7	-4.316513E-4
1.326000E-7	-2.398009E-4
1.327000E-7	-1.387368E-4
1.328000E-7	-1.815606E-4
1.329000E-7	-3.682721E-4
1.330000E-7	-5.892427E-4
1.331000E-7	-7.485471E-4
1.332000E-7	-8.136392E-4
1.333000E-7	-8.376205E-4
1.334000E-7	-7.947967E-4
1.335000E-7	-7.605377E-4
1.336000E-7	-7.502600E-4
1.337000E-7	-7.605377E-4
1.338000E-7	-7.896579E-4
1.339000E-7	-7.776672E-4
1.340000E-7	-7.142881E-4
1.341000E-7	-6.646125E-4
1.342000E-7	-6.423442E-4
1.343000E-7	-6.628996E-4
1.344000E-7	-6.680384E-4
1.345000E-7	-6.097981E-4
1.346000E-7	-5.429930E-4
1.347000E-7	-4.779009E-4
1.348000E-7	-3.973923E-4
1.349000E-7	-3.357261E-4
1.350000E-7	-3.288743E-4
1.351000E-7	-3.048930E-4
1.352000E-7	-3.391520E-4
1.353000E-7	-4.265124E-4
1.354000E-7	-5.275765E-4
1.355000E-7	-5.875298E-4
1.356000E-7	-5.361412E-4
1.357000E-7	-4.436419E-4
1.358000E-7	-2.997541E-4
1.359000E-7	-1.438757E-4
1.360000E-7	-4.623753E-5
1.361000E-7	-8.392244E-5
1.362000E-7	-2.637822E-4
1.363000E-7	-5.087340E-4
1.364000E-7	-6.697514E-4
1.365000E-7	-6.800291E-4
1.366000E-7	-5.806780E-4
1.367000E-7	-4.590585E-4
1.368000E-7	-4.042441E-4
1.369000E-7	-4.385031E-4
1.370000E-7	-5.292894E-4
1.371000E-7	-6.611866E-4
1.372000E-7	-7.365564E-4
1.373000E-7	-7.279917E-4
1.374000E-7	-5.858168E-4
1.375000E-7	-4.110959E-4
1.376000E-7	-2.757728E-4
1.377000E-7	-2.706340E-4
1.378000E-7	-2.929023E-4
1.379000E-7	-3.288743E-4
1.380000E-7	-3.734110E-4
1.381000E-7	-4.282254E-4
1.382000E-7	-4.093829E-4
1.383000E-7	-4.008182E-4
1.384000E-7	-4.230865E-4
1.385000E-7	-4.556326E-4
1.386000E-7	-4.710491E-4
1.387000E-7	-5.172988E-4
1.388000E-7	-5.429930E-4
1.389000E-7	-4.984563E-4
1.390000E-7	-4.247995E-4
1.391000E-7	-3.614203E-4
1.392000E-7	-3.699851E-4
1.393000E-7	-4.436419E-4
1.394000E-7	-5.669744E-4
1.395000E-7	-7.297046E-4
1.396000E-7	-8.376205E-4
1.397000E-7	-8.410464E-4
1.398000E-7	-7.365564E-4
1.399000E-7	-5.361412E-4
1.400000E-7	-3.511426E-4
1.401000E-7	-2.072548E-4
1.402000E-7	-1.524404E-4
1.403000E-7	-1.884124E-4
1.404000E-7	-2.672081E-4
1.405000E-7	-3.665592E-4
1.406000E-7	-4.556326E-4
1.407000E-7	-5.292894E-4
1.408000E-7	-6.337794E-4
1.409000E-7	-6.954456E-4
1.410000E-7	-7.228528E-4
1.411000E-7	-6.731773E-4
1.412000E-7	-5.669744E-4
1.413000E-7	-4.230865E-4
1.414000E-7	-3.391520E-4
1.415000E-7	-3.425779E-4
1.416000E-7	-3.682721E-4
1.417000E-7	-3.888275E-4
1.418000E-7	-4.042441E-4
1.419000E-7	-4.333642E-4
1.420000E-7	-4.881786E-4
1.421000E-7	-5.532707E-4
1.422000E-7	-6.423442E-4
1.423000E-7	-7.194269E-4
1.424000E-7	-7.502600E-4
1.425000E-7	-7.536859E-4
1.426000E-7	-6.920197E-4
1.427000E-7	-6.577607E-4
1.428000E-7	-6.800291E-4
1.429000E-7	-6.509089E-4
1.430000E-7	-5.584096E-4
1.431000E-7	-4.076700E-4
1.432000E-7	-2.929023E-4
1.433000E-7	-1.849865E-4
1.434000E-7	-1.558663E-4
1.435000E-7	-2.175325E-4
1.436000E-7	-3.100318E-4
1.437000E-7	-3.048930E-4
1.438000E-7	-2.757728E-4
1.439000E-7	-1.661440E-4
1.440000E-7	-5.651523E-5
1.441000E-7	3.438017E-6
1.442000E-7	5.150967E-6
1.443000E-7	-8.220949E-5
1.444000E-7	-2.141066E-4
1.445000E-7	-3.117448E-4
1.446000E-7	-3.819757E-4
1.447000E-7	-3.785498E-4
1.448000E-7	-3.597074E-4
1.449000E-7	-3.425779E-4
1.450000E-7	-4.522067E-4
1.451000E-7	-5.172988E-4
1.452000E-7	-6.029463E-4
1.453000E-7	-6.560478E-4
1.454000E-7	-5.943816E-4
1.455000E-7	-4.761880E-4
1.456000E-7	-3.031800E-4
1.457000E-7	-1.250332E-4
1.458000E-7	-6.165408E-5
1.459000E-7	-1.575793E-4
1.460000E-7	-2.826246E-4
1.461000E-7	-3.905405E-4
1.462000E-7	-4.230865E-4
1.463000E-7	-3.477167E-4
1.464000E-7	-2.106807E-4
1.465000E-7	-9.933899E-5
1.466000E-7	-9.933899E-5
1.467000E-7	-2.449397E-4
1.468000E-7	-4.110959E-4
1.469000E-7	-5.258635E-4
1.470000E-7	-5.618355E-4
1.471000E-7	-4.761880E-4
1.472000E-7	-3.494297E-4
1.473000E-7	-2.483656E-4
1.474000E-7	-2.843376E-4
1.475000E-7	-3.734110E-4
1.476000E-7	-5.001693E-4
1.477000E-7	-5.943816E-4
1.478000E-7	-6.457701E-4
1.479000E-7	-6.474830E-4
1.480000E-7	-6.337794E-4
1.481000E-7	-6.235017E-4
1.482000E-7	-6.903068E-4
1.483000E-7	-7.759543E-4
1.484000E-7	-8.478982E-4
1.485000E-7	-7.742413E-4
1.486000E-7	-5.909557E-4
1.487000E-7	-4.179477E-4
1.488000E-7	-2.877635E-4
1.489000E-7	-3.151707E-4
1.490000E-7	-4.367901E-4
1.491000E-7	-5.618355E-4
1.492000E-7	-6.337794E-4
1.493000E-7	-5.395671E-4
1.494000E-7	-3.494297E-4
1.495000E-7	-1.695699E-4
1.496000E-7	-6.679293E-5
1.497000E-7	-5.137638E-5
1.498000E-7	-1.507275E-4
1.499000E-7	-2.672081E-4
1.500000E-7	-3.203095E-4
1.501000E-7	-3.699851E-4
1.502000E-7	-3.956793E-4
1.503000E-7	-4.299383E-4
1.504000E-7	-4.333642E-4
1.505000E-7	-4.727621E-4
1.506000E-7	-5.429930E-4
1.507000E-7	-6.115111E-4
1.508000E-7	-7.160010E-4
1.509000E-7	-7.896579E-4
1.510000E-7	-8.222039E-4
1.511000E-7	-7.862320E-4
1.512000E-7	-6.834550E-4
1.513000E-7	-5.275765E-4
1.514000E-7	-3.802628E-4
1.515000E-7	-2.809117E-4
1.516000E-7	-2.260973E-4
1.517000E-7	-2.312361E-4
1.518000E-7	-3.374390E-4
1.519000E-7	-4.933175E-4
1.520000E-7	-6.543348E-4
1.521000E-7	-7.519730E-4
1.522000E-7	-7.896579E-4
1.523000E-7	-7.245658E-4
1.524000E-7	-6.354924E-4
1.525000E-7	-5.378542E-4
1.526000E-7	-4.093829E-4
1.527000E-7	-2.672081E-4
1.528000E-7	-1.832735E-4
1.529000E-7	-2.055419E-4
1.530000E-7	-2.209584E-4
1.531000E-7	-2.997541E-4
1.532000E-7	-4.196606E-4
1.533000E-7	-5.292894E-4
1.534000E-7	-6.560478E-4
1.535000E-7	-7.468341E-4
1.536000E-7	-8.410464E-4
1.537000E-7	-8.872960E-4
1.538000E-7	-8.821572E-4
1.539000E-7	-8.393334E-4
1.540000E-7	-7.862320E-4
1.541000E-7	-7.451212E-4
1.542000E-7	-7.519730E-4
1.543000E-7	-8.341946E-4
1.544000E-7	-9.301198E-4
1.545000E-7	-9.678047E-4
1.546000E-7	-8.701665E-4
1.547000E-7	-7.074363E-4
1.548000E-7	-4.693362E-4
1.549000E-7	-2.226714E-4
1.550000E-7	-8.906129E-5
1.551000E-7	1.371572E-5
1.552000E-7	1.200277E-5
1.553000E-7	-1.540443E-5
1.554000E-7	-9.933899E-5
1.555000E-7	-1.712829E-4
1.556000E-7	-2.569304E-4
1.557000E-7	-3.768369E-4
1.558000E-7	-4.213736E-4
1.559000E-7	-4.436419E-4
1.560000E-7	-4.402160E-4
1.561000E-7	-4.402160E-4
1.562000E-7	-4.556326E-4
1.563000E-7	-4.504937E-4
1.564000E-7	-4.659103E-4
1.565000E-7	-5.481319E-4
1.566000E-7	-6.303535E-4
1.567000E-7	-7.005845E-4
1.568000E-7	-7.211399E-4
1.569000E-7	-6.800291E-4
1.570000E-7	-5.841039E-4
1.571000E-7	-4.436419E-4
1.572000E-7	-3.117448E-4
1.573000E-7	-3.134577E-4
1.574000E-7	-3.357261E-4
1.575000E-7	-4.967434E-4
1.576000E-7	-7.057233E-4
1.577000E-7	-9.095644E-4
1.578000E-7	-1.000351E-3
1.579000E-7	-9.592399E-4
1.580000E-7	-8.170651E-4
1.581000E-7	-5.841039E-4
1.582000E-7	-3.494297E-4
1.583000E-7	-1.849865E-4
1.584000E-7	-1.130426E-4
1.585000E-7	-1.541534E-4
1.586000E-7	-2.929023E-4
1.587000E-7	-4.916045E-4
1.588000E-7	-6.577607E-4
1.589000E-7	-7.982226E-4
1.590000E-7	-8.324816E-4
1.591000E-7	-7.691025E-4
1.592000E-7	-6.509089E-4
1.593000E-7	-5.344283E-4
1.594000E-7	-3.614203E-4
1.595000E-7	-2.106807E-4
1.596000E-7	-6.679293E-5
1.597000E-7	2.570637E-5
1.598000E-7	-1.711738E-5
1.599000E-7	-1.044778E-4
1.600000E-7	-1.935512E-4
1.601000E-7	-2.706340E-4
1.602000E-7	-3.391520E-4
1.603000E-7	-3.083189E-4
1.604000E-7	-2.226714E-4
1.605000E-7	-2.517915E-4
1.606000E-7	-4.196606E-4
1.607000E-7	-6.783161E-4
1.608000E-7	-9.763694E-4
1.609000E-7	-1.175072E-3
1.610000E-7	-1.224747E-3
1.611000E-7	-1.108267E-3
1.612000E-7	-9.095644E-4
1.613000E-7	-7.622507E-4
1.614000E-7	-6.885938E-4
1.615000E-7	-7.262787E-4
1.616000E-7	-7.965097E-4
1.617000E-7	-7.982226E-4
1.618000E-7	-6.988715E-4
1.619000E-7	-5.310024E-4
1.620000E-7	-3.665592E-4
1.621000E-7	-3.357261E-4
1.622000E-7	-4.042441E-4
1.623000E-7	-5.018822E-4
1.624000E-7	-5.515578E-4
1.625000E-7	-5.635484E-4
1.626000E-7	-5.172988E-4
1.627000E-7	-4.967434E-4
1.628000E-7	-5.361412E-4
1.629000E-7	-6.406312E-4
1.630000E-7	-7.930838E-4
1.631000E-7	-9.541011E-4
1.632000E-7	-1.024332E-3
1.633000E-7	-9.592399E-4
1.634000E-7	-8.033615E-4
1.635000E-7	-6.252147E-4
1.636000E-7	-5.018822E-4
1.637000E-7	-4.453549E-4
1.638000E-7	-4.110959E-4
1.639000E-7	-4.350772E-4
1.640000E-7	-4.659103E-4
1.641000E-7	-5.481319E-4
1.642000E-7	-6.834550E-4
1.643000E-7	-7.947967E-4
1.644000E-7	-8.530370E-4
1.645000E-7	-7.810931E-4
1.646000E-7	-6.115111E-4
1.647000E-7	-4.590585E-4
1.648000E-7	-3.168836E-4
1.649000E-7	-2.843376E-4
1.650000E-7	-4.230865E-4
1.651000E-7	-6.423442E-4
1.652000E-7	-7.982226E-4
1.653000E-7	-7.759543E-4
1.654000E-7	-6.731773E-4
1.655000E-7	-5.412801E-4
1.656000E-7	-3.922534E-4
1.657000E-7	-3.528556E-4
1.658000E-7	-4.025311E-4
1.659000E-7	-4.898916E-4
1.660000E-7	-5.978075E-4
1.661000E-7	-7.211399E-4
1.662000E-7	-8.564629E-4
1.663000E-7	-9.917860E-4
1.664000E-7	-1.115118E-3
1.665000E-7	-1.192201E-3
1.666000E-7	-1.156229E-3
1.667000E-7	-1.017480E-3
1.668000E-7	-7.947967E-4
1.669000E-7	-4.898916E-4
1.670000E-7	-2.329491E-4
1.671000E-7	-1.096167E-4
1.672000E-7	-1.181814E-4
1.673000E-7	-2.192455E-4
1.674000E-7	-2.860505E-4
1.675000E-7	-3.391520E-4
1.676000E-7	-3.734110E-4
1.677000E-7	-4.265124E-4
1.678000E-7	-5.104470E-4
1.679000E-7	-5.738262E-4
1.680000E-7	-5.943816E-4
1.681000E-7	-4.693362E-4
1.682000E-7	-3.391520E-4
1.683000E-7	-2.106807E-4
1.684000E-7	-2.089678E-4
1.685000E-7	-3.014671E-4
1.686000E-7	-4.436419E-4
1.687000E-7	-6.115111E-4
1.688000E-7	-7.297046E-4
1.689000E-7	-7.331305E-4
1.690000E-7	-5.926686E-4
1.691000E-7	-4.367901E-4
1.692000E-7	-3.220225E-4
1.693000E-7	-2.620692E-4
1.694000E-7	-2.689210E-4
1.695000E-7	-3.905405E-4
1.696000E-7	-5.841039E-4
1.697000E-7	-7.639636E-4
1.698000E-7	-9.009996E-4
1.699000E-7	-9.009996E-4
1.700000E-7	-8.273428E-4
1.701000E-7	-6.766032E-4
1.702000E-7	-4.967434E-4
1.703000E-7	-3.682721E-4
1.704000E-7	-3.545685E-4
1.705000E-7	-4.522067E-4
1.706000E-7	-5.772521E-4
1.707000E-7	-7.262787E-4
1.708000E-7	-8.016485E-4
1.709000E-7	-7.913708E-4
1.710000E-7	-7.142881E-4
1.711000E-7	-6.115111E-4
1.712000E-7	-5.001693E-4
1.713000E-7	-4.367901E-4
1.714000E-7	-3.562815E-4
1.715000E-7	-2.603563E-4
1.716000E-7	-2.004030E-4
1.717000E-7	-1.747088E-4
1.718000E-7	-1.627181E-4
1.719000E-7	-2.055419E-4
1.720000E-7	-2.620692E-4
1.721000E-7	-3.716980E-4
1.722000E-7	-4.624844E-4
1.723000E-7	-5.806780E-4
1.724000E-7	-6.868809E-4
1.725000E-7	-7.536859E-4
1.726000E-7	-7.314176E-4
1.727000E-7	-6.714643E-4
1.728000E-7	-5.858168E-4
1.729000E-7	-4.813268E-4
1.730000E-7	-4.727621E-4
1.731000E-7	-4.967434E-4
1.732000E-7	-5.481319E-4
1.733000E-7	-5.806780E-4
1.734000E-7	-5.635484E-4
1.735000E-7	-5.429930E-4
1.736000E-7	-5.104470E-4
1.737000E-7	-5.190117E-4
1.738000E-7	-5.601225E-4
1.739000E-7	-6.046593E-4
1.740000E-7	-6.269276E-4
1.741000E-7	-5.635484E-4
1.742000E-7	-4.470678E-4
1.743000E-7	-3.391520E-4
1.744000E-7	-2.552174E-4
1.745000E-7	-2.740599E-4
1.746000E-7	-3.785498E-4
1.747000E-7	-4.933175E-4
1.748000E-7	-5.498448E-4
1.749000E-7	-5.190117E-4
1.750000E-7	-4.744750E-4
1.751000E-7	-4.350772E-4
1.752000E-7	-4.419290E-4
1.753000E-7	-5.429930E-4
1.754000E-7	-6.628996E-4
1.755000E-7	-7.571118E-4
1.756000E-7	-6.954456E-4
1.757000E-7	-5.361412E-4
1.758000E-7	-3.562815E-4
1.759000E-7	-2.586433E-4
1.760000E-7	-2.843376E-4
1.761000E-7	-4.385031E-4
1.762000E-7	-6.526219E-4
1.763000E-7	-7.930838E-4
1.764000E-7	-8.838701E-4
1.765000E-7	-8.102133E-4
1.766000E-7	-6.903068E-4
1.767000E-7	-5.361412E-4
1.768000E-7	-4.230865E-4
1.769000E-7	-2.997541E-4
1.770000E-7	-2.175325E-4
1.771000E-7	-2.175325E-4
1.772000E-7	-2.843376E-4
1.773000E-7	-3.973923E-4
1.774000E-7	-5.464189E-4
1.775000E-7	-6.560478E-4
1.776000E-7	-7.279917E-4
1.777000E-7	-6.646125E-4
1.778000E-7	-5.549837E-4
1.779000E-7	-3.991052E-4
1.780000E-7	-2.757728E-4
1.781000E-7	-2.466527E-4
1.782000E-7	-2.535045E-4
1.783000E-7	-2.723469E-4
1.784000E-7	-2.209584E-4
1.785000E-7	-1.558663E-4
1.786000E-7	-9.933899E-5
1.787000E-7	-1.250332E-4
1.788000E-7	-1.901253E-4
1.789000E-7	-2.500786E-4
1.790000E-7	-3.031800E-4
1.791000E-7	-3.665592E-4
1.792000E-7	-3.631333E-4
1.793000E-7	-3.391520E-4
1.794000E-7	-3.305872E-4
1.795000E-7	-3.614203E-4
1.796000E-7	-4.299383E-4
1.797000E-7	-5.035952E-4
1.798000E-7	-6.012334E-4
1.799000E-7	-7.279917E-4
1.800000E-7	-8.410464E-4
1.801000E-7	-9.009996E-4
1.802000E-7	-8.872960E-4
1.803000E-7	-7.913708E-4
1.804000E-7	-5.978075E-4
1.805000E-7	-4.162347E-4
1.806000E-7	-3.220225E-4
1.807000E-7	-3.425779E-4
1.808000E-7	-4.196606E-4
1.809000E-7	-5.207247E-4
1.810000E-7	-5.738262E-4
1.811000E-7	-5.738262E-4
1.812000E-7	-5.310024E-4
1.813000E-7	-4.761880E-4
1.814000E-7	-4.796139E-4
1.815000E-7	-5.447060E-4
1.816000E-7	-6.594737E-4
1.817000E-7	-7.382694E-4
1.818000E-7	-7.519730E-4
1.819000E-7	-7.125751E-4
1.820000E-7	-6.217888E-4
1.821000E-7	-5.412801E-4
1.822000E-7	-4.967434E-4
1.823000E-7	-5.412801E-4
1.824000E-7	-6.303535E-4
1.825000E-7	-7.177140E-4
1.826000E-7	-7.399823E-4
1.827000E-7	-7.228528E-4
1.828000E-7	-6.337794E-4
1.829000E-7	-5.087340E-4
1.830000E-7	-4.282254E-4
1.831000E-7	-4.316513E-4
1.832000E-7	-5.447060E-4
1.833000E-7	-7.553989E-4
1.834000E-7	-1.002064E-3
1.835000E-7	-1.169933E-3
1.836000E-7	-1.137387E-3
1.837000E-7	-9.044255E-4
1.838000E-7	-5.207247E-4
1.839000E-7	-1.147555E-4
1.840000E-7	1.370481E-4
1.841000E-7	1.610294E-4
1.842000E-7	-1.711738E-5
1.843000E-7	-2.517915E-4
1.844000E-7	-4.504937E-4
1.845000E-7	-5.378542E-4
1.846000E-7	-5.481319E-4
1.847000E-7	-5.635484E-4
1.848000E-7	-5.978075E-4
1.849000E-7	-6.663255E-4
1.850000E-7	-7.399823E-4
1.851000E-7	-7.399823E-4
1.852000E-7	-6.663255E-4
1.853000E-7	-5.584096E-4
1.854000E-7	-4.128088E-4
1.855000E-7	-4.025311E-4
1.856000E-7	-4.453549E-4
1.857000E-7	-4.676232E-4
1.858000E-7	-4.779009E-4
1.859000E-7	-4.504937E-4
1.860000E-7	-4.093829E-4
1.861000E-7	-3.973923E-4
1.862000E-7	-3.956793E-4
1.863000E-7	-3.511426E-4
1.864000E-7	-2.980412E-4
1.865000E-7	-2.260973E-4
1.866000E-7	-1.010519E-4
1.867000E-7	8.576867E-6
1.868000E-7	1.885457E-5
1.869000E-7	-8.552633E-6
1.870000E-7	-1.164685E-4
1.871000E-7	-2.620692E-4
1.872000E-7	-4.385031E-4
1.873000E-7	-5.018822E-4
1.874000E-7	-4.504937E-4
1.875000E-7	-3.357261E-4
1.876000E-7	-2.141066E-4
1.877000E-7	-1.610052E-4
1.878000E-7	-1.935512E-4
1.879000E-7	-3.460038E-4
1.880000E-7	-5.395671E-4
1.881000E-7	-7.177140E-4
1.882000E-7	-7.999356E-4
1.883000E-7	-7.348435E-4
1.884000E-7	-5.053081E-4
1.885000E-7	-2.603563E-4
1.886000E-7	-1.473016E-4
1.887000E-7	-1.404498E-4
1.888000E-7	-2.483656E-4
1.889000E-7	-4.179477E-4
1.890000E-7	-6.474830E-4
1.891000E-7	-8.187780E-4
1.892000E-7	-8.307687E-4
1.893000E-7	-6.988715E-4
1.894000E-7	-5.327153E-4
1.895000E-7	-4.350772E-4
1.896000E-7	-3.682721E-4
1.897000E-7	-3.682721E-4
1.898000E-7	-4.230865E-4
1.899000E-7	-5.053081E-4
1.900000E-7	-5.823909E-4
1.901000E-7	-6.577607E-4
1.902000E-7	-6.132240E-4
1.903000E-7	-5.121599E-4
1.904000E-7	-3.939664E-4
1.905000E-7	-3.117448E-4
1.906000E-7	-2.946153E-4
1.907000E-7	-3.836887E-4
1.908000E-7	-5.481319E-4
1.909000E-7	-6.988715E-4
1.910000E-7	-7.845190E-4
1.911000E-7	-7.725284E-4
1.912000E-7	-7.211399E-4
1.913000E-7	-5.858168E-4
1.914000E-7	-4.744750E-4
1.915000E-7	-4.385031E-4
1.916000E-7	-5.018822E-4
1.917000E-7	-6.115111E-4
1.918000E-7	-6.748902E-4
1.919000E-7	-6.971586E-4
1.920000E-7	-6.766032E-4
1.921000E-7	-5.858168E-4
1.922000E-7	-4.864657E-4
1.923000E-7	-4.025311E-4
1.924000E-7	-3.477167E-4
1.925000E-7	-3.888275E-4
1.926000E-7	-4.881786E-4
1.927000E-7	-6.183629E-4
1.928000E-7	-7.177140E-4
1.929000E-7	-7.382694E-4
1.930000E-7	-6.697514E-4
1.931000E-7	-4.693362E-4
1.932000E-7	-2.363750E-4
1.933000E-7	-6.336703E-5
1.934000E-7	-3.253393E-5
1.935000E-7	-2.004030E-4
1.936000E-7	-4.539196E-4
1.937000E-7	-7.142881E-4
1.938000E-7	-8.427593E-4
1.939000E-7	-8.410464E-4
1.940000E-7	-7.245658E-4
1.941000E-7	-5.601225E-4
1.942000E-7	-4.573455E-4
1.943000E-7	-4.128088E-4
1.944000E-7	-4.727621E-4
1.945000E-7	-5.704003E-4
1.946000E-7	-6.800291E-4
1.947000E-7	-7.348435E-4
1.948000E-7	-6.663255E-4
1.949000E-7	-5.241506E-4
1.950000E-7	-4.247995E-4
1.951000E-7	-3.836887E-4
1.952000E-7	-3.734110E-4
1.953000E-7	-4.265124E-4
1.954000E-7	-4.693362E-4
1.955000E-7	-5.275765E-4
1.956000E-7	-5.378542E-4
1.957000E-7	-4.916045E-4
1.958000E-7	-4.299383E-4
1.959000E-7	-3.545685E-4
1.960000E-7	-3.237354E-4
1.961000E-7	-3.305872E-4
1.962000E-7	-3.528556E-4
1.963000E-7	-4.333642E-4
1.964000E-7	-5.566966E-4
1.965000E-7	-6.646125E-4
1.966000E-7	-7.399823E-4
1.967000E-7	-7.074363E-4
1.968000E-7	-5.841039E-4
1.969000E-7	-4.402160E-4
1.970000E-7	-3.477167E-4
1.971000E-7	-2.517915E-4
1.972000E-7	-1.935512E-4
1.973000E-7	-1.712829E-4
1.974000E-7	-1.558663E-4
1.975000E-7	-1.318850E-4
1.976000E-7	-1.421627E-4
1.977000E-7	-2.517915E-4
1.978000E-7	-3.973923E-4
1.979000E-7	-5.549837E-4
1.980000E-7	-6.680384E-4
1.981000E-7	-7.022974E-4
1.982000E-7	-6.714643E-4
1.983000E-7	-6.132240E-4
1.984000E-7	-5.498448E-4
1.985000E-7	-5.378542E-4
1.986000E-7	-5.361412E-4
1.987000E-7	-5.104470E-4
1.988000E-7	-4.522067E-4
1.989000E-7	-4.093829E-4
1.990000E-7	-4.881786E-4
1.991000E-7	-5.909557E-4
1.992000E-7	-7.057233E-4
1.993000E-7	-7.793802E-4
1.994000E-7	-7.348435E-4
1.995000E-7	-6.697514E-4
1.996000E-7	-6.029463E-4
1.997000E-7	-6.474830E-4
1.998000E-7	-7.536859E-4
1.999000E-7	-8.718795E-4
2.000000E-7	-9.198421E-4
2.001000E-7	-8.547500E-4
