Study Name	Tungsten_Calibration
Sample Name	2024-10-02
Run Name	spot01
Operator	Elena
Date	10/2/2024
Time	9:52
Sign	NEG
Grating Spacing	03.40um
Channel	3
Number Traces	10000
Files in Batch	1
Batch Number	1
dt	100.000001E-12
time stamp (ms)	9:52:54 AM
	
Time	Amplitude
0.000000E+0	-9.404180E-4
1.000000E-10	-8.427798E-4
2.000000E-10	-7.794007E-4
3.000000E-10	-7.537064E-4
4.000000E-10	-7.794007E-4
5.000000E-10	-8.205115E-4
6.000000E-10	-8.547705E-4
7.000000E-10	-8.787518E-4
8.000000E-10	-8.958813E-4
9.000000E-10	-8.993072E-4
1.000000E-9	-8.804647E-4
1.100000E-9	-8.513446E-4
1.200000E-9	-7.999561E-4
1.300000E-9	-7.811136E-4
1.400000E-9	-7.537064E-4
1.500000E-9	-7.656971E-4
1.600000E-9	-7.725489E-4
1.700000E-9	-8.136597E-4
1.800000E-9	-8.342151E-4
1.900000E-9	-8.633352E-4
2.000000E-9	-8.753259E-4
2.100000E-9	-8.359280E-4
2.200000E-9	-7.674100E-4
2.300000E-9	-6.800496E-4
2.400000E-9	-6.235222E-4
2.500000E-9	-6.423647E-4
2.600000E-9	-7.280122E-4
2.700000E-9	-7.948172E-4
2.800000E-9	-8.770388E-4
2.900000E-9	-8.667611E-4
3.000000E-9	-8.616223E-4
3.100000E-9	-8.170856E-4
3.200000E-9	-8.170856E-4
3.300000E-9	-8.085208E-4
3.400000E-9	-8.410669E-4
3.500000E-9	-8.873165E-4
3.600000E-9	-9.232885E-4
3.700000E-9	-8.907424E-4
3.800000E-9	-8.547705E-4
3.900000E-9	-8.205115E-4
4.000000E-9	-7.948172E-4
4.100000E-9	-7.622712E-4
4.200000E-9	-7.280122E-4
4.300000E-9	-7.280122E-4
4.400000E-9	-7.674100E-4
4.500000E-9	-8.256503E-4
4.600000E-9	-8.941683E-4
4.700000E-9	-9.164367E-4
4.800000E-9	-9.164367E-4
4.900000E-9	-8.753259E-4
5.000000E-9	-7.965302E-4
5.100000E-9	-6.629201E-4
5.200000E-9	-5.156064E-4
5.300000E-9	-4.248200E-4
5.400000E-9	-4.042646E-4
5.500000E-9	-4.779215E-4
5.600000E-9	-5.841244E-4
5.700000E-9	-7.108827E-4
5.800000E-9	-8.136597E-4
5.900000E-9	-8.684741E-4
6.000000E-9	-8.444928E-4
6.100000E-9	-7.382899E-4
6.200000E-9	-6.063927E-4
6.300000E-9	-5.173193E-4
6.400000E-9	-5.138934E-4
6.500000E-9	-6.183834E-4
6.600000E-9	-7.828266E-4
6.700000E-9	-9.541216E-4
6.800000E-9	-1.068889E-3
6.900000E-9	-1.051760E-3
7.000000E-9	-9.301403E-4
7.100000E-9	-7.742618E-4
7.200000E-9	-6.218093E-4
7.300000E-9	-5.567172E-4
7.400000E-9	-5.806985E-4
7.500000E-9	-6.714848E-4
7.600000E-9	-7.605582E-4
7.700000E-9	-8.187985E-4
7.800000E-9	-8.187985E-4
7.900000E-9	-7.588453E-4
8.000000E-9	-6.594942E-4
8.100000E-9	-5.481524E-4
8.200000E-9	-4.813474E-4
8.300000E-9	-4.642179E-4
8.400000E-9	-5.104675E-4
8.500000E-9	-6.098186E-4
8.600000E-9	-7.554194E-4
8.700000E-9	-8.873165E-4
8.800000E-9	-9.900935E-4
8.900000E-9	-1.036343E-3
9.000000E-9	-1.007223E-3
9.100000E-9	-9.352791E-4
9.200000E-9	-8.136597E-4
9.300000E-9	-7.108827E-4
9.400000E-9	-6.817625E-4
9.500000E-9	-7.228733E-4
9.600000E-9	-7.725489E-4
9.700000E-9	-8.736129E-4
9.800000E-9	-9.952324E-4
9.900000E-9	-1.098009E-3
1.000000E-8	-1.128842E-3
1.010000E-8	-1.084306E-3
1.020000E-8	-9.918065E-4
1.030000E-8	-8.924554E-4
1.040000E-8	-8.205115E-4
1.050000E-8	-7.554194E-4
1.060000E-8	-7.194474E-4
1.070000E-8	-7.211604E-4
1.080000E-8	-7.143086E-4
1.090000E-8	-6.869014E-4
1.100000E-8	-5.909762E-4
1.110000E-8	-4.984769E-4
1.120000E-8	-4.333848E-4
1.130000E-8	-4.522272E-4
1.140000E-8	-5.464395E-4
1.150000E-8	-7.280122E-4
1.160000E-8	-9.438439E-4
1.170000E-8	-1.111713E-3
1.180000E-8	-1.209351E-3
1.190000E-8	-1.223055E-3
1.200000E-8	-1.187083E-3
1.210000E-8	-1.135694E-3
1.220000E-8	-1.096296E-3
1.230000E-8	-1.039769E-3
1.240000E-8	-9.387050E-4
1.250000E-8	-8.753259E-4
1.260000E-8	-8.410669E-4
1.270000E-8	-8.376410E-4
1.280000E-8	-8.410669E-4
1.290000E-8	-8.119467E-4
1.300000E-8	-8.222244E-4
1.310000E-8	-8.513446E-4
1.320000E-8	-8.770388E-4
1.330000E-8	-8.975942E-4
1.340000E-8	-9.078719E-4
1.350000E-8	-9.010201E-4
1.360000E-8	-8.873165E-4
1.370000E-8	-8.581964E-4
1.380000E-8	-8.547705E-4
1.390000E-8	-9.164367E-4
1.400000E-8	-9.729640E-4
1.410000E-8	-9.746770E-4
1.420000E-8	-9.267144E-4
1.430000E-8	-8.496316E-4
1.440000E-8	-7.742618E-4
1.450000E-8	-6.851884E-4
1.460000E-8	-6.851884E-4
1.470000E-8	-7.331510E-4
1.480000E-8	-8.376410E-4
1.490000E-8	-9.455568E-4
1.500000E-8	-1.034630E-3
1.510000E-8	-1.065463E-3
1.520000E-8	-1.008936E-3
1.530000E-8	-8.616223E-4
1.540000E-8	-7.245863E-4
1.550000E-8	-6.132445E-4
1.560000E-8	-5.926891E-4
1.570000E-8	-6.543553E-4
1.580000E-8	-7.571323E-4
1.590000E-8	-8.325021E-4
1.600000E-8	-8.719000E-4
1.610000E-8	-8.479187E-4
1.620000E-8	-7.948172E-4
1.630000E-8	-7.331510E-4
1.640000E-8	-6.954661E-4
1.650000E-8	-6.680589E-4
1.660000E-8	-6.457906E-4
1.670000E-8	-6.783366E-4
1.680000E-8	-7.656971E-4
1.690000E-8	-8.205115E-4
1.700000E-8	-8.376410E-4
1.710000E-8	-7.485676E-4
1.720000E-8	-6.320870E-4
1.730000E-8	-5.567172E-4
1.740000E-8	-5.310229E-4
1.750000E-8	-5.824114E-4
1.760000E-8	-6.475035E-4
1.770000E-8	-7.365769E-4
1.780000E-8	-8.187985E-4
1.790000E-8	-8.444928E-4
1.800000E-8	-8.410669E-4
1.810000E-8	-7.999561E-4
1.820000E-8	-7.365769E-4
1.830000E-8	-6.252352E-4
1.840000E-8	-5.053287E-4
1.850000E-8	-4.265330E-4
1.860000E-8	-4.179682E-4
1.870000E-8	-4.659308E-4
1.880000E-8	-5.498654E-4
1.890000E-8	-6.577812E-4
1.900000E-8	-7.382899E-4
1.910000E-8	-8.016690E-4
1.920000E-8	-9.010201E-4
1.930000E-8	-1.116852E-3
1.940000E-8	-1.584487E-3
1.950000E-8	-2.458092E-3
1.960000E-8	-3.826739E-3
1.970000E-8	-5.659595E-3
1.980000E-8	-7.771663E-3
1.990000E-8	-9.955674E-3
2.000000E-8	-1.186561E-2
2.010000E-8	-1.329250E-2
2.020000E-8	-1.409245E-2
2.030000E-8	-1.425175E-2
2.040000E-8	-1.384578E-2
2.050000E-8	-1.296361E-2
2.060000E-8	-1.163094E-2
2.070000E-8	-9.964239E-3
2.080000E-8	-8.194761E-3
2.090000E-8	-6.649681E-3
2.100000E-8	-5.669873E-3
2.110000E-8	-5.491726E-3
2.120000E-8	-6.057000E-3
2.130000E-8	-7.079631E-3
2.140000E-8	-8.187910E-3
2.150000E-8	-9.099199E-3
2.160000E-8	-9.565121E-3
2.170000E-8	-9.536001E-3
2.180000E-8	-8.982718E-3
2.190000E-8	-8.026892E-3
2.200000E-8	-6.752458E-3
2.210000E-8	-5.363255E-3
2.220000E-8	-4.088820E-3
2.230000E-8	-3.211790E-3
2.240000E-8	-2.905172E-3
2.250000E-8	-3.216929E-3
2.260000E-8	-4.076830E-3
2.270000E-8	-5.176543E-3
2.280000E-8	-6.257415E-3
2.290000E-8	-7.060789E-3
2.300000E-8	-7.403379E-3
2.310000E-8	-7.237222E-3
2.320000E-8	-6.601718E-3
2.330000E-8	-5.580800E-3
2.340000E-8	-4.338911E-3
2.350000E-8	-3.112439E-3
2.360000E-8	-2.160038E-3
2.370000E-8	-1.670135E-3
2.380000E-8	-1.774625E-3
2.390000E-8	-2.425546E-3
2.400000E-8	-3.453316E-3
2.410000E-8	-4.609557E-3
2.420000E-8	-5.611633E-3
2.430000E-8	-6.173480E-3
2.440000E-8	-6.218017E-3
2.450000E-8	-5.685290E-3
2.460000E-8	-4.696917E-3
2.470000E-8	-3.460168E-3
2.480000E-8	-2.269667E-3
2.490000E-8	-1.363517E-3
2.500000E-8	-9.404180E-4
2.510000E-8	-1.027778E-3
2.520000E-8	-1.617033E-3
2.530000E-8	-2.595128E-3
2.540000E-8	-3.723962E-3
2.550000E-8	-4.787704E-3
2.560000E-8	-5.539689E-3
2.570000E-8	-5.796631E-3
2.580000E-8	-5.515708E-3
2.590000E-8	-4.731176E-3
2.600000E-8	-3.549241E-3
2.610000E-8	-2.218279E-3
2.620000E-8	-1.039769E-3
2.630000E-8	-3.186171E-4
2.640000E-8	-1.404703E-4
2.650000E-8	-5.772726E-4
2.660000E-8	-1.491988E-3
2.670000E-8	-2.673923E-3
2.680000E-8	-3.847294E-3
2.690000E-8	-4.772287E-3
2.700000E-8	-5.191960E-3
2.710000E-8	-5.003536E-3
2.720000E-8	-4.239560E-3
2.730000E-8	-3.086744E-3
2.740000E-8	-1.810597E-3
2.750000E-8	-6.526424E-4
2.760000E-8	1.250370E-4
2.770000E-8	3.905442E-4
2.780000E-8	8.906500E-5
2.790000E-8	-6.766237E-4
2.800000E-8	-1.738653E-3
2.810000E-8	-2.855496E-3
2.820000E-8	-3.785628E-3
2.830000E-8	-4.318355E-3
2.840000E-8	-4.337198E-3
2.850000E-8	-3.831878E-3
2.860000E-8	-2.929153E-3
2.870000E-8	-1.817448E-3
2.880000E-8	-7.382899E-4
2.890000E-8	9.249090E-5
2.900000E-8	4.659140E-4
2.910000E-8	3.203133E-4
2.920000E-8	-3.323207E-4
2.930000E-8	-1.346387E-3
2.940000E-8	-2.435823E-3
2.950000E-8	-3.369381E-3
2.960000E-8	-3.866137E-3
2.970000E-8	-3.795906E-3
2.980000E-8	-3.198086E-3
2.990000E-8	-2.221705E-3
3.000000E-8	-1.077454E-3
3.010000E-8	-6.338755E-5
3.020000E-8	6.646162E-4
3.030000E-8	9.643825E-4
3.040000E-8	8.170688E-4
3.050000E-8	2.809154E-4
3.060000E-8	-5.121805E-4
3.070000E-8	-1.440599E-3
3.080000E-8	-2.338185E-3
3.090000E-8	-3.002810E-3
3.100000E-8	-3.319706E-3
3.110000E-8	-3.158688E-3
3.120000E-8	-2.569433E-3
3.130000E-8	-1.644440E-3
3.140000E-8	-5.669949E-4
3.150000E-8	4.059608E-4
3.160000E-8	1.036326E-3
3.170000E-8	1.188779E-3
3.180000E-8	8.290594E-4
3.190000E-8	3.082470E-5
3.200000E-8	-1.010649E-3
3.210000E-8	-2.074391E-3
3.220000E-8	-2.888042E-3
3.230000E-8	-3.240910E-3
3.240000E-8	-3.054198E-3
3.250000E-8	-2.422120E-3
3.260000E-8	-1.503979E-3
3.270000E-8	-4.488013E-4
3.280000E-8	4.813306E-4
3.290000E-8	1.118548E-3
3.300000E-8	1.342944E-3
3.310000E-8	1.086002E-3
3.320000E-8	4.025349E-4
3.330000E-8	-6.218093E-4
3.340000E-8	-1.769486E-3
3.350000E-8	-2.786978E-3
3.360000E-8	-3.413918E-3
3.370000E-8	-3.506417E-3
3.380000E-8	-3.050772E-3
3.390000E-8	-2.178881E-3
3.400000E-8	-1.108287E-3
3.410000E-8	-6.510050E-5
3.420000E-8	6.748939E-4
3.430000E-8	9.558177E-4
3.440000E-8	7.502637E-4
3.450000E-8	1.027686E-4
3.460000E-8	-8.684741E-4
3.470000E-8	-1.944207E-3
3.480000E-8	-2.884616E-3
3.490000E-8	-3.485862E-3
3.500000E-8	-3.612620E-3
3.510000E-8	-3.247762E-3
3.520000E-8	-2.420407E-3
3.530000E-8	-1.339535E-3
3.540000E-8	-2.192660E-4
3.550000E-8	6.543385E-4
3.560000E-8	1.149381E-3
3.570000E-8	1.140816E-3
3.580000E-8	6.337831E-4
3.590000E-8	-2.620898E-4
3.600000E-8	-1.358378E-3
3.610000E-8	-2.415268E-3
3.620000E-8	-3.139846E-3
3.630000E-8	-3.362529E-3
3.640000E-8	-3.006236E-3
3.650000E-8	-2.161751E-3
3.660000E-8	-1.043195E-3
3.670000E-8	6.508370E-5
3.680000E-8	8.907256E-4
3.690000E-8	1.284704E-3
3.700000E-8	1.175075E-3
3.710000E-8	6.252184E-4
3.720000E-8	-2.209790E-4
3.730000E-8	-1.192222E-3
3.740000E-8	-2.072678E-3
3.750000E-8	-2.709895E-3
3.760000E-8	-3.016513E-3
3.770000E-8	-2.956560E-3
3.780000E-8	-2.478647E-3
3.790000E-8	-1.736940E-3
3.800000E-8	-8.410669E-4
3.810000E-8	6.843401E-6
3.820000E-8	6.354961E-4
3.830000E-8	8.872997E-4
3.840000E-8	7.399860E-4
3.850000E-8	1.986938E-4
3.860000E-8	-5.944021E-4
3.870000E-8	-1.479997E-3
3.880000E-8	-2.257677E-3
3.890000E-8	-2.757858E-3
3.900000E-8	-2.762997E-3
3.910000E-8	-2.315917E-3
3.920000E-8	-1.498840E-3
3.930000E-8	-5.275970E-4
3.940000E-8	3.237392E-4
3.950000E-8	8.376242E-4
3.960000E-8	8.753091E-4
3.970000E-8	4.504975E-4
3.980000E-8	-3.306078E-4
3.990000E-8	-1.255601E-3
4.000000E-8	-2.105224E-3
4.010000E-8	-2.655081E-3
4.020000E-8	-2.819524E-3
4.030000E-8	-2.600267E-3
4.040000E-8	-2.086382E-3
4.050000E-8	-1.336109E-3
4.060000E-8	-4.899121E-4
4.070000E-8	2.603600E-4
4.080000E-8	8.170688E-4
4.090000E-8	9.917897E-4
4.100000E-8	7.776709E-4
4.110000E-8	2.158233E-4
4.120000E-8	-5.926891E-4
4.130000E-8	-1.428609E-3
4.140000E-8	-2.093233E-3
4.150000E-8	-2.466656E-3
4.160000E-8	-2.463231E-3
4.170000E-8	-2.113789E-3
4.180000E-8	-1.509117E-3
4.190000E-8	-7.451417E-4
4.200000E-8	5.309305E-5
4.210000E-8	6.851716E-4
4.220000E-8	1.029475E-3
4.230000E-8	1.027762E-3
4.240000E-8	6.629033E-4
4.250000E-8	-1.371200E-5
4.260000E-8	-8.376410E-4
4.270000E-8	-1.605043E-3
4.280000E-8	-2.161751E-3
4.290000E-8	-2.360454E-3
4.300000E-8	-2.170316E-3
4.310000E-8	-1.630737E-3
4.320000E-8	-8.513446E-4
4.330000E-8	-4.283215E-5
4.340000E-8	6.235054E-4
4.350000E-8	1.008919E-3
4.360000E-8	1.031188E-3
4.370000E-8	6.885975E-4
4.380000E-8	2.397290E-5
4.390000E-8	-7.845395E-4
4.400000E-8	-1.582774E-3
4.410000E-8	-2.243973E-3
4.420000E-8	-2.603692E-3
4.430000E-8	-2.584850E-3
4.440000E-8	-2.132631E-3
4.450000E-8	-1.301850E-3
4.460000E-8	-3.528761E-4
4.470000E-8	5.618392E-4
4.480000E-8	1.173362E-3
4.490000E-8	1.380629E-3
4.500000E-8	1.096280E-3
4.510000E-8	4.128126E-4
4.520000E-8	-5.344488E-4
4.530000E-8	-1.502266E-3
4.540000E-8	-2.271380E-3
4.550000E-8	-2.656794E-3
4.560000E-8	-2.617396E-3
4.570000E-8	-2.173742E-3
4.580000E-8	-1.519395E-3
4.590000E-8	-7.588453E-4
4.600000E-8	-8.223000E-5
4.610000E-8	3.528593E-4
4.620000E-8	5.104507E-4
4.630000E-8	2.774895E-4
4.640000E-8	-1.713034E-4
4.650000E-8	-7.862525E-4
4.660000E-8	-1.409766E-3
4.670000E-8	-1.873976E-3
4.680000E-8	-2.058974E-3
4.690000E-8	-1.980179E-3
4.700000E-8	-1.653005E-3
4.710000E-8	-1.157963E-3
4.720000E-8	-5.944021E-4
4.730000E-8	-5.139690E-5
4.740000E-8	3.973960E-4
4.750000E-8	6.406349E-4
4.760000E-8	6.457738E-4
4.770000E-8	3.408687E-4
4.780000E-8	-2.175531E-4
4.790000E-8	-9.044460E-4
4.800000E-8	-1.586200E-3
4.810000E-8	-2.069252E-3
4.820000E-8	-2.192584E-3
4.830000E-8	-1.906522E-3
4.840000E-8	-1.337822E-3
4.850000E-8	-6.200963E-4
4.860000E-8	3.596355E-5
4.870000E-8	4.470716E-4
4.880000E-8	5.875335E-4
4.890000E-8	4.590622E-4
4.900000E-8	9.762975E-5
4.910000E-8	-4.196812E-4
4.920000E-8	-1.000371E-3
4.930000E-8	-1.575922E-3
4.940000E-8	-2.034993E-3
4.950000E-8	-2.317630E-3
4.960000E-8	-2.321056E-3
4.970000E-8	-2.045271E-3
4.980000E-8	-1.526247E-3
4.990000E-8	-9.112978E-4
5.000000E-8	-3.083394E-4
5.010000E-8	1.198981E-4
5.020000E-8	3.340169E-4
5.030000E-8	2.466564E-4
5.040000E-8	-6.852640E-5
5.050000E-8	-5.704208E-4
5.060000E-8	-1.139120E-3
5.070000E-8	-1.629024E-3
5.080000E-8	-1.908235E-3
5.090000E-8	-1.911661E-3
5.100000E-8	-1.642727E-3
5.110000E-8	-1.166527E-3
5.120000E-8	-5.738467E-4
5.130000E-8	-4.625805E-5
5.140000E-8	2.843413E-4
5.150000E-8	3.991090E-4
5.160000E-8	3.083226E-4
5.170000E-8	3.938945E-5
5.180000E-8	-3.203301E-4
5.190000E-8	-7.297251E-4
5.200000E-8	-1.099722E-3
5.210000E-8	-1.411479E-3
5.220000E-8	-1.565645E-3
5.230000E-8	-1.509117E-3
5.240000E-8	-1.190509E-3
5.250000E-8	-6.920402E-4
5.260000E-8	-1.301926E-4
5.270000E-8	3.991090E-4
5.280000E-8	7.194306E-4
5.290000E-8	7.331342E-4
5.300000E-8	4.522104E-4
5.310000E-8	-1.267667E-4
5.320000E-8	-8.444928E-4
5.330000E-8	-1.557080E-3
5.340000E-8	-2.103511E-3
5.350000E-8	-2.295361E-3
5.360000E-8	-2.113789E-3
5.370000E-8	-1.658144E-3
5.380000E-8	-1.094583E-3
5.390000E-8	-4.984769E-4
5.400000E-8	-1.542495E-5
5.410000E-8	2.243881E-4
5.420000E-8	2.329528E-4
5.430000E-8	6.337075E-5
5.440000E-8	-2.775063E-4
5.450000E-8	-6.817625E-4
5.460000E-8	-1.046621E-3
5.470000E-8	-1.337822E-3
5.480000E-8	-1.466294E-3
5.490000E-8	-1.430322E-3
5.500000E-8	-1.228194E-3
5.510000E-8	-8.993072E-4
5.520000E-8	-4.710697E-4
5.530000E-8	-2.227675E-5
5.540000E-8	3.477205E-4
5.550000E-8	5.978112E-4
5.560000E-8	6.406349E-4
5.570000E-8	4.316550E-4
5.580000E-8	-1.542495E-5
5.590000E-8	-5.772726E-4
5.600000E-8	-1.108287E-3
5.610000E-8	-1.481710E-3
5.620000E-8	-1.591339E-3
5.630000E-8	-1.469720E-3
5.640000E-8	-1.084306E-3
5.650000E-8	-6.183834E-4
5.660000E-8	-1.935718E-4
5.670000E-8	5.480600E-5
5.680000E-8	9.249090E-5
5.690000E-8	-2.227675E-5
5.700000E-8	-2.912099E-4
5.710000E-8	-6.560683E-4
5.720000E-8	-1.024353E-3
5.730000E-8	-1.308702E-3
5.740000E-8	-1.459442E-3
5.750000E-8	-1.461155E-3
5.760000E-8	-1.325832E-3
5.770000E-8	-1.087732E-3
5.780000E-8	-8.085208E-4
5.790000E-8	-5.532913E-4
5.800000E-8	-4.162553E-4
5.810000E-8	-4.248200E-4
5.820000E-8	-5.361618E-4
5.830000E-8	-7.571323E-4
5.840000E-8	-1.000371E-3
5.850000E-8	-1.226481E-3
5.860000E-8	-1.411479E-3
5.870000E-8	-1.517682E-3
5.880000E-8	-1.491988E-3
5.890000E-8	-1.312128E-3
5.900000E-8	-1.000371E-3
5.910000E-8	-6.303740E-4
5.920000E-8	-2.843581E-4
5.930000E-8	-2.570265E-5
5.940000E-8	7.707435E-5
5.950000E-8	2.397290E-5
5.960000E-8	-1.695905E-4
5.970000E-8	-3.974128E-4
5.980000E-8	-6.594942E-4
5.990000E-8	-8.993072E-4
6.000000E-8	-1.123704E-3
6.010000E-8	-1.310415E-3
6.020000E-8	-1.404627E-3
6.030000E-8	-1.320693E-3
6.040000E-8	-1.092871E-3
6.050000E-8	-7.297251E-4
6.060000E-8	-3.083394E-4
6.070000E-8	3.596355E-5
6.080000E-8	1.849902E-4
6.090000E-8	9.249090E-5
6.100000E-8	-1.952847E-4
6.110000E-8	-5.961150E-4
6.120000E-8	-1.032917E-3
6.130000E-8	-1.409766E-3
6.140000E-8	-1.598191E-3
6.150000E-8	-1.570784E-3
6.160000E-8	-1.370368E-3
6.170000E-8	-1.058612E-3
6.180000E-8	-6.098186E-4
6.190000E-8	-1.935718E-4
6.200000E-8	1.010557E-4
6.210000E-8	2.175363E-4
6.220000E-8	1.353147E-4
6.230000E-8	-1.130631E-4
6.240000E-8	-4.762085E-4
6.250000E-8	-8.410669E-4
6.260000E-8	-1.132268E-3
6.270000E-8	-1.248749E-3
6.280000E-8	-1.209351E-3
6.290000E-8	-9.849547E-4
6.300000E-8	-7.023179E-4
6.310000E-8	-4.316718E-4
6.320000E-8	-2.209790E-4
6.330000E-8	-1.130631E-4
6.340000E-8	-1.147761E-4
6.350000E-8	-2.107013E-4
6.360000E-8	-4.111164E-4
6.370000E-8	-6.406517E-4
6.380000E-8	-8.581964E-4
6.390000E-8	-1.000371E-3
6.400000E-8	-1.110000E-3
6.410000E-8	-1.098009E-3
6.420000E-8	-9.952324E-4
6.430000E-8	-7.879654E-4
6.440000E-8	-5.430136E-4
6.450000E-8	-2.912099E-4
6.460000E-8	-1.541739E-4
6.470000E-8	-1.267667E-4
6.480000E-8	-1.867200E-4
6.490000E-8	-3.134783E-4
6.500000E-8	-5.275970E-4
6.510000E-8	-7.519935E-4
6.520000E-8	-9.164367E-4
6.530000E-8	-1.019214E-3
6.540000E-8	-1.015788E-3
6.550000E-8	-9.455568E-4
6.560000E-8	-8.496316E-4
6.570000E-8	-7.811136E-4
6.580000E-8	-7.040309E-4
6.590000E-8	-6.629201E-4
6.600000E-8	-5.978280E-4
6.610000E-8	-5.327359E-4
6.620000E-8	-4.813474E-4
6.630000E-8	-5.138934E-4
6.640000E-8	-6.543553E-4
6.650000E-8	-8.873165E-4
6.660000E-8	-1.116852E-3
6.670000E-8	-1.313841E-3
6.680000E-8	-1.375507E-3
6.690000E-8	-1.293286E-3
6.700000E-8	-1.050047E-3
6.710000E-8	-7.896784E-4
6.720000E-8	-5.841244E-4
6.730000E-8	-4.813474E-4
6.740000E-8	-4.950510E-4
6.750000E-8	-6.389388E-4
6.760000E-8	-8.187985E-4
6.770000E-8	-9.729640E-4
6.780000E-8	-1.106574E-3
6.790000E-8	-1.103148E-3
6.800000E-8	-1.043195E-3
6.810000E-8	-9.044460E-4
6.820000E-8	-7.108827E-4
6.830000E-8	-5.378747E-4
6.840000E-8	-4.213941E-4
6.850000E-8	-4.025517E-4
6.860000E-8	-4.436625E-4
6.870000E-8	-5.430136E-4
6.880000E-8	-6.355129E-4
6.890000E-8	-7.759748E-4
6.900000E-8	-9.198626E-4
6.910000E-8	-1.038056E-3
6.920000E-8	-1.070602E-3
6.930000E-8	-1.005510E-3
6.940000E-8	-9.181496E-4
6.950000E-8	-7.468546E-4
6.960000E-8	-5.601431E-4
6.970000E-8	-4.265330E-4
6.980000E-8	-3.408855E-4
6.990000E-8	-2.997747E-4
7.000000E-8	-3.066265E-4
7.010000E-8	-3.186171E-4
7.020000E-8	-3.819963E-4
7.030000E-8	-5.361618E-4
7.040000E-8	-7.382899E-4
7.050000E-8	-9.524086E-4
7.060000E-8	-1.086019E-3
7.070000E-8	-1.099722E-3
7.080000E-8	-9.421309E-4
7.090000E-8	-6.697719E-4
7.100000E-8	-3.700056E-4
7.110000E-8	-1.935718E-4
7.120000E-8	-1.541739E-4
7.130000E-8	-2.586639E-4
7.140000E-8	-4.282459E-4
7.150000E-8	-6.286611E-4
7.160000E-8	-7.862525E-4
7.170000E-8	-8.993072E-4
7.180000E-8	-9.746770E-4
7.190000E-8	-1.072315E-3
7.200000E-8	-1.159676E-3
7.210000E-8	-1.200786E-3
7.220000E-8	-1.171666E-3
7.230000E-8	-1.039769E-3
7.240000E-8	-8.170856E-4
7.250000E-8	-5.310229E-4
7.260000E-8	-2.860711E-4
7.270000E-8	-1.850070E-4
7.280000E-8	-2.723675E-4
7.290000E-8	-5.070416E-4
7.300000E-8	-8.616223E-4
7.310000E-8	-1.181944E-3
7.320000E-8	-1.378933E-3
7.330000E-8	-1.433748E-3
7.340000E-8	-1.332684E-3
7.350000E-8	-1.111713E-3
7.360000E-8	-8.650482E-4
7.370000E-8	-6.303740E-4
7.380000E-8	-4.385236E-4
7.390000E-8	-3.425984E-4
7.400000E-8	-3.580150E-4
7.410000E-8	-4.642179E-4
7.420000E-8	-5.978280E-4
7.430000E-8	-7.348640E-4
7.440000E-8	-8.170856E-4
7.450000E-8	-8.410669E-4
7.460000E-8	-8.102338E-4
7.470000E-8	-7.588453E-4
7.480000E-8	-6.731978E-4
7.490000E-8	-6.149575E-4
7.500000E-8	-5.395877E-4
7.510000E-8	-4.830603E-4
7.520000E-8	-4.111164E-4
7.530000E-8	-3.545891E-4
7.540000E-8	-3.511632E-4
7.550000E-8	-4.402366E-4
7.560000E-8	-6.046798E-4
7.570000E-8	-8.187985E-4
7.580000E-8	-1.029491E-3
7.590000E-8	-1.152824E-3
7.600000E-8	-1.145972E-3
7.610000E-8	-1.020927E-3
7.620000E-8	-8.222244E-4
7.630000E-8	-6.560683E-4
7.640000E-8	-5.824114E-4
7.650000E-8	-6.115316E-4
7.660000E-8	-7.006050E-4
7.670000E-8	-8.256503E-4
7.680000E-8	-9.335662E-4
7.690000E-8	-1.024353E-3
7.700000E-8	-1.077454E-3
7.710000E-8	-1.077454E-3
7.720000E-8	-1.050047E-3
7.730000E-8	-9.781029E-4
7.740000E-8	-8.993072E-4
7.750000E-8	-8.325021E-4
7.760000E-8	-7.622712E-4
7.770000E-8	-6.971791E-4
7.780000E-8	-6.697719E-4
7.790000E-8	-6.218093E-4
7.800000E-8	-5.550042E-4
7.810000E-8	-5.395877E-4
7.820000E-8	-5.430136E-4
7.830000E-8	-6.475035E-4
7.840000E-8	-8.307892E-4
7.850000E-8	-1.017501E-3
7.860000E-8	-1.072315E-3
7.870000E-8	-1.032917E-3
7.880000E-8	-8.085208E-4
7.890000E-8	-4.864862E-4
7.900000E-8	-1.456092E-4
7.910000E-8	6.337075E-5
7.920000E-8	9.077795E-5
7.930000E-8	-9.593360E-5
7.940000E-8	-3.905610E-4
7.950000E-8	-6.663460E-4
7.960000E-8	-8.564834E-4
7.970000E-8	-9.404180E-4
7.980000E-8	-9.215755E-4
7.990000E-8	-8.650482E-4
8.000000E-8	-7.571323E-4
8.010000E-8	-6.372258E-4
8.020000E-8	-5.344488E-4
8.030000E-8	-4.350977E-4
8.040000E-8	-3.306078E-4
8.050000E-8	-2.894970E-4
8.060000E-8	-2.963488E-4
8.070000E-8	-3.922740E-4
8.080000E-8	-5.361618E-4
8.090000E-8	-7.245863E-4
8.100000E-8	-9.318532E-4
8.110000E-8	-1.147685E-3
8.120000E-8	-1.291573E-3
8.130000E-8	-1.327545E-3
8.140000E-8	-1.238471E-3
8.150000E-8	-9.969453E-4
8.160000E-8	-7.262992E-4
8.170000E-8	-4.505143E-4
8.180000E-8	-2.809322E-4
8.190000E-8	-2.209790E-4
8.200000E-8	-3.117653E-4
8.210000E-8	-4.967639E-4
8.220000E-8	-6.971791E-4
8.230000E-8	-8.496316E-4
8.240000E-8	-8.770388E-4
8.250000E-8	-8.307892E-4
8.260000E-8	-7.211604E-4
8.270000E-8	-5.978280E-4
8.280000E-8	-4.984769E-4
8.290000E-8	-4.693567E-4
8.300000E-8	-4.984769E-4
8.310000E-8	-5.413006E-4
8.320000E-8	-5.721337E-4
8.330000E-8	-5.498654E-4
8.340000E-8	-5.550042E-4
8.350000E-8	-5.173193E-4
8.360000E-8	-5.224582E-4
8.370000E-8	-5.892632E-4
8.380000E-8	-6.697719E-4
8.390000E-8	-7.639841E-4
8.400000E-8	-8.068079E-4
8.410000E-8	-7.879654E-4
8.420000E-8	-7.297251E-4
8.430000E-8	-6.406517E-4
8.440000E-8	-5.635690E-4
8.450000E-8	-6.046798E-4
8.460000E-8	-7.348640E-4
8.470000E-8	-9.181496E-4
8.480000E-8	-1.029491E-3
8.490000E-8	-1.067176E-3
8.500000E-8	-9.918065E-4
8.510000E-8	-8.479187E-4
8.520000E-8	-6.937532E-4
8.530000E-8	-5.926891E-4
8.540000E-8	-5.310229E-4
8.550000E-8	-5.687078E-4
8.560000E-8	-6.115316E-4
8.570000E-8	-6.475035E-4
8.580000E-8	-6.183834E-4
8.590000E-8	-6.029668E-4
8.600000E-8	-6.183834E-4
8.610000E-8	-7.160215E-4
8.620000E-8	-8.599093E-4
8.630000E-8	-1.046621E-3
8.640000E-8	-1.156250E-3
8.650000E-8	-1.152824E-3
8.660000E-8	-1.017501E-3
8.670000E-8	-8.581964E-4
8.680000E-8	-7.502805E-4
8.690000E-8	-7.125956E-4
8.700000E-8	-7.400028E-4
8.710000E-8	-8.170856E-4
8.720000E-8	-8.307892E-4
8.730000E-8	-7.656971E-4
8.740000E-8	-6.869014E-4
8.750000E-8	-6.355129E-4
8.760000E-8	-6.166704E-4
8.770000E-8	-6.337999E-4
8.780000E-8	-6.680589E-4
8.790000E-8	-6.543553E-4
8.800000E-8	-5.858373E-4
8.810000E-8	-4.727826E-4
8.820000E-8	-3.837092E-4
8.830000E-8	-3.682927E-4
8.840000E-8	-4.145423E-4
8.850000E-8	-4.419495E-4
8.860000E-8	-4.779215E-4
8.870000E-8	-5.327359E-4
8.880000E-8	-6.063927E-4
8.890000E-8	-7.040309E-4
8.900000E-8	-8.068079E-4
8.910000E-8	-9.112978E-4
8.920000E-8	-9.506957E-4
8.930000E-8	-9.678252E-4
8.940000E-8	-9.112978E-4
8.950000E-8	-8.307892E-4
8.960000E-8	-7.794007E-4
8.970000E-8	-7.879654E-4
8.980000E-8	-8.205115E-4
8.990000E-8	-8.479187E-4
9.000000E-8	-9.010201E-4
9.010000E-8	-9.626863E-4
9.020000E-8	-9.472698E-4
9.030000E-8	-8.975942E-4
9.040000E-8	-7.811136E-4
9.050000E-8	-6.406517E-4
9.060000E-8	-4.299589E-4
9.070000E-8	-2.689416E-4
9.080000E-8	-1.764423E-4
9.090000E-8	-2.226919E-4
9.100000E-8	-3.528761E-4
9.110000E-8	-5.275970E-4
9.120000E-8	-6.800496E-4
9.130000E-8	-7.948172E-4
9.140000E-8	-8.753259E-4
9.150000E-8	-8.719000E-4
9.160000E-8	-8.325021E-4
9.170000E-8	-8.684741E-4
9.180000E-8	-9.112978E-4
9.190000E-8	-1.000371E-3
9.200000E-8	-1.062037E-3
9.210000E-8	-1.080880E-3
9.220000E-8	-9.849547E-4
9.230000E-8	-8.290762E-4
9.240000E-8	-6.115316E-4
9.250000E-8	-4.231071E-4
9.260000E-8	-3.117653E-4
9.270000E-8	-2.860711E-4
9.280000E-8	-3.477373E-4
9.290000E-8	-4.042646E-4
9.300000E-8	-4.967639E-4
9.310000E-8	-5.395877E-4
9.320000E-8	-5.824114E-4
9.330000E-8	-6.012539E-4
9.340000E-8	-6.337999E-4
9.350000E-8	-7.160215E-4
9.360000E-8	-8.033820E-4
9.370000E-8	-8.719000E-4
9.380000E-8	-9.215755E-4
9.390000E-8	-9.010201E-4
9.400000E-8	-8.907424E-4
9.410000E-8	-9.147237E-4
9.420000E-8	-9.524086E-4
9.430000E-8	-1.007223E-3
9.440000E-8	-1.086019E-3
9.450000E-8	-1.135694E-3
9.460000E-8	-1.120278E-3
9.470000E-8	-1.034630E-3
9.480000E-8	-9.215755E-4
9.490000E-8	-8.016690E-4
9.500000E-8	-7.331510E-4
9.510000E-8	-6.766237E-4
9.520000E-8	-6.680589E-4
9.530000E-8	-7.040309E-4
9.540000E-8	-7.228733E-4
9.550000E-8	-7.913913E-4
9.560000E-8	-8.496316E-4
9.570000E-8	-8.958813E-4
9.580000E-8	-9.284273E-4
9.590000E-8	-8.993072E-4
9.600000E-8	-8.581964E-4
9.610000E-8	-7.811136E-4
9.620000E-8	-7.382899E-4
9.630000E-8	-6.766237E-4
9.640000E-8	-6.612071E-4
9.650000E-8	-6.800496E-4
9.660000E-8	-7.434287E-4
9.670000E-8	-8.359280E-4
9.680000E-8	-8.907424E-4
9.690000E-8	-9.215755E-4
9.700000E-8	-9.455568E-4
9.710000E-8	-9.712511E-4
9.720000E-8	-9.575475E-4
9.730000E-8	-9.147237E-4
9.740000E-8	-8.256503E-4
9.750000E-8	-7.006050E-4
9.760000E-8	-5.669949E-4
9.770000E-8	-4.676438E-4
9.780000E-8	-4.333848E-4
9.790000E-8	-4.556531E-4
9.800000E-8	-4.916251E-4
9.810000E-8	-5.001898E-4
9.820000E-8	-5.275970E-4
9.830000E-8	-5.772726E-4
9.840000E-8	-6.937532E-4
9.850000E-8	-8.941683E-4
9.860000E-8	-1.096296E-3
9.870000E-8	-1.224768E-3
9.880000E-8	-1.217916E-3
9.890000E-8	-1.089445E-3
9.900000E-8	-8.873165E-4
9.910000E-8	-7.554194E-4
9.920000E-8	-7.057438E-4
9.930000E-8	-7.639841E-4
9.940000E-8	-8.479187E-4
9.950000E-8	-9.524086E-4
9.960000E-8	-9.918065E-4
9.970000E-8	-9.404180E-4
9.980000E-8	-7.913913E-4
9.990000E-8	-6.475035E-4
1.000000E-7	-5.464395E-4
1.001000E-7	-5.104675E-4
1.002000E-7	-5.275970E-4
1.003000E-7	-6.183834E-4
1.004000E-7	-7.091697E-4
1.005000E-7	-7.913913E-4
1.006000E-7	-7.759748E-4
1.007000E-7	-6.903273E-4
1.008000E-7	-5.207452E-4
1.009000E-7	-3.477373E-4
1.010000E-7	-1.764423E-4
1.011000E-7	-4.797100E-5
1.012000E-7	-5.139690E-5
1.013000E-7	-1.575998E-4
1.014000E-7	-3.477373E-4
1.015000E-7	-5.241711E-4
1.016000E-7	-6.423647E-4
1.017000E-7	-6.423647E-4
1.018000E-7	-5.687078E-4
1.019000E-7	-4.642179E-4
1.020000E-7	-3.785704E-4
1.021000E-7	-3.545891E-4
1.022000E-7	-4.111164E-4
1.023000E-7	-5.173193E-4
1.024000E-7	-6.475035E-4
1.025000E-7	-8.205115E-4
1.026000E-7	-9.558345E-4
1.027000E-7	-1.104861E-3
1.028000E-7	-1.202499E-3
1.029000E-7	-1.241897E-3
1.030000E-7	-1.157963E-3
1.031000E-7	-9.678252E-4
1.032000E-7	-7.519935E-4
1.033000E-7	-6.149575E-4
1.034000E-7	-6.200963E-4
1.035000E-7	-7.280122E-4
1.036000E-7	-9.284273E-4
1.037000E-7	-1.116852E-3
1.038000E-7	-1.130555E-3
1.039000E-7	-1.005510E-3
1.040000E-7	-7.588453E-4
1.041000E-7	-5.001898E-4
1.042000E-7	-3.340337E-4
1.043000E-7	-3.237560E-4
1.044000E-7	-4.402366E-4
1.045000E-7	-6.235222E-4
1.046000E-7	-7.417158E-4
1.047000E-7	-7.674100E-4
1.048000E-7	-6.851884E-4
1.049000E-7	-5.447265E-4
1.050000E-7	-4.042646E-4
1.051000E-7	-3.734315E-4
1.052000E-7	-4.213941E-4
1.053000E-7	-6.115316E-4
1.054000E-7	-8.599093E-4
1.055000E-7	-1.086019E-3
1.056000E-7	-1.175092E-3
1.057000E-7	-1.159676E-3
1.058000E-7	-1.060324E-3
1.059000E-7	-9.335662E-4
1.060000E-7	-8.462057E-4
1.061000E-7	-8.119467E-4
1.062000E-7	-7.571323E-4
1.063000E-7	-6.851884E-4
1.064000E-7	-5.721337E-4
1.065000E-7	-4.282459E-4
1.066000E-7	-3.151912E-4
1.067000E-7	-3.323207E-4
1.068000E-7	-4.282459E-4
1.069000E-7	-5.841244E-4
1.070000E-7	-7.382899E-4
1.071000E-7	-8.050949E-4
1.072000E-7	-7.896784E-4
1.073000E-7	-7.228733E-4
1.074000E-7	-6.971791E-4
1.075000E-7	-7.845395E-4
1.076000E-7	-9.661122E-4
1.077000E-7	-1.142546E-3
1.078000E-7	-1.308702E-3
1.079000E-7	-1.363517E-3
1.080000E-7	-1.349813E-3
1.081000E-7	-1.229907E-3
1.082000E-7	-1.056899E-3
1.083000E-7	-9.421309E-4
1.084000E-7	-8.701870E-4
1.085000E-7	-8.599093E-4
1.086000E-7	-8.307892E-4
1.087000E-7	-7.742618E-4
1.088000E-7	-7.331510E-4
1.089000E-7	-6.766237E-4
1.090000E-7	-7.057438E-4
1.091000E-7	-8.170856E-4
1.092000E-7	-9.815288E-4
1.093000E-7	-1.116852E-3
1.094000E-7	-1.175092E-3
1.095000E-7	-1.084306E-3
1.096000E-7	-8.907424E-4
1.097000E-7	-6.954661E-4
1.098000E-7	-5.601431E-4
1.099000E-7	-5.721337E-4
1.100000E-7	-6.594942E-4
1.101000E-7	-7.365769E-4
1.102000E-7	-7.571323E-4
1.103000E-7	-7.485676E-4
1.104000E-7	-7.057438E-4
1.105000E-7	-7.125956E-4
1.106000E-7	-7.656971E-4
1.107000E-7	-8.496316E-4
1.108000E-7	-9.112978E-4
1.109000E-7	-9.335662E-4
1.110000E-7	-9.112978E-4
1.111000E-7	-8.444928E-4
1.112000E-7	-7.691230E-4
1.113000E-7	-7.006050E-4
1.114000E-7	-6.680589E-4
1.115000E-7	-6.423647E-4
1.116000E-7	-6.577812E-4
1.117000E-7	-7.245863E-4
1.118000E-7	-7.982431E-4
1.119000E-7	-8.547705E-4
1.120000E-7	-9.198626E-4
1.121000E-7	-9.267144E-4
1.122000E-7	-9.061590E-4
1.123000E-7	-9.044460E-4
1.124000E-7	-8.736129E-4
1.125000E-7	-8.290762E-4
1.126000E-7	-7.639841E-4
1.127000E-7	-7.006050E-4
1.128000E-7	-6.132445E-4
1.129000E-7	-5.550042E-4
1.130000E-7	-5.070416E-4
1.131000E-7	-5.173193E-4
1.132000E-7	-5.841244E-4
1.133000E-7	-6.303740E-4
1.134000E-7	-6.492165E-4
1.135000E-7	-6.355129E-4
1.136000E-7	-5.721337E-4
1.137000E-7	-4.847733E-4
1.138000E-7	-4.368107E-4
1.139000E-7	-4.402366E-4
1.140000E-7	-5.721337E-4
1.141000E-7	-7.605582E-4
1.142000E-7	-9.335662E-4
1.143000E-7	-1.056899E-3
1.144000E-7	-1.074028E-3
1.145000E-7	-1.024353E-3
1.146000E-7	-9.438439E-4
1.147000E-7	-8.804647E-4
1.148000E-7	-8.701870E-4
1.149000E-7	-8.804647E-4
1.150000E-7	-8.719000E-4
1.151000E-7	-8.479187E-4
1.152000E-7	-8.085208E-4
1.153000E-7	-7.297251E-4
1.154000E-7	-6.612071E-4
1.155000E-7	-6.389388E-4
1.156000E-7	-6.749107E-4
1.157000E-7	-7.211604E-4
1.158000E-7	-7.674100E-4
1.159000E-7	-8.136597E-4
1.160000E-7	-8.239374E-4
1.161000E-7	-8.187985E-4
1.162000E-7	-8.102338E-4
1.163000E-7	-7.691230E-4
1.164000E-7	-6.834755E-4
1.165000E-7	-6.218093E-4
1.166000E-7	-5.841244E-4
1.167000E-7	-5.481524E-4
1.168000E-7	-5.755596E-4
1.169000E-7	-6.492165E-4
1.170000E-7	-7.211604E-4
1.171000E-7	-7.297251E-4
1.172000E-7	-7.485676E-4
1.173000E-7	-7.006050E-4
1.174000E-7	-6.834755E-4
1.175000E-7	-6.663460E-4
1.176000E-7	-6.543553E-4
1.177000E-7	-6.081057E-4
1.178000E-7	-5.275970E-4
1.179000E-7	-4.830603E-4
1.180000E-7	-5.241711E-4
1.181000E-7	-6.475035E-4
1.182000E-7	-8.050949E-4
1.183000E-7	-1.019214E-3
1.184000E-7	-1.168240E-3
1.185000E-7	-1.229907E-3
1.186000E-7	-1.130555E-3
1.187000E-7	-9.506957E-4
1.188000E-7	-6.834755E-4
1.189000E-7	-3.956999E-4
1.190000E-7	-1.661646E-4
1.191000E-7	-8.736885E-5
1.192000E-7	-1.918588E-4
1.193000E-7	-3.819963E-4
1.194000E-7	-6.252352E-4
1.195000E-7	-8.170856E-4
1.196000E-7	-8.856036E-4
1.197000E-7	-8.581964E-4
1.198000E-7	-7.794007E-4
1.199000E-7	-7.160215E-4
1.200000E-7	-7.228733E-4
1.201000E-7	-7.348640E-4
1.202000E-7	-7.211604E-4
1.203000E-7	-6.560683E-4
1.204000E-7	-5.687078E-4
1.205000E-7	-5.156064E-4
1.206000E-7	-5.378747E-4
1.207000E-7	-6.337999E-4
1.208000E-7	-8.136597E-4
1.209000E-7	-9.592604E-4
1.210000E-7	-1.034630E-3
1.211000E-7	-1.008936E-3
1.212000E-7	-9.130108E-4
1.213000E-7	-7.931043E-4
1.214000E-7	-7.125956E-4
1.215000E-7	-6.783366E-4
1.216000E-7	-7.485676E-4
1.217000E-7	-8.462057E-4
1.218000E-7	-9.215755E-4
1.219000E-7	-1.000371E-3
1.220000E-7	-1.034630E-3
1.221000E-7	-1.060324E-3
1.222000E-7	-1.044908E-3
1.223000E-7	-1.026065E-3
1.224000E-7	-9.986583E-4
1.225000E-7	-9.900935E-4
1.226000E-7	-1.012362E-3
1.227000E-7	-1.046621E-3
1.228000E-7	-1.089445E-3
1.229000E-7	-1.130555E-3
1.230000E-7	-1.115139E-3
1.231000E-7	-1.092871E-3
1.232000E-7	-1.000371E-3
1.233000E-7	-9.181496E-4
1.234000E-7	-8.290762E-4
1.235000E-7	-7.245863E-4
1.236000E-7	-6.355129E-4
1.237000E-7	-5.789855E-4
1.238000E-7	-6.012539E-4
1.239000E-7	-6.851884E-4
1.240000E-7	-8.033820E-4
1.241000E-7	-9.472698E-4
1.242000E-7	-1.092871E-3
1.243000E-7	-1.173379E-3
1.244000E-7	-1.188796E-3
1.245000E-7	-1.142546E-3
1.246000E-7	-1.044908E-3
1.247000E-7	-9.404180E-4
1.248000E-7	-7.965302E-4
1.249000E-7	-7.040309E-4
1.250000E-7	-6.406517E-4
1.251000E-7	-6.200963E-4
1.252000E-7	-5.995409E-4
1.253000E-7	-6.149575E-4
1.254000E-7	-6.560683E-4
1.255000E-7	-7.108827E-4
1.256000E-7	-7.845395E-4
1.257000E-7	-8.667611E-4
1.258000E-7	-8.975942E-4
1.259000E-7	-8.856036E-4
1.260000E-7	-8.376410E-4
1.261000E-7	-7.879654E-4
1.262000E-7	-7.879654E-4
1.263000E-7	-7.999561E-4
1.264000E-7	-7.982431E-4
1.265000E-7	-7.794007E-4
1.266000E-7	-7.297251E-4
1.267000E-7	-6.937532E-4
1.268000E-7	-6.612071E-4
1.269000E-7	-6.714848E-4
1.270000E-7	-7.194474E-4
1.271000E-7	-7.896784E-4
1.272000E-7	-8.856036E-4
1.273000E-7	-9.935194E-4
1.274000E-7	-1.147685E-3
1.275000E-7	-1.325832E-3
1.276000E-7	-1.495414E-3
1.277000E-7	-1.562219E-3
1.278000E-7	-1.466294E-3
1.279000E-7	-1.190509E-3
1.280000E-7	-7.948172E-4
1.281000E-7	-4.744956E-4
1.282000E-7	-3.425984E-4
1.283000E-7	-4.316718E-4
1.284000E-7	-7.023179E-4
1.285000E-7	-1.050047E-3
1.286000E-7	-1.305276E-3
1.287000E-7	-1.361804E-3
1.288000E-7	-1.252175E-3
1.289000E-7	-1.043195E-3
1.290000E-7	-8.290762E-4
1.291000E-7	-6.800496E-4
1.292000E-7	-5.926891E-4
1.293000E-7	-5.241711E-4
1.294000E-7	-4.762085E-4
1.295000E-7	-4.350977E-4
1.296000E-7	-4.196812E-4
1.297000E-7	-4.453754E-4
1.298000E-7	-5.601431E-4
1.299000E-7	-7.228733E-4
1.300000E-7	-8.599093E-4
1.301000E-7	-8.941683E-4
1.302000E-7	-8.359280E-4
1.303000E-7	-7.211604E-4
1.304000E-7	-5.498654E-4
1.305000E-7	-3.974128E-4
1.306000E-7	-3.203301E-4
1.307000E-7	-3.271819E-4
1.308000E-7	-3.956999E-4
1.309000E-7	-4.916251E-4
1.310000E-7	-5.772726E-4
1.311000E-7	-6.200963E-4
1.312000E-7	-6.577812E-4
1.313000E-7	-6.766237E-4
1.314000E-7	-7.211604E-4
1.315000E-7	-8.239374E-4
1.316000E-7	-8.838906E-4
1.317000E-7	-9.044460E-4
1.318000E-7	-8.787518E-4
1.319000E-7	-8.307892E-4
1.320000E-7	-7.571323E-4
1.321000E-7	-7.125956E-4
1.322000E-7	-6.749107E-4
1.323000E-7	-6.560683E-4
1.324000E-7	-6.218093E-4
1.325000E-7	-5.738467E-4
1.326000E-7	-5.532913E-4
1.327000E-7	-5.738467E-4
1.328000E-7	-6.252352E-4
1.329000E-7	-6.817625E-4
1.330000E-7	-7.674100E-4
1.331000E-7	-8.479187E-4
1.332000E-7	-8.924554E-4
1.333000E-7	-8.907424E-4
1.334000E-7	-8.941683E-4
1.335000E-7	-8.838906E-4
1.336000E-7	-8.873165E-4
1.337000E-7	-9.130108E-4
1.338000E-7	-9.232885E-4
1.339000E-7	-9.438439E-4
1.340000E-7	-9.643993E-4
1.341000E-7	-9.626863E-4
1.342000E-7	-9.489827E-4
1.343000E-7	-8.907424E-4
1.344000E-7	-8.564834E-4
1.345000E-7	-8.102338E-4
1.346000E-7	-7.845395E-4
1.347000E-7	-7.519935E-4
1.348000E-7	-7.245863E-4
1.349000E-7	-6.629201E-4
1.350000E-7	-5.978280E-4
1.351000E-7	-5.618560E-4
1.352000E-7	-5.584301E-4
1.353000E-7	-5.892632E-4
1.354000E-7	-6.320870E-4
1.355000E-7	-6.594942E-4
1.356000E-7	-6.526424E-4
1.357000E-7	-6.475035E-4
1.358000E-7	-6.320870E-4
1.359000E-7	-6.286611E-4
1.360000E-7	-6.680589E-4
1.361000E-7	-7.605582E-4
1.362000E-7	-8.993072E-4
1.363000E-7	-1.038056E-3
1.364000E-7	-1.108287E-3
1.365000E-7	-1.127130E-3
1.366000E-7	-1.080880E-3
1.367000E-7	-1.031204E-3
1.368000E-7	-9.643993E-4
1.369000E-7	-9.164367E-4
1.370000E-7	-8.770388E-4
1.371000E-7	-8.153726E-4
1.372000E-7	-7.057438E-4
1.373000E-7	-5.841244E-4
1.374000E-7	-5.550042E-4
1.375000E-7	-6.132445E-4
1.376000E-7	-7.348640E-4
1.377000E-7	-8.821777E-4
1.378000E-7	-9.986583E-4
1.379000E-7	-1.031204E-3
1.380000E-7	-9.387050E-4
1.381000E-7	-7.605582E-4
1.382000E-7	-5.601431E-4
1.383000E-7	-4.590790E-4
1.384000E-7	-5.019028E-4
1.385000E-7	-6.372258E-4
1.386000E-7	-8.205115E-4
1.387000E-7	-9.866676E-4
1.388000E-7	-1.068889E-3
1.389000E-7	-1.089445E-3
1.390000E-7	-1.051760E-3
1.391000E-7	-1.003797E-3
1.392000E-7	-9.181496E-4
1.393000E-7	-8.719000E-4
1.394000E-7	-8.325021E-4
1.395000E-7	-8.290762E-4
1.396000E-7	-8.530575E-4
1.397000E-7	-8.564834E-4
1.398000E-7	-8.736129E-4
1.399000E-7	-8.958813E-4
1.400000E-7	-8.924554E-4
1.401000E-7	-8.890295E-4
1.402000E-7	-9.061590E-4
1.403000E-7	-9.352791E-4
1.404000E-7	-9.267144E-4
1.405000E-7	-8.290762E-4
1.406000E-7	-6.886143E-4
1.407000E-7	-5.481524E-4
1.408000E-7	-4.693567E-4
1.409000E-7	-4.316718E-4
1.410000E-7	-4.573661E-4
1.411000E-7	-4.984769E-4
1.412000E-7	-5.053287E-4
1.413000E-7	-4.385236E-4
1.414000E-7	-3.100524E-4
1.415000E-7	-2.192660E-4
1.416000E-7	-2.158401E-4
1.417000E-7	-3.049135E-4
1.418000E-7	-4.368107E-4
1.419000E-7	-5.772726E-4
1.420000E-7	-6.663460E-4
1.421000E-7	-6.766237E-4
1.422000E-7	-5.447265E-4
1.423000E-7	-3.700056E-4
1.424000E-7	-2.363955E-4
1.425000E-7	-2.552380E-4
1.426000E-7	-4.076905E-4
1.427000E-7	-6.423647E-4
1.428000E-7	-8.684741E-4
1.429000E-7	-1.010649E-3
1.430000E-7	-1.041482E-3
1.431000E-7	-9.952324E-4
1.432000E-7	-9.130108E-4
1.433000E-7	-8.958813E-4
1.434000E-7	-9.712511E-4
1.435000E-7	-1.156250E-3
1.436000E-7	-1.353239E-3
1.437000E-7	-1.449164E-3
1.438000E-7	-1.402914E-3
1.439000E-7	-1.228194E-3
1.440000E-7	-9.661122E-4
1.441000E-7	-7.262992E-4
1.442000E-7	-6.183834E-4
1.443000E-7	-6.406517E-4
1.444000E-7	-8.342151E-4
1.445000E-7	-1.020927E-3
1.446000E-7	-1.183657E-3
1.447000E-7	-1.212777E-3
1.448000E-7	-1.120278E-3
1.449000E-7	-9.626863E-4
1.450000E-7	-8.153726E-4
1.451000E-7	-7.417158E-4
1.452000E-7	-7.468546E-4
1.453000E-7	-8.119467E-4
1.454000E-7	-9.112978E-4
1.455000E-7	-9.969453E-4
1.456000E-7	-1.038056E-3
1.457000E-7	-1.027778E-3
1.458000E-7	-9.883806E-4
1.459000E-7	-9.524086E-4
1.460000E-7	-9.472698E-4
1.461000E-7	-9.712511E-4
1.462000E-7	-1.003797E-3
1.463000E-7	-9.832417E-4
1.464000E-7	-8.838906E-4
1.465000E-7	-7.160215E-4
1.466000E-7	-5.669949E-4
1.467000E-7	-4.539402E-4
1.468000E-7	-4.111164E-4
1.469000E-7	-4.967639E-4
1.470000E-7	-6.303740E-4
1.471000E-7	-7.759748E-4
1.472000E-7	-8.530575E-4
1.473000E-7	-8.564834E-4
1.474000E-7	-7.674100E-4
1.475000E-7	-6.303740E-4
1.476000E-7	-4.984769E-4
1.477000E-7	-4.128294E-4
1.478000E-7	-3.905610E-4
1.479000E-7	-4.350977E-4
1.480000E-7	-4.830603E-4
1.481000E-7	-5.001898E-4
1.482000E-7	-4.779215E-4
1.483000E-7	-4.436625E-4
1.484000E-7	-4.470884E-4
1.485000E-7	-5.310229E-4
1.486000E-7	-6.475035E-4
1.487000E-7	-7.845395E-4
1.488000E-7	-8.667611E-4
1.489000E-7	-8.513446E-4
1.490000E-7	-7.554194E-4
1.491000E-7	-6.440776E-4
1.492000E-7	-5.944021E-4
1.493000E-7	-5.687078E-4
1.494000E-7	-5.721337E-4
1.495000E-7	-5.515783E-4
1.496000E-7	-4.899121E-4
1.497000E-7	-4.145423E-4
1.498000E-7	-3.665797E-4
1.499000E-7	-4.025517E-4
1.500000E-7	-4.847733E-4
1.501000E-7	-6.200963E-4
1.502000E-7	-7.417158E-4
1.503000E-7	-7.862525E-4
1.504000E-7	-7.297251E-4
1.505000E-7	-6.046798E-4
1.506000E-7	-4.642179E-4
1.507000E-7	-3.871351E-4
1.508000E-7	-3.837092E-4
1.509000E-7	-4.470884E-4
1.510000E-7	-5.858373E-4
1.511000E-7	-7.400028E-4
1.512000E-7	-9.130108E-4
1.513000E-7	-1.012362E-3
1.514000E-7	-1.075741E-3
1.515000E-7	-1.092871E-3
1.516000E-7	-1.084306E-3
1.517000E-7	-1.036343E-3
1.518000E-7	-9.712511E-4
1.519000E-7	-9.215755E-4
1.520000E-7	-9.421309E-4
1.521000E-7	-1.005510E-3
1.522000E-7	-1.065463E-3
1.523000E-7	-1.084306E-3
1.524000E-7	-1.051760E-3
1.525000E-7	-9.215755E-4
1.526000E-7	-7.485676E-4
1.527000E-7	-6.046798E-4
1.528000E-7	-5.378747E-4
1.529000E-7	-5.481524E-4
1.530000E-7	-5.995409E-4
1.531000E-7	-6.954661E-4
1.532000E-7	-8.136597E-4
1.533000E-7	-8.907424E-4
1.534000E-7	-9.130108E-4
1.535000E-7	-9.044460E-4
1.536000E-7	-8.599093E-4
1.537000E-7	-8.033820E-4
1.538000E-7	-7.708359E-4
1.539000E-7	-7.417158E-4
1.540000E-7	-7.074568E-4
1.541000E-7	-7.023179E-4
1.542000E-7	-6.766237E-4
1.543000E-7	-6.869014E-4
1.544000E-7	-7.331510E-4
1.545000E-7	-7.605582E-4
1.546000E-7	-7.845395E-4
1.547000E-7	-8.170856E-4
1.548000E-7	-8.547705E-4
1.549000E-7	-9.558345E-4
1.550000E-7	-1.070602E-3
1.551000E-7	-1.164814E-3
1.552000E-7	-1.175092E-3
1.553000E-7	-1.062037E-3
1.554000E-7	-8.376410E-4
1.555000E-7	-5.738467E-4
1.556000E-7	-3.614409E-4
1.557000E-7	-2.500991E-4
1.558000E-7	-2.346826E-4
1.559000E-7	-3.751445E-4
1.560000E-7	-5.532913E-4
1.561000E-7	-6.749107E-4
1.562000E-7	-6.423647E-4
1.563000E-7	-5.087546E-4
1.564000E-7	-3.203301E-4
1.565000E-7	-1.730164E-4
1.566000E-7	-1.319056E-4
1.567000E-7	-2.603768E-4
1.568000E-7	-4.625049E-4
1.569000E-7	-6.834755E-4
1.570000E-7	-8.359280E-4
1.571000E-7	-8.787518E-4
1.572000E-7	-8.068079E-4
1.573000E-7	-6.680589E-4
1.574000E-7	-5.138934E-4
1.575000E-7	-4.111164E-4
1.576000E-7	-4.111164E-4
1.577000E-7	-4.419495E-4
1.578000E-7	-5.156064E-4
1.579000E-7	-6.389388E-4
1.580000E-7	-7.794007E-4
1.581000E-7	-8.873165E-4
1.582000E-7	-9.575475E-4
1.583000E-7	-9.883806E-4
1.584000E-7	-9.626863E-4
1.585000E-7	-9.198626E-4
1.586000E-7	-8.873165E-4
1.587000E-7	-8.513446E-4
1.588000E-7	-7.999561E-4
1.589000E-7	-7.331510E-4
1.590000E-7	-6.492165E-4
1.591000E-7	-5.875503E-4
1.592000E-7	-6.029668E-4
1.593000E-7	-6.132445E-4
1.594000E-7	-6.509294E-4
1.595000E-7	-6.954661E-4
1.596000E-7	-7.314381E-4
1.597000E-7	-7.331510E-4
1.598000E-7	-6.869014E-4
1.599000E-7	-6.475035E-4
1.600000E-7	-6.423647E-4
1.601000E-7	-6.817625E-4
1.602000E-7	-7.365769E-4
1.603000E-7	-7.913913E-4
1.604000E-7	-7.879654E-4
1.605000E-7	-7.794007E-4
1.606000E-7	-7.725489E-4
1.607000E-7	-8.136597E-4
1.608000E-7	-8.564834E-4
1.609000E-7	-9.027331E-4
1.610000E-7	-9.095849E-4
1.611000E-7	-8.239374E-4
1.612000E-7	-6.697719E-4
1.613000E-7	-4.573661E-4
1.614000E-7	-2.775063E-4
1.615000E-7	-1.764423E-4
1.616000E-7	-1.695905E-4
1.617000E-7	-2.261178E-4
1.618000E-7	-3.511632E-4
1.619000E-7	-5.241711E-4
1.620000E-7	-7.108827E-4
1.621000E-7	-8.444928E-4
1.622000E-7	-9.626863E-4
1.623000E-7	-1.032917E-3
1.624000E-7	-1.089445E-3
1.625000E-7	-1.113426E-3
1.626000E-7	-1.099722E-3
1.627000E-7	-1.058612E-3
1.628000E-7	-9.918065E-4
1.629000E-7	-8.701870E-4
1.630000E-7	-7.896784E-4
1.631000E-7	-7.108827E-4
1.632000E-7	-6.886143E-4
1.633000E-7	-7.228733E-4
1.634000E-7	-7.828266E-4
1.635000E-7	-8.479187E-4
1.636000E-7	-9.215755E-4
1.637000E-7	-9.626863E-4
1.638000E-7	-9.198626E-4
1.639000E-7	-8.359280E-4
1.640000E-7	-7.177345E-4
1.641000E-7	-5.464395E-4
1.642000E-7	-4.076905E-4
1.643000E-7	-3.357466E-4
1.644000E-7	-3.665797E-4
1.645000E-7	-4.881992E-4
1.646000E-7	-6.697719E-4
1.647000E-7	-9.061590E-4
1.648000E-7	-1.084306E-3
1.649000E-7	-1.176805E-3
1.650000E-7	-1.104861E-3
1.651000E-7	-1.005510E-3
1.652000E-7	-8.993072E-4
1.653000E-7	-8.530575E-4
1.654000E-7	-8.427798E-4
1.655000E-7	-8.924554E-4
1.656000E-7	-9.643993E-4
1.657000E-7	-1.062037E-3
1.658000E-7	-1.139120E-3
1.659000E-7	-1.157963E-3
1.660000E-7	-1.098009E-3
1.661000E-7	-1.000371E-3
1.662000E-7	-8.359280E-4
1.663000E-7	-6.594942E-4
1.664000E-7	-5.087546E-4
1.665000E-7	-3.991258E-4
1.666000E-7	-4.231071E-4
1.667000E-7	-5.001898E-4
1.668000E-7	-6.029668E-4
1.669000E-7	-6.629201E-4
1.670000E-7	-7.382899E-4
1.671000E-7	-8.239374E-4
1.672000E-7	-9.010201E-4
1.673000E-7	-9.335662E-4
1.674000E-7	-9.112978E-4
1.675000E-7	-8.393539E-4
1.676000E-7	-7.228733E-4
1.677000E-7	-5.704208E-4
1.678000E-7	-4.967639E-4
1.679000E-7	-5.327359E-4
1.680000E-7	-6.817625E-4
1.681000E-7	-8.581964E-4
1.682000E-7	-9.849547E-4
1.683000E-7	-1.043195E-3
1.684000E-7	-1.038056E-3
1.685000E-7	-9.455568E-4
1.686000E-7	-8.016690E-4
1.687000E-7	-6.903273E-4
1.688000E-7	-6.851884E-4
1.689000E-7	-7.074568E-4
1.690000E-7	-7.451417E-4
1.691000E-7	-7.502805E-4
1.692000E-7	-7.245863E-4
1.693000E-7	-6.937532E-4
1.694000E-7	-6.355129E-4
1.695000E-7	-6.355129E-4
1.696000E-7	-6.988920E-4
1.697000E-7	-7.896784E-4
1.698000E-7	-8.821777E-4
1.699000E-7	-9.489827E-4
1.700000E-7	-9.626863E-4
1.701000E-7	-8.770388E-4
1.702000E-7	-7.160215E-4
1.703000E-7	-5.481524E-4
1.704000E-7	-4.573661E-4
1.705000E-7	-5.036157E-4
1.706000E-7	-6.800496E-4
1.707000E-7	-9.198626E-4
1.708000E-7	-1.101435E-3
1.709000E-7	-1.149398E-3
1.710000E-7	-1.015788E-3
1.711000E-7	-7.708359E-4
1.712000E-7	-5.378747E-4
1.713000E-7	-4.231071E-4
1.714000E-7	-4.316718E-4
1.715000E-7	-5.789855E-4
1.716000E-7	-7.211604E-4
1.717000E-7	-8.153726E-4
1.718000E-7	-8.393539E-4
1.719000E-7	-7.879654E-4
1.720000E-7	-6.629201E-4
1.721000E-7	-5.395877E-4
1.722000E-7	-4.556531E-4
1.723000E-7	-4.539402E-4
1.724000E-7	-4.899121E-4
1.725000E-7	-5.978280E-4
1.726000E-7	-7.280122E-4
1.727000E-7	-8.650482E-4
1.728000E-7	-9.284273E-4
1.729000E-7	-9.883806E-4
1.730000E-7	-1.002084E-3
1.731000E-7	-1.000371E-3
1.732000E-7	-9.763899E-4
1.733000E-7	-9.318532E-4
1.734000E-7	-8.581964E-4
1.735000E-7	-8.256503E-4
1.736000E-7	-8.239374E-4
1.737000E-7	-8.290762E-4
1.738000E-7	-8.307892E-4
1.739000E-7	-8.085208E-4
1.740000E-7	-7.125956E-4
1.741000E-7	-5.652819E-4
1.742000E-7	-4.727826E-4
1.743000E-7	-4.213941E-4
1.744000E-7	-4.522272E-4
1.745000E-7	-5.824114E-4
1.746000E-7	-7.622712E-4
1.747000E-7	-9.044460E-4
1.748000E-7	-9.506957E-4
1.749000E-7	-9.078719E-4
1.750000E-7	-7.811136E-4
1.751000E-7	-6.355129E-4
1.752000E-7	-4.864862E-4
1.753000E-7	-4.248200E-4
1.754000E-7	-4.111164E-4
1.755000E-7	-4.676438E-4
1.756000E-7	-5.550042E-4
1.757000E-7	-6.714848E-4
1.758000E-7	-7.639841E-4
1.759000E-7	-8.496316E-4
1.760000E-7	-8.924554E-4
1.761000E-7	-8.873165E-4
1.762000E-7	-8.256503E-4
1.763000E-7	-7.365769E-4
1.764000E-7	-6.337999E-4
1.765000E-7	-6.149575E-4
1.766000E-7	-6.971791E-4
1.767000E-7	-7.965302E-4
1.768000E-7	-8.427798E-4
1.769000E-7	-7.931043E-4
1.770000E-7	-6.714848E-4
1.771000E-7	-5.601431E-4
1.772000E-7	-4.899121E-4
1.773000E-7	-5.515783E-4
1.774000E-7	-7.262992E-4
1.775000E-7	-9.181496E-4
1.776000E-7	-1.031204E-3
1.777000E-7	-1.075741E-3
1.778000E-7	-1.007223E-3
1.779000E-7	-8.890295E-4
1.780000E-7	-7.811136E-4
1.781000E-7	-7.297251E-4
1.782000E-7	-7.622712E-4
1.783000E-7	-8.307892E-4
1.784000E-7	-8.667611E-4
1.785000E-7	-8.462057E-4
1.786000E-7	-7.554194E-4
1.787000E-7	-5.909762E-4
1.788000E-7	-4.299589E-4
1.789000E-7	-3.631538E-4
1.790000E-7	-3.802833E-4
1.791000E-7	-4.642179E-4
1.792000E-7	-5.550042E-4
1.793000E-7	-6.440776E-4
1.794000E-7	-7.160215E-4
1.795000E-7	-6.988920E-4
1.796000E-7	-6.680589E-4
1.797000E-7	-5.944021E-4
1.798000E-7	-5.772726E-4
1.799000E-7	-5.755596E-4
1.800000E-7	-6.337999E-4
1.801000E-7	-7.742618E-4
1.802000E-7	-8.838906E-4
1.803000E-7	-9.404180E-4
1.804000E-7	-9.267144E-4
1.805000E-7	-8.547705E-4
1.806000E-7	-7.417158E-4
1.807000E-7	-6.629201E-4
1.808000E-7	-6.475035E-4
1.809000E-7	-6.714848E-4
1.810000E-7	-7.708359E-4
1.811000E-7	-8.564834E-4
1.812000E-7	-8.975942E-4
1.813000E-7	-9.147237E-4
1.814000E-7	-8.924554E-4
1.815000E-7	-8.599093E-4
1.816000E-7	-8.307892E-4
1.817000E-7	-8.119467E-4
1.818000E-7	-8.222244E-4
1.819000E-7	-8.599093E-4
1.820000E-7	-8.770388E-4
1.821000E-7	-8.547705E-4
1.822000E-7	-8.033820E-4
1.823000E-7	-7.143086E-4
1.824000E-7	-6.457906E-4
1.825000E-7	-5.772726E-4
1.826000E-7	-4.899121E-4
1.827000E-7	-4.813474E-4
1.828000E-7	-5.036157E-4
1.829000E-7	-5.550042E-4
1.830000E-7	-6.183834E-4
1.831000E-7	-6.800496E-4
1.832000E-7	-7.262992E-4
1.833000E-7	-7.091697E-4
1.834000E-7	-6.697719E-4
1.835000E-7	-6.320870E-4
1.836000E-7	-6.132445E-4
1.837000E-7	-6.954661E-4
1.838000E-7	-8.513446E-4
1.839000E-7	-1.041482E-3
1.840000E-7	-1.175092E-3
1.841000E-7	-1.205925E-3
1.842000E-7	-1.133981E-3
1.843000E-7	-9.592604E-4
1.844000E-7	-7.588453E-4
1.845000E-7	-5.618560E-4
1.846000E-7	-4.864862E-4
1.847000E-7	-4.830603E-4
1.848000E-7	-5.532913E-4
1.849000E-7	-6.560683E-4
1.850000E-7	-7.143086E-4
1.851000E-7	-7.451417E-4
1.852000E-7	-7.177345E-4
1.853000E-7	-6.749107E-4
1.854000E-7	-6.218093E-4
1.855000E-7	-6.337999E-4
1.856000E-7	-6.834755E-4
1.857000E-7	-7.554194E-4
1.858000E-7	-7.948172E-4
1.859000E-7	-7.708359E-4
1.860000E-7	-6.749107E-4
1.861000E-7	-5.532913E-4
1.862000E-7	-4.505143E-4
1.863000E-7	-4.008387E-4
1.864000E-7	-4.556531E-4
1.865000E-7	-6.252352E-4
1.866000E-7	-8.085208E-4
1.867000E-7	-9.643993E-4
1.868000E-7	-1.043195E-3
1.869000E-7	-1.077454E-3
1.870000E-7	-1.048334E-3
1.871000E-7	-1.010649E-3
1.872000E-7	-9.849547E-4
1.873000E-7	-9.729640E-4
1.874000E-7	-9.643993E-4
1.875000E-7	-9.147237E-4
1.876000E-7	-8.581964E-4
1.877000E-7	-7.605582E-4
1.878000E-7	-6.594942E-4
1.879000E-7	-5.344488E-4
1.880000E-7	-4.333848E-4
1.881000E-7	-3.580150E-4
1.882000E-7	-3.528761E-4
1.883000E-7	-4.436625E-4
1.884000E-7	-5.944021E-4
1.885000E-7	-7.742618E-4
1.886000E-7	-9.421309E-4
1.887000E-7	-1.019214E-3
1.888000E-7	-1.038056E-3
1.889000E-7	-9.661122E-4
1.890000E-7	-8.616223E-4
1.891000E-7	-7.537064E-4
1.892000E-7	-6.851884E-4
1.893000E-7	-5.961150E-4
1.894000E-7	-5.926891E-4
1.895000E-7	-6.218093E-4
1.896000E-7	-6.920402E-4
1.897000E-7	-7.537064E-4
1.898000E-7	-8.033820E-4
1.899000E-7	-8.410669E-4
1.900000E-7	-8.119467E-4
1.901000E-7	-7.434287E-4
1.902000E-7	-6.800496E-4
1.903000E-7	-6.594942E-4
1.904000E-7	-7.194474E-4
1.905000E-7	-7.999561E-4
1.906000E-7	-8.701870E-4
1.907000E-7	-8.753259E-4
1.908000E-7	-8.273633E-4
1.909000E-7	-7.913913E-4
1.910000E-7	-7.725489E-4
1.911000E-7	-8.016690E-4
1.912000E-7	-8.667611E-4
1.913000E-7	-9.181496E-4
1.914000E-7	-9.592604E-4
1.915000E-7	-1.007223E-3
1.916000E-7	-1.041482E-3
1.917000E-7	-1.044908E-3
1.918000E-7	-1.038056E-3
1.919000E-7	-1.092871E-3
1.920000E-7	-1.096296E-3
1.921000E-7	-1.014075E-3
1.922000E-7	-8.821777E-4
1.923000E-7	-7.262992E-4
1.924000E-7	-5.550042E-4
1.925000E-7	-4.419495E-4
1.926000E-7	-4.042646E-4
1.927000E-7	-4.282459E-4
1.928000E-7	-4.916251E-4
1.929000E-7	-5.652819E-4
1.930000E-7	-6.629201E-4
1.931000E-7	-7.571323E-4
1.932000E-7	-8.102338E-4
1.933000E-7	-8.581964E-4
1.934000E-7	-8.444928E-4
1.935000E-7	-7.622712E-4
1.936000E-7	-6.235222E-4
1.937000E-7	-5.053287E-4
1.938000E-7	-4.625049E-4
1.939000E-7	-4.916251E-4
1.940000E-7	-6.149575E-4
1.941000E-7	-7.588453E-4
1.942000E-7	-9.215755E-4
1.943000E-7	-1.017501E-3
1.944000E-7	-1.012362E-3
1.945000E-7	-9.541216E-4
1.946000E-7	-8.564834E-4
1.947000E-7	-7.965302E-4
1.948000E-7	-8.033820E-4
1.949000E-7	-8.205115E-4
1.950000E-7	-8.307892E-4
1.951000E-7	-8.462057E-4
1.952000E-7	-8.153726E-4
1.953000E-7	-7.931043E-4
1.954000E-7	-7.605582E-4
1.955000E-7	-7.982431E-4
1.956000E-7	-8.153726E-4
1.957000E-7	-8.427798E-4
1.958000E-7	-7.759748E-4
1.959000E-7	-6.663460E-4
1.960000E-7	-5.755596E-4
1.961000E-7	-5.772726E-4
1.962000E-7	-6.612071E-4
1.963000E-7	-7.828266E-4
1.964000E-7	-9.284273E-4
1.965000E-7	-9.678252E-4
1.966000E-7	-8.924554E-4
1.967000E-7	-7.400028E-4
1.968000E-7	-5.618560E-4
1.969000E-7	-4.573661E-4
1.970000E-7	-4.453754E-4
1.971000E-7	-5.755596E-4
1.972000E-7	-7.485676E-4
1.973000E-7	-9.284273E-4
1.974000E-7	-9.918065E-4
1.975000E-7	-9.781029E-4
1.976000E-7	-9.147237E-4
1.977000E-7	-8.239374E-4
1.978000E-7	-7.639841E-4
1.979000E-7	-7.554194E-4
1.980000E-7	-7.896784E-4
1.981000E-7	-8.102338E-4
1.982000E-7	-8.153726E-4
1.983000E-7	-7.537064E-4
1.984000E-7	-6.851884E-4
1.985000E-7	-5.978280E-4
1.986000E-7	-5.310229E-4
1.987000E-7	-4.847733E-4
1.988000E-7	-4.813474E-4
1.989000E-7	-5.498654E-4
1.990000E-7	-5.772726E-4
1.991000E-7	-5.995409E-4
1.992000E-7	-5.327359E-4
1.993000E-7	-5.156064E-4
1.994000E-7	-5.464395E-4
1.995000E-7	-6.629201E-4
1.996000E-7	-8.136597E-4
1.997000E-7	-9.438439E-4
1.998000E-7	-1.010649E-3
1.999000E-7	-9.781029E-4
2.000000E-7	-8.684741E-4
2.001000E-7	-7.228733E-4
