Study Name	Tungsten_Calibration
Sample Name	2024-10-02
Run Name	baseline
Operator	Elena
Date	10/2/2024
Time	14:02
Sign	POS
Grating Spacing	03.40um
Channel	3
Number Traces	2000
Files in Batch	6
Batch Number	6
dt	100.000001E-12
time stamp (ms)	2:03:04 PM
	
Time	Amplitude
0.000000E+0	-2.420640E-3
1.000000E-10	-1.634323E-3
2.000000E-10	-8.274477E-4
3.000000E-10	-1.045153E-4
4.000000E-10	1.181890E-4
5.000000E-10	-2.484165E-4
6.000000E-10	-8.240215E-4
7.000000E-10	-1.459585E-3
8.000000E-10	-2.502869E-3
9.000000E-10	-3.349146E-3
1.000000E-9	-4.053234E-3
1.100000E-9	-3.971005E-3
1.200000E-9	-3.628383E-3
1.300000E-9	-2.843778E-3
1.400000E-9	-1.738822E-3
1.500000E-9	-6.064565E-4
1.600000E-9	1.815741E-4
1.700000E-9	7.708839E-4
1.800000E-9	9.079327E-4
1.900000E-9	6.800891E-4
2.000000E-9	2.877869E-4
2.100000E-9	-5.602025E-4
2.200000E-9	-1.660019E-3
2.300000E-9	-2.763262E-3
2.400000E-9	-3.895628E-3
2.500000E-9	-4.287930E-3
2.600000E-9	-4.227971E-3
2.700000E-9	-3.313170E-3
2.800000E-9	-2.422353E-3
2.900000E-9	-1.267717E-3
3.000000E-9	-1.987363E-4
3.100000E-9	5.430403E-4
3.200000E-9	7.503266E-4
3.300000E-9	3.494589E-4
3.400000E-9	-2.295723E-4
3.500000E-9	-1.092980E-3
3.600000E-9	-2.031764E-3
3.700000E-9	-2.960270E-3
3.800000E-9	-3.563284E-3
3.900000E-9	-3.911046E-3
4.000000E-9	-3.710612E-3
4.100000E-9	-3.333728E-3
4.200000E-9	-2.720434E-3
4.300000E-9	-1.918699E-3
4.400000E-9	-9.268081E-4
4.500000E-9	-2.742532E-5
4.600000E-9	5.841550E-4
4.700000E-9	8.154248E-4
4.800000E-9	4.248357E-4
4.900000E-9	-2.980967E-4
5.000000E-9	-1.166643E-3
5.100000E-9	-2.237337E-3
5.200000E-9	-3.332015E-3
5.300000E-9	-3.844234E-3
5.400000E-9	-3.775710E-3
5.500000E-9	-3.383408E-3
5.600000E-9	-2.651910E-3
5.700000E-9	-1.634323E-3
5.800000E-9	-7.966117E-4
5.900000E-9	-9.252350E-5
6.000000E-9	2.997787E-4
6.100000E-9	5.036388E-4
6.200000E-9	1.747217E-4
6.300000E-9	-4.025964E-4
6.400000E-9	-9.576441E-4
6.500000E-9	-1.879297E-3
6.600000E-9	-2.619361E-3
6.700000E-9	-3.554719E-3
6.800000E-9	-4.058373E-3
6.900000E-9	-4.332471E-3
7.000000E-9	-4.221119E-3
7.100000E-9	-3.784276E-3
7.200000E-9	-2.795811E-3
7.300000E-9	-1.255725E-3
7.400000E-9	6.850884E-5
7.500000E-9	1.024424E-3
7.600000E-9	1.209440E-3
7.700000E-9	7.314824E-4
7.800000E-9	-4.625553E-4
7.900000E-9	-1.803920E-3
8.000000E-9	-2.729000E-3
8.100000E-9	-3.290900E-3
8.200000E-9	-3.779136E-3
8.300000E-9	-3.667784E-3
8.400000E-9	-3.114450E-3
8.500000E-9	-2.398370E-3
8.600000E-9	-1.642888E-3
8.700000E-9	-8.188821E-4
8.800000E-9	-7.196618E-5
8.900000E-9	5.173437E-4
9.000000E-9	6.783760E-4
9.100000E-9	3.580244E-4
9.200000E-9	-2.244330E-4
9.300000E-9	-1.166643E-3
9.400000E-9	-2.264747E-3
9.500000E-9	-3.075048E-3
9.600000E-9	-3.775710E-3
9.700000E-9	-4.221119E-3
9.800000E-9	-4.495216E-3
9.900000E-9	-3.902480E-3
1.000000E-8	-3.232654E-3
1.010000E-8	-2.139690E-3
1.020000E-8	-1.077562E-3
1.030000E-8	9.420549E-5
1.040000E-8	7.965806E-4
1.050000E-8	8.411215E-4
1.060000E-8	3.254753E-4
1.070000E-8	-4.591290E-4
1.080000E-8	-1.372217E-3
1.090000E-8	-2.600517E-3
1.100000E-8	-3.648940E-3
1.110000E-8	-3.994988E-3
1.120000E-8	-3.821964E-3
1.130000E-8	-3.323449E-3
1.140000E-8	-2.552549E-3
1.150000E-8	-1.649741E-3
1.160000E-8	-8.291608E-4
1.170000E-8	1.318939E-4
1.180000E-8	7.074989E-4
1.190000E-8	6.989333E-4
1.200000E-8	3.169098E-4
1.210000E-8	-3.717604E-4
1.220000E-8	-1.240307E-3
1.230000E-8	-2.153395E-3
1.240000E-8	-2.782106E-3
1.250000E-8	-3.320023E-3
1.260000E-8	-3.570137E-3
1.270000E-8	-3.762005E-3
1.280000E-8	-3.462211E-3
1.290000E-8	-2.732426E-3
1.300000E-8	-1.858740E-3
1.310000E-8	-8.480050E-4
1.320000E-8	1.644430E-4
1.330000E-8	7.554660E-4
1.340000E-8	8.582526E-4
1.350000E-8	2.739420E-5
1.360000E-8	-1.379069E-3
1.370000E-8	-2.549123E-3
1.380000E-8	-3.827103E-3
1.390000E-8	-4.233110E-3
1.400000E-8	-4.132037E-3
1.410000E-8	-3.623243E-3
1.420000E-8	-3.260064E-3
1.430000E-8	-2.872901E-3
1.440000E-8	-2.139690E-3
1.450000E-8	-1.207758E-3
1.460000E-8	-2.244330E-4
1.470000E-8	5.601714E-4
1.480000E-8	6.029992E-4
1.490000E-8	2.449592E-4
1.500000E-8	-6.647022E-4
1.510000E-8	-1.533249E-3
1.520000E-8	-2.516574E-3
1.530000E-8	-3.547866E-3
1.540000E-8	-3.881923E-3
1.550000E-8	-3.738022E-3
1.560000E-8	-3.503326E-3
1.570000E-8	-3.150425E-3
1.580000E-8	-2.701590E-3
1.590000E-8	-1.920412E-3
1.600000E-8	-1.187201E-3
1.610000E-8	-3.220802E-4
1.620000E-8	2.568109E-5
1.630000E-8	-1.422037E-4
1.640000E-8	-4.933912E-4
1.650000E-8	-9.627834E-4
1.660000E-8	-1.997502E-3
1.670000E-8	-2.790672E-3
1.680000E-8	-3.513604E-3
1.690000E-8	-4.114906E-3
1.700000E-8	-4.082357E-3
1.710000E-8	-3.499899E-3
1.720000E-8	-2.740992E-3
1.730000E-8	-1.834756E-3
1.740000E-8	-1.041586E-3
1.750000E-8	-4.574159E-4
1.760000E-8	-1.336381E-4
1.770000E-8	-1.267857E-4
1.780000E-8	-5.687681E-4
1.790000E-8	-1.173496E-3
1.800000E-8	-1.843322E-3
1.810000E-8	-2.799237E-3
1.820000E-8	-3.722604E-3
1.830000E-8	-4.265659E-3
1.840000E-8	-4.171438E-3
1.850000E-8	-3.825390E-3
1.860000E-8	-3.332015E-3
1.870000E-8	-2.413788E-3
1.880000E-8	-1.195766E-3
1.890000E-8	-2.895312E-4
1.900000E-8	3.289016E-4
1.910000E-8	2.689427E-4
1.920000E-8	-2.055888E-4
1.930000E-8	-8.925459E-4
1.940000E-8	-1.790216E-3
1.950000E-8	-2.530279E-3
1.960000E-8	-3.229228E-3
1.970000E-8	-3.803120E-3
1.980000E-8	-3.893915E-3
1.990000E-8	-3.808259E-3
2.000000E-8	-3.412531E-3
2.010000E-8	-2.919155E-3
2.020000E-8	-1.903281E-3
2.030000E-8	-7.349398E-4
2.040000E-8	4.676635E-4
2.050000E-8	9.970145E-4
2.060000E-8	7.177775E-4
2.070000E-8	-1.661872E-4
2.080000E-8	-1.063857E-3
2.090000E-8	-2.120846E-3
2.100000E-8	-3.273769E-3
2.110000E-8	-4.030963E-3
2.120000E-8	-4.377012E-3
2.130000E-8	-4.399282E-3
2.140000E-8	-3.876784E-3
2.150000E-8	-3.112736E-3
2.160000E-8	-2.012920E-3
2.170000E-8	-1.077562E-3
2.180000E-8	-1.816052E-4
2.190000E-8	5.978598E-4
2.200000E-8	1.079244E-3
2.210000E-8	8.051461E-4
2.220000E-8	5.994329E-5
2.230000E-8	-1.019316E-3
2.240000E-8	-2.165387E-3
2.250000E-8	-3.230941E-3
2.260000E-8	-3.734595E-3
2.270000E-8	-3.779136E-3
2.280000E-8	-3.278908E-3
2.290000E-8	-2.427492E-3
2.300000E-8	-1.452733E-3
2.310000E-8	-4.865388E-4
2.320000E-8	5.533190E-4
2.330000E-8	1.351628E-3
2.340000E-8	1.391030E-3
2.350000E-8	6.989333E-4
2.360000E-8	-1.096546E-4
2.370000E-8	-1.295127E-3
2.380000E-8	-2.468607E-3
2.390000E-8	-3.599260E-3
2.400000E-8	-3.767144E-3
2.410000E-8	-3.695194E-3
2.420000E-8	-3.395400E-3
2.430000E-8	-3.009950E-3
2.440000E-8	-2.090010E-3
2.450000E-8	-1.295127E-3
2.460000E-8	-6.115958E-4
2.470000E-8	2.004183E-4
2.480000E-8	6.646711E-4
2.490000E-8	9.439081E-4
2.500000E-8	4.128439E-4
2.510000E-8	-5.173748E-4
2.520000E-8	-1.701134E-3
2.530000E-8	-2.677607E-3
2.540000E-8	-3.614678E-3
2.550000E-8	-3.994988E-3
2.560000E-8	-3.791128E-3
2.570000E-8	-3.325162E-3
2.580000E-8	-2.963696E-3
2.590000E-8	-2.364107E-3
2.600000E-8	-1.488708E-3
2.610000E-8	-5.687681E-4
2.620000E-8	-1.439168E-4
2.630000E-8	1.438857E-4
2.640000E-8	-1.096546E-4
2.650000E-8	-5.242272E-4
2.660000E-8	-1.320823E-3
2.670000E-8	-2.297296E-3
2.680000E-8	-3.367990E-3
2.690000E-8	-4.121758E-3
2.700000E-8	-4.198848E-3
2.710000E-8	-4.178291E-3
2.720000E-8	-3.917898E-3
2.730000E-8	-3.164130E-3
2.740000E-8	-2.084870E-3
2.750000E-8	-6.732678E-4
2.760000E-8	4.625241E-4
2.770000E-8	1.245415E-3
2.780000E-8	1.185457E-3
2.790000E-8	2.843607E-4
2.800000E-8	-7.983248E-4
2.810000E-8	-1.947822E-3
2.820000E-8	-2.943139E-3
2.830000E-8	-3.940169E-3
2.840000E-8	-4.159447E-3
2.850000E-8	-3.506752E-3
2.860000E-8	-2.511435E-3
2.870000E-8	-1.637749E-3
2.880000E-8	-9.713489E-4
2.890000E-8	-3.100885E-4
2.900000E-8	6.336951E-5
2.910000E-8	2.124101E-4
2.920000E-8	-9.594972E-5
2.930000E-8	-4.831126E-4
2.940000E-8	-1.168357E-3
2.950000E-8	-1.889576E-3
2.960000E-8	-2.864335E-3
2.970000E-8	-3.388547E-3
2.980000E-8	-3.532448E-3
2.990000E-8	-3.564997E-3
3.000000E-8	-3.364564E-3
3.010000E-8	-2.749557E-3
3.020000E-8	-1.771371E-3
3.030000E-8	-9.679227E-4
3.040000E-8	-8.053173E-5
3.050000E-8	6.081385E-4
3.060000E-8	8.462608E-4
3.070000E-8	4.385406E-4
3.080000E-8	-7.075300E-4
3.090000E-8	-1.632609E-3
3.100000E-8	-2.345263E-3
3.110000E-8	-3.099032E-3
3.120000E-8	-3.799694E-3
3.130000E-8	-3.938455E-3
3.140000E-8	-3.765431E-3
3.150000E-8	-3.179548E-3
3.160000E-8	-2.590238E-3
3.170000E-8	-1.853601E-3
3.180000E-8	-7.657757E-4
3.190000E-8	1.798610E-4
3.200000E-8	5.875812E-4
3.210000E-8	1.370332E-4
3.220000E-8	-4.145882E-4
3.230000E-8	-1.219750E-3
3.240000E-8	-2.199649E-3
3.250000E-8	-3.217236E-3
3.260000E-8	-3.808259E-3
3.270000E-8	-3.863079E-3
3.280000E-8	-3.678063E-3
3.290000E-8	-3.129868E-3
3.300000E-8	-2.288731E-3
3.310000E-8	-1.152939E-3
3.320000E-8	-1.901708E-4
3.330000E-8	3.768686E-4
3.340000E-8	7.074989E-4
3.350000E-8	9.130721E-4
3.360000E-8	4.659504E-4
3.370000E-8	-2.449903E-4
3.380000E-8	-1.074136E-3
3.390000E-8	-1.970092E-3
3.400000E-8	-2.992819E-3
3.410000E-8	-3.636948E-3
3.420000E-8	-3.856226E-3
3.430000E-8	-3.717464E-3
3.440000E-8	-3.330301E-3
3.450000E-8	-2.747844E-3
3.460000E-8	-1.827904E-3
3.470000E-8	-1.057004E-3
3.480000E-8	-2.227199E-4
3.490000E-8	3.511720E-4
3.500000E-8	4.179833E-4
3.510000E-8	2.226887E-4
3.520000E-8	-5.122355E-4
3.530000E-8	-1.416758E-3
3.540000E-8	-2.456615E-3
3.550000E-8	-3.184687E-3
3.560000E-8	-3.561571E-3
3.570000E-8	-3.527309E-3
3.580000E-8	-3.297752E-3
3.590000E-8	-2.768401E-3
3.600000E-8	-2.143116E-3
3.610000E-8	-1.286561E-3
3.620000E-8	-6.030303E-4
3.630000E-8	-3.100885E-4
3.640000E-8	-3.152278E-4
3.650000E-8	-1.713266E-4
3.660000E-8	-2.484165E-4
3.670000E-8	-7.829068E-4
3.680000E-8	-1.959813E-3
3.690000E-8	-3.290900E-3
3.700000E-8	-4.394143E-3
3.710000E-8	-4.731625E-3
3.720000E-8	-4.671667E-3
3.730000E-8	-3.912759E-3
3.740000E-8	-2.768401E-3
3.750000E-8	-1.521257E-3
3.760000E-8	-4.848257E-4
3.770000E-8	8.906616E-5
3.780000E-8	1.558774E-4
3.790000E-8	-8.581113E-6
3.800000E-8	-5.893254E-4
3.810000E-8	-1.440741E-3
3.820000E-8	-2.216780E-3
3.830000E-8	-3.225802E-3
3.840000E-8	-4.037816E-3
3.850000E-8	-4.327331E-3
3.860000E-8	-4.347889E-3
3.870000E-8	-3.808259E-3
3.880000E-8	-2.836926E-3
3.890000E-8	-1.785076E-3
3.900000E-8	-9.610703E-4
3.910000E-8	-2.158674E-4
3.920000E-8	4.436799E-4
3.930000E-8	5.875812E-4
3.940000E-8	2.089839E-4
3.950000E-8	-5.430714E-4
3.960000E-8	-1.343094E-3
3.970000E-8	-2.264747E-3
3.980000E-8	-3.162417E-3
3.990000E-8	-3.777423E-3
4.000000E-8	-3.710612E-3
4.010000E-8	-3.359424E-3
4.020000E-8	-2.746131E-3
4.030000E-8	-2.069452E-3
4.040000E-8	-1.202619E-3
4.050000E-8	-5.070961E-4
4.060000E-8	5.823018E-5
4.070000E-8	2.809345E-4
4.080000E-8	1.507381E-4
4.090000E-8	-4.798264E-5
4.100000E-8	-5.584894E-4
4.110000E-8	-1.380782E-3
4.120000E-8	-2.727287E-3
4.130000E-8	-3.820251E-3
4.140000E-8	-4.215979E-3
4.150000E-8	-4.236537E-3
4.160000E-8	-3.945308E-3
4.170000E-8	-3.145286E-3
4.180000E-8	-1.954674E-3
4.190000E-8	-8.308739E-4
4.200000E-8	2.877869E-4
4.210000E-8	1.010719E-3
4.220000E-8	9.079327E-4
4.230000E-8	2.518116E-4
4.240000E-8	-7.075300E-4
4.250000E-8	-1.884437E-3
4.260000E-8	-3.066482E-3
4.270000E-8	-4.065226E-3
4.280000E-8	-4.299922E-3
4.290000E-8	-4.051521E-3
4.300000E-8	-3.417670E-3
4.310000E-8	-2.358968E-3
4.320000E-8	-1.281422E-3
4.330000E-8	-4.077357E-4
4.340000E-8	-1.543355E-5
4.350000E-8	3.802949E-4
4.360000E-8	2.278281E-4
4.370000E-8	-3.512031E-4
4.380000E-8	-1.255725E-3
4.390000E-8	-2.285304E-3
4.400000E-8	-3.045925E-3
4.410000E-8	-3.720891E-3
4.420000E-8	-3.921324E-3
4.430000E-8	-3.779136E-3
4.440000E-8	-3.042499E-3
4.450000E-8	-1.964953E-3
4.460000E-8	-6.595629E-4
4.470000E-8	3.426064E-4
4.480000E-8	9.421949E-4
4.490000E-8	1.216293E-3
4.500000E-8	9.284901E-4
4.510000E-8	4.813683E-4
4.520000E-8	-3.049491E-4
4.530000E-8	-1.024455E-3
4.540000E-8	-1.908420E-3
4.550000E-8	-2.802664E-3
4.560000E-8	-3.479342E-3
4.570000E-8	-3.684915E-3
4.580000E-8	-3.462211E-3
4.590000E-8	-3.047638E-3
4.600000E-8	-2.382952E-3
4.610000E-8	-1.680576E-3
4.620000E-8	-5.482108E-4
4.630000E-8	3.032049E-4
4.640000E-8	6.355483E-4
4.650000E-8	3.631638E-4
4.660000E-8	-5.826130E-5
4.670000E-8	-4.625553E-4
4.680000E-8	-1.250586E-3
4.690000E-8	-2.242477E-3
4.700000E-8	-3.150425E-3
4.710000E-8	-3.537588E-3
4.720000E-8	-3.499899E-3
4.730000E-8	-3.429662E-3
4.740000E-8	-2.980827E-3
4.750000E-8	-2.312714E-3
4.760000E-8	-1.161504E-3
4.770000E-8	-3.237934E-4
4.780000E-8	4.813683E-4
4.790000E-8	6.680973E-4
4.800000E-8	1.575906E-4
4.810000E-8	-5.327928E-4
4.820000E-8	-1.404766E-3
4.830000E-8	-2.675893E-3
4.840000E-8	-3.469063E-3
4.850000E-8	-4.205701E-3
4.860000E-8	-4.419839E-3
4.870000E-8	-4.090922E-3
4.880000E-8	-3.402252E-3
4.890000E-8	-2.381238E-3
4.900000E-8	-1.389348E-3
4.910000E-8	-6.133089E-4
4.920000E-8	-2.895312E-4
4.930000E-8	-2.706869E-4
4.940000E-8	-3.837522E-4
4.950000E-8	-6.784071E-4
4.960000E-8	-1.339668E-3
4.970000E-8	-2.096862E-3
4.980000E-8	-2.905450E-3
4.990000E-8	-3.220662E-3
5.000000E-8	-3.496473E-3
5.010000E-8	-3.561571E-3
5.020000E-8	-3.140146E-3
5.030000E-8	-2.466894E-3
5.040000E-8	-1.444167E-3
5.050000E-8	-5.876123E-4
5.060000E-8	-1.696135E-4
5.070000E-8	1.421726E-4
5.080000E-8	1.096235E-4
5.090000E-8	-1.524824E-4
5.100000E-8	-8.582837E-4
5.110000E-8	-1.738822E-3
5.120000E-8	-2.819795E-3
5.130000E-8	-3.842521E-3
5.140000E-8	-4.397569E-3
5.150000E-8	-4.697363E-3
5.160000E-8	-4.428405E-3
5.170000E-8	-3.618104E-3
5.180000E-8	-2.489164E-3
5.190000E-8	-1.483569E-3
5.200000E-8	-7.589233E-4
5.210000E-8	-3.734735E-4
5.220000E-8	-3.768998E-4
5.230000E-8	-7.280873E-4
5.240000E-8	-1.130668E-3
5.250000E-8	-1.512692E-3
5.260000E-8	-2.030051E-3
5.270000E-8	-2.715295E-3
5.280000E-8	-3.419383E-3
5.290000E-8	-3.664358E-3
5.300000E-8	-3.541014E-3
5.310000E-8	-3.099032E-3
5.320000E-8	-2.227059E-3
5.330000E-8	-1.248873E-3
5.340000E-8	-3.751867E-4
5.350000E-8	4.590979E-4
5.360000E-8	1.178604E-3
5.370000E-8	1.454415E-3
5.380000E-8	9.901620E-4
5.390000E-8	-2.742532E-5
5.400000E-8	-1.142660E-3
5.410000E-8	-2.427492E-3
5.420000E-8	-3.695194E-3
5.430000E-8	-4.609995E-3
5.440000E-8	-4.668240E-3
5.450000E-8	-4.215979E-3
5.460000E-8	-3.357711E-3
5.470000E-8	-2.475460E-3
5.480000E-8	-1.538388E-3
5.490000E-8	-3.340720E-4
5.500000E-8	6.886547E-4
5.510000E-8	1.224858E-3
5.520000E-8	9.696047E-4
5.530000E-8	3.014918E-4
5.540000E-8	-7.263742E-4
5.550000E-8	-1.927264E-3
5.560000E-8	-2.987679E-3
5.570000E-8	-3.964152E-3
5.580000E-8	-4.210840E-3
5.590000E-8	-3.900767E-3
5.600000E-8	-3.063056E-3
5.610000E-8	-2.064313E-3
5.620000E-8	-1.187201E-3
5.630000E-8	-2.227199E-4
5.640000E-8	3.545982E-4
5.650000E-8	2.843607E-4
5.660000E-8	-1.456299E-4
5.670000E-8	-5.824730E-4
5.680000E-8	-1.240307E-3
5.690000E-8	-2.069452E-3
5.700000E-8	-2.845491E-3
5.710000E-8	-3.700333E-3
5.720000E-8	-4.231397E-3
5.730000E-8	-4.269086E-3
5.740000E-8	-3.763718E-3
5.750000E-8	-2.646771E-3
5.760000E-8	-1.074136E-3
5.770000E-8	1.832872E-4
5.780000E-8	7.897282E-4
5.790000E-8	7.914413E-4
5.800000E-8	5.653107E-4
5.810000E-8	1.079104E-4
5.820000E-8	-6.098827E-4
5.830000E-8	-1.916986E-3
5.840000E-8	-2.926007E-3
5.850000E-8	-3.578702E-3
5.860000E-8	-3.936742E-3
5.870000E-8	-3.931603E-3
5.880000E-8	-3.744874E-3
5.890000E-8	-3.021942E-3
5.900000E-8	-2.230485E-3
5.910000E-8	-1.082701E-3
5.920000E-8	-1.781790E-4
5.930000E-8	6.012861E-4
5.940000E-8	1.041555E-3
5.950000E-8	8.462608E-4
5.960000E-8	-1.661872E-4
5.970000E-8	-1.312258E-3
5.980000E-8	-2.737565E-3
5.990000E-8	-3.744874E-3
6.000000E-8	-4.349602E-3
6.010000E-8	-4.231397E-3
6.020000E-8	-3.628383E-3
6.030000E-8	-2.638205E-3
6.040000E-8	-1.552093E-3
6.050000E-8	-1.087840E-3
6.060000E-8	-8.360132E-4
6.070000E-8	-4.454242E-4
6.080000E-8	6.679573E-5
6.090000E-8	2.877869E-4
6.100000E-8	1.216152E-4
6.110000E-8	-3.734735E-4
6.120000E-8	-1.072422E-3
6.130000E-8	-2.156821E-3
6.140000E-8	-3.129868E-3
6.150000E-8	-3.707186E-3
6.160000E-8	-3.779136E-3
6.170000E-8	-3.750013E-3
6.180000E-8	-3.316597E-3
6.190000E-8	-2.360681E-3
6.200000E-8	-1.293414E-3
6.210000E-8	-2.672607E-4
6.220000E-8	5.053519E-4
6.230000E-8	9.730309E-4
6.240000E-8	9.987276E-4
6.250000E-8	4.059915E-4
6.260000E-8	-5.396452E-4
6.270000E-8	-1.509265E-3
6.280000E-8	-2.311001E-3
6.290000E-8	-3.136720E-3
6.300000E-8	-3.796267E-3
6.310000E-8	-3.935029E-3
6.320000E-8	-3.445080E-3
6.330000E-8	-2.547410E-3
6.340000E-8	-1.399626E-3
6.350000E-8	5.651707E-5
6.360000E-8	9.507605E-4
6.370000E-8	1.327645E-3
6.380000E-8	1.075818E-3
6.390000E-8	1.181890E-4
6.400000E-8	-1.036447E-3
6.410000E-8	-2.353829E-3
6.420000E-8	-3.337154E-3
6.430000E-8	-4.025824E-3
6.440000E-8	-4.287930E-3
6.450000E-8	-3.849374E-3
6.460000E-8	-3.172695E-3
6.470000E-8	-2.538845E-3
6.480000E-8	-1.783363E-3
6.490000E-8	-1.134094E-3
6.500000E-8	-6.886858E-4
6.510000E-8	-1.918839E-4
6.520000E-8	3.151967E-4
6.530000E-8	2.449592E-4
6.540000E-8	-5.482108E-4
6.550000E-8	-1.517831E-3
6.560000E-8	-2.593664E-3
6.570000E-8	-3.045925E-3
6.580000E-8	-3.443367E-3
6.590000E-8	-3.791128E-3
6.600000E-8	-3.457072E-3
6.610000E-8	-2.773541E-3
6.620000E-8	-1.922125E-3
6.630000E-8	-8.548575E-4
6.640000E-8	3.477458E-4
6.650000E-8	1.127211E-3
6.660000E-8	1.339636E-3
6.670000E-8	5.927205E-4
6.680000E-8	-6.544236E-4
6.690000E-8	-1.918699E-3
6.700000E-8	-3.237793E-3
6.710000E-8	-4.053234E-3
6.720000E-8	-4.503782E-3
6.730000E-8	-4.481511E-3
6.740000E-8	-4.317053E-3
6.750000E-8	-3.736308E-3
6.760000E-8	-2.838639E-3
6.770000E-8	-1.624044E-3
6.780000E-8	-3.374982E-4
6.790000E-8	8.291297E-4
6.800000E-8	1.427005E-3
6.810000E-8	1.438997E-3
6.820000E-8	1.159760E-3
6.830000E-8	2.363936E-4
6.840000E-8	-1.003898E-3
6.850000E-8	-2.287017E-3
6.860000E-8	-3.174408E-3
6.870000E-8	-3.803120E-3
6.880000E-8	-4.185143E-3
6.890000E-8	-4.024111E-3
6.900000E-8	-3.395400E-3
6.910000E-8	-2.711869E-3
6.920000E-8	-2.004354E-3
6.930000E-8	-1.043300E-3
6.940000E-8	-1.885977E-5
6.950000E-8	6.424007E-4
6.960000E-8	7.640315E-4
6.970000E-8	4.196964E-4
6.980000E-8	-3.443507E-4
6.990000E-8	-1.444167E-3
7.000000E-8	-2.497730E-3
7.010000E-8	-3.237793E-3
7.020000E-8	-3.530735E-3
7.030000E-8	-3.457072E-3
7.040000E-8	-3.099032E-3
7.050000E-8	-2.854057E-3
7.060000E-8	-2.453189E-3
7.070000E-8	-1.766232E-3
7.080000E-8	-9.353736E-4
7.090000E-8	-8.053173E-5
7.100000E-8	1.969921E-4
7.110000E-8	-7.881862E-5
7.120000E-8	-6.664154E-4
7.130000E-8	-1.589782E-3
7.140000E-8	-2.576533E-3
7.150000E-8	-3.624956E-3
7.160000E-8	-3.904193E-3
7.170000E-8	-3.696907E-3
7.180000E-8	-3.436514E-3
7.190000E-8	-2.992819E-3
7.200000E-8	-2.403509E-3
7.210000E-8	-1.670298E-3
7.220000E-8	-1.197479E-3
7.230000E-8	-6.304400E-4
7.240000E-8	7.022195E-5
7.250000E-8	4.214095E-4
7.260000E-8	1.882865E-5
7.270000E-8	-9.919063E-4
7.280000E-8	-2.240763E-3
7.290000E-8	-3.374842E-3
7.300000E-8	-4.227971E-3
7.310000E-8	-4.574019E-3
7.320000E-8	-4.409561E-3
7.330000E-8	-3.597547E-3
7.340000E-8	-2.406935E-3
7.350000E-8	-1.108398E-3
7.360000E-8	1.747217E-4
7.370000E-8	1.015859E-3
7.380000E-8	1.432144E-3
7.390000E-8	1.238563E-3
7.400000E-8	7.383349E-4
7.410000E-8	9.077927E-5
7.420000E-8	-6.955382E-4
7.430000E-8	-1.853601E-3
7.440000E-8	-3.357711E-3
7.450000E-8	-4.341036E-3
7.460000E-8	-4.493503E-3
7.470000E-8	-4.145742E-3
7.480000E-8	-3.385121E-3
7.490000E-8	-2.322993E-3
7.500000E-8	-1.254012E-3
7.510000E-8	-1.850314E-4
7.520000E-8	6.149909E-4
7.530000E-8	8.514001E-4
7.540000E-8	7.657446E-4
7.550000E-8	5.651707E-5
7.560000E-8	-8.565706E-4
7.570000E-8	-1.869019E-3
7.580000E-8	-2.939712E-3
7.590000E-8	-3.746587E-3
7.600000E-8	-4.168012E-3
7.610000E-8	-4.239963E-3
7.620000E-8	-3.801407E-3
7.630000E-8	-2.896885E-3
7.640000E-8	-1.695994E-3
7.650000E-8	-6.253007E-4
7.660000E-8	3.597375E-4
7.670000E-8	9.164983E-4
7.680000E-8	8.753837E-4
7.690000E-8	1.387463E-4
7.700000E-8	-1.086127E-3
7.710000E-8	-2.552549E-3
7.720000E-8	-3.780849E-3
7.730000E-8	-4.829273E-3
7.740000E-8	-5.428861E-3
7.750000E-8	-5.197591E-3
7.760000E-8	-4.188570E-3
7.770000E-8	-2.914016E-3
7.780000E-8	-1.605200E-3
7.790000E-8	-5.704812E-4
7.800000E-8	3.837211E-4
7.810000E-8	8.805230E-4
7.820000E-8	6.286958E-4
7.830000E-8	-1.029422E-5
7.840000E-8	-7.006776E-4
7.850000E-8	-1.367077E-3
7.860000E-8	-2.326419E-3
7.870000E-8	-3.218949E-3
7.880000E-8	-4.109766E-3
7.890000E-8	-4.685371E-3
7.900000E-8	-4.406135E-3
7.910000E-8	-3.702046E-3
7.920000E-8	-2.804377E-3
7.930000E-8	-1.521257E-3
7.940000E-8	-4.933912E-4
7.950000E-8	5.567452E-4
7.960000E-8	8.753837E-4
7.970000E-8	5.618845E-4
7.980000E-8	-1.833183E-4
7.990000E-8	-1.200906E-3
8.000000E-8	-2.263034E-3
8.010000E-8	-3.422809E-3
8.020000E-8	-4.234824E-3
8.030000E-8	-4.536331E-3
8.040000E-8	-4.390717E-3
8.050000E-8	-3.612965E-3
8.060000E-8	-2.807803E-3
8.070000E-8	-2.199649E-3
8.080000E-8	-1.308832E-3
8.090000E-8	-4.214406E-4
8.100000E-8	2.552378E-4
8.110000E-8	7.828757E-4
8.120000E-8	6.903678E-4
8.130000E-8	1.695823E-4
8.140000E-8	-8.634230E-4
8.150000E-8	-1.922125E-3
8.160000E-8	-3.057917E-3
8.170000E-8	-4.049808E-3
8.180000E-8	-4.574019E-3
8.190000E-8	-4.303348E-3
8.200000E-8	-3.260064E-3
8.210000E-8	-2.122559E-3
8.220000E-8	-1.267717E-3
8.230000E-8	-6.235876E-4
8.240000E-8	-1.728673E-6
8.250000E-8	2.895000E-4
8.260000E-8	1.199021E-4
8.270000E-8	-4.094489E-4
8.280000E-8	-1.274569E-3
8.290000E-8	-2.494304E-3
8.300000E-8	-3.499899E-3
8.310000E-8	-4.318766E-3
8.320000E-8	-4.690511E-3
8.330000E-8	-4.803576E-3
8.340000E-8	-4.462667E-3
8.350000E-8	-3.648940E-3
8.360000E-8	-2.513148E-3
8.370000E-8	-1.418471E-3
8.380000E-8	-6.664154E-4
8.390000E-8	-2.895312E-4
8.400000E-8	-4.111620E-4
8.410000E-8	-8.548575E-4
8.420000E-8	-1.629183E-3
8.430000E-8	-2.449763E-3
8.440000E-8	-3.150425E-3
8.450000E-8	-3.864792E-3
8.460000E-8	-4.399282E-3
8.470000E-8	-4.514060E-3
8.480000E-8	-3.907619E-3
8.490000E-8	-2.840352E-3
8.500000E-8	-1.817625E-3
8.510000E-8	-8.788410E-4
8.520000E-8	-3.256465E-5
8.530000E-8	4.505324E-4
8.540000E-8	4.625241E-4
8.550000E-8	-3.256465E-5
8.560000E-8	-8.086035E-4
8.570000E-8	-1.752527E-3
8.580000E-8	-2.535418E-3
8.590000E-8	-3.321736E-3
8.600000E-8	-3.633522E-3
8.610000E-8	-3.868218E-3
8.620000E-8	-3.568424E-3
8.630000E-8	-2.701590E-3
8.640000E-8	-1.622331E-3
8.650000E-8	-8.034642E-4
8.660000E-8	-9.423661E-5
8.670000E-8	5.036388E-4
8.680000E-8	8.582526E-4
8.690000E-8	6.458269E-4
8.700000E-8	8.050061E-5
8.710000E-8	-7.212349E-4
8.720000E-8	-1.552093E-3
8.730000E-8	-2.573107E-3
8.740000E-8	-3.527309E-3
8.750000E-8	-3.888775E-3
8.760000E-8	-3.707186E-3
8.770000E-8	-3.333728E-3
8.780000E-8	-2.508009E-3
8.790000E-8	-1.615478E-3
8.800000E-8	-7.931855E-4
8.810000E-8	-5.654819E-5
8.820000E-8	3.049180E-4
8.830000E-8	3.424664E-5
8.840000E-8	-3.529162E-4
8.850000E-8	-7.692020E-4
8.860000E-8	-1.564085E-3
8.870000E-8	-2.372673E-3
8.880000E-8	-2.999671E-3
8.890000E-8	-3.025368E-3
8.900000E-8	-2.922581E-3
8.910000E-8	-2.715295E-3
8.920000E-8	-2.107141E-3
8.930000E-8	-1.301979E-3
8.940000E-8	-3.888915E-4
8.950000E-8	2.586640E-4
8.960000E-8	3.631638E-4
8.970000E-8	-1.714666E-5
8.980000E-8	-6.338663E-4
8.990000E-8	-1.106685E-3
9.000000E-8	-1.718265E-3
9.010000E-8	-2.372673E-3
9.020000E-8	-3.049351E-3
9.030000E-8	-3.489621E-3
9.040000E-8	-3.813398E-3
9.050000E-8	-3.875070E-3
9.060000E-8	-3.487908E-3
9.070000E-8	-2.614221E-3
9.080000E-8	-1.452733E-3
9.090000E-8	-3.631949E-4
9.100000E-8	5.533190E-4
9.110000E-8	9.798834E-4
9.120000E-8	7.794495E-4
9.130000E-8	3.426064E-4
9.140000E-8	-6.338663E-4
9.150000E-8	-1.649741E-3
9.160000E-8	-2.735852E-3
9.170000E-8	-3.367990E-3
9.180000E-8	-3.660932E-3
9.190000E-8	-3.820251E-3
9.200000E-8	-3.717464E-3
9.210000E-8	-3.176122E-3
9.220000E-8	-2.405222E-3
9.230000E-8	-1.142660E-3
9.240000E-8	-1.576217E-4
9.250000E-8	5.122043E-4
9.260000E-8	8.359821E-4
9.270000E-8	6.098516E-4
9.280000E-8	-9.937594E-5
9.290000E-8	-1.161504E-3
9.300000E-8	-2.369247E-3
9.310000E-8	-3.484481E-3
9.320000E-8	-4.181717E-3
9.330000E-8	-4.440397E-3
9.340000E-8	-4.096062E-3
9.350000E-8	-3.280621E-3
9.360000E-8	-2.137977E-3
9.370000E-8	-1.139234E-3
9.380000E-8	-4.282931E-4
9.390000E-8	-1.372044E-5
9.400000E-8	3.938597E-5
9.410000E-8	-2.210068E-4
9.420000E-8	-7.229480E-4
9.430000E-8	-1.240307E-3
9.440000E-8	-2.158534E-3
9.450000E-8	-2.914016E-3
9.460000E-8	-3.602686E-3
9.470000E-8	-3.947021E-3
9.480000E-8	-3.904193E-3
9.490000E-8	-3.462211E-3
9.500000E-8	-2.617648E-3
9.510000E-8	-1.802207E-3
9.520000E-8	-8.325870E-4
9.530000E-8	-2.535558E-4
9.540000E-8	-1.387775E-4
9.550000E-8	-1.798921E-4
9.560000E-8	-3.203671E-4
9.570000E-8	-5.944647E-4
9.580000E-8	-1.334528E-3
9.590000E-8	-2.002641E-3
9.600000E-8	-2.636492E-3
9.610000E-8	-3.268629E-3
9.620000E-8	-3.556432E-3
9.630000E-8	-3.537588E-3
9.640000E-8	-3.189826E-3
9.650000E-8	-2.603943E-3
9.660000E-8	-1.632609E-3
9.670000E-8	-7.041038E-4
9.680000E-8	-1.372044E-5
9.690000E-8	4.830815E-4
9.700000E-8	1.027710E-4
9.710000E-8	-5.567763E-4
9.720000E-8	-1.190627E-3
9.730000E-8	-1.798781E-3
9.740000E-8	-2.828360E-3
9.750000E-8	-3.499899E-3
9.760000E-8	-3.642087E-3
9.770000E-8	-3.354285E-3
9.780000E-8	-3.044212E-3
9.790000E-8	-2.708442E-3
9.800000E-8	-2.054034E-3
9.810000E-8	-1.134094E-3
9.820000E-8	-4.762601E-4
9.830000E-8	1.901396E-4
9.840000E-8	3.665900E-4
9.850000E-8	4.452530E-5
9.860000E-8	-8.120297E-4
9.870000E-8	-1.958100E-3
9.880000E-8	-2.963696E-3
9.890000E-8	-3.806546E-3
9.900000E-8	-4.416413E-3
9.910000E-8	-4.531192E-3
9.920000E-8	-4.168012E-3
9.930000E-8	-3.236080E-3
9.940000E-8	-2.449763E-3
9.950000E-8	-1.529823E-3
9.960000E-8	-5.773336E-4
9.970000E-8	9.077927E-5
9.980000E-8	2.089839E-4
9.990000E-8	-3.085154E-5
1.000000E-7	-4.111620E-4
1.001000E-7	-1.219750E-3
1.002000E-7	-2.278452E-3
1.003000E-7	-3.165843E-3
1.004000E-7	-3.647227E-3
1.005000E-7	-3.648940E-3
1.006000E-7	-3.505039E-3
1.007000E-7	-3.541014E-3
1.008000E-7	-3.066482E-3
1.009000E-7	-2.197936E-3
1.010000E-7	-1.127242E-3
1.011000E-7	-2.055888E-4
1.012000E-7	2.038445E-4
1.013000E-7	1.610168E-4
1.014000E-7	-5.516370E-4
1.015000E-7	-1.440741E-3
1.016000E-7	-2.600517E-3
1.017000E-7	-3.755153E-3
1.018000E-7	-4.370159E-3
1.019000E-7	-4.445536E-3
1.020000E-7	-4.207414E-3
1.021000E-7	-3.582129E-3
1.022000E-7	-2.932860E-3
1.023000E-7	-1.964953E-3
1.024000E-7	-9.542178E-4
1.025000E-7	1.130497E-4
1.026000E-7	7.229169E-4
1.027000E-7	7.331955E-4
1.028000E-7	2.809345E-4
1.029000E-7	-5.345059E-4
1.030000E-7	-1.488708E-3
1.031000E-7	-2.679320E-3
1.032000E-7	-3.630096E-3
1.033000E-7	-4.029250E-3
1.034000E-7	-3.912759E-3
1.035000E-7	-3.364564E-3
1.036000E-7	-2.776967E-3
1.037000E-7	-2.031764E-3
1.038000E-7	-1.154652E-3
1.039000E-7	-5.430714E-4
1.040000E-7	4.109908E-5
1.041000E-7	3.237622E-4
1.042000E-7	5.396141E-4
1.043000E-7	4.025653E-4
1.044000E-7	-3.289327E-4
1.045000E-7	-1.310545E-3
1.046000E-7	-2.444624E-3
1.047000E-7	-3.515317E-3
1.048000E-7	-3.945308E-3
1.049000E-7	-3.899054E-3
1.050000E-7	-3.316597E-3
1.051000E-7	-2.345263E-3
1.052000E-7	-1.180348E-3
1.053000E-7	-2.706869E-4
1.054000E-7	2.980656E-4
1.055000E-7	7.297693E-4
1.056000E-7	4.248357E-4
1.057000E-7	-1.781790E-4
1.058000E-7	-1.002185E-3
1.059000E-7	-1.899855E-3
1.060000E-7	-2.968835E-3
1.061000E-7	-3.827103E-3
1.062000E-7	-4.253668E-3
1.063000E-7	-4.020685E-3
1.064000E-7	-4.018972E-3
1.065000E-7	-3.439940E-3
1.066000E-7	-2.374386E-3
1.067000E-7	-9.490785E-4
1.068000E-7	8.392683E-5
1.069000E-7	6.389745E-4
1.070000E-7	7.982937E-4
1.071000E-7	4.025653E-4
1.072000E-7	-6.921120E-4
1.073000E-7	-1.908420E-3
1.074000E-7	-2.943139E-3
1.075000E-7	-3.431375E-3
1.076000E-7	-3.359424E-3
1.077000E-7	-3.051064E-3
1.078000E-7	-2.790672E-3
1.079000E-7	-2.432632E-3
1.080000E-7	-1.970092E-3
1.081000E-7	-1.372217E-3
1.082000E-7	-6.047434E-4
1.083000E-7	2.689427E-4
1.084000E-7	9.456212E-4
1.085000E-7	9.507605E-4
1.086000E-7	2.775083E-4
1.087000E-7	-7.383660E-4
1.088000E-7	-1.889576E-3
1.089000E-7	-3.256638E-3
1.090000E-7	-4.133750E-3
1.091000E-7	-4.448962E-3
1.092000E-7	-3.986423E-3
1.093000E-7	-3.385121E-3
1.094000E-7	-2.595377E-3
1.095000E-7	-1.593208E-3
1.096000E-7	-5.893254E-4
1.097000E-7	1.010579E-4
1.098000E-7	5.344748E-4
1.099000E-7	5.533190E-4
1.100000E-7	1.473119E-4
1.101000E-7	-3.580556E-4
1.102000E-7	-1.017603E-3
1.103000E-7	-1.740535E-3
1.104000E-7	-2.876327E-3
1.105000E-7	-3.755153E-3
1.106000E-7	-4.113193E-3
1.107000E-7	-3.840808E-3
1.108000E-7	-3.321736E-3
1.109000E-7	-2.501156E-3
1.110000E-7	-1.236881E-3
1.111000E-7	8.549987E-6
1.112000E-7	7.383349E-4
1.113000E-7	1.003867E-3
1.114000E-7	7.503266E-4
1.115000E-7	1.404595E-4
1.116000E-7	-8.360132E-4
1.117000E-7	-1.942682E-3
1.118000E-7	-3.153851E-3
1.119000E-7	-3.856226E-3
1.120000E-7	-4.231397E-3
1.121000E-7	-4.180004E-3
1.122000E-7	-4.012119E-3
1.123000E-7	-3.397113E-3
1.124000E-7	-2.180805E-3
1.125000E-7	-7.143824E-4
1.126000E-7	4.214095E-4
1.127000E-7	8.428346E-4
1.128000E-7	7.263431E-4
1.129000E-7	2.655165E-4
1.130000E-7	-5.721943E-4
1.131000E-7	-1.445880E-3
1.132000E-7	-2.362394E-3
1.133000E-7	-3.095605E-3
1.134000E-7	-3.201818E-3
1.135000E-7	-3.242933E-3
1.136000E-7	-2.932860E-3
1.137000E-7	-2.531992E-3
1.138000E-7	-1.893002E-3
1.139000E-7	-9.028245E-4
1.140000E-7	-7.196618E-5
1.141000E-7	5.070650E-4
1.142000E-7	5.910074E-4
1.143000E-7	5.019257E-4
1.144000E-7	-1.404906E-4
1.145000E-7	-1.137521E-3
1.146000E-7	-2.429206E-3
1.147000E-7	-3.403965E-3
1.148000E-7	-4.046381E-3
1.149000E-7	-4.392430E-3
1.150000E-7	-3.962439E-3
1.151000E-7	-2.975688E-3
1.152000E-7	-1.824478E-3
1.153000E-7	-7.041038E-4
1.154000E-7	3.254753E-4
1.155000E-7	1.281391E-3
1.156000E-7	1.485251E-3
1.157000E-7	1.182030E-3
1.158000E-7	3.837211E-4
1.159000E-7	-7.195218E-4
1.160000E-7	-1.985510E-3
1.161000E-7	-2.879753E-3
1.162000E-7	-3.547866E-3
1.163000E-7	-3.657505E-3
1.164000E-7	-3.388547E-3
1.165000E-7	-3.069909E-3
1.166000E-7	-2.334985E-3
1.167000E-7	-1.517831E-3
1.168000E-7	-7.041038E-4
1.169000E-7	9.591860E-5
1.170000E-7	5.892943E-4
1.171000E-7	6.098516E-4
1.172000E-7	3.580244E-4
1.173000E-7	-4.933912E-4
1.174000E-7	-1.648027E-3
1.175000E-7	-2.388091E-3
1.176000E-7	-3.213810E-3
1.177000E-7	-3.940169E-3
1.178000E-7	-4.229684E-3
1.179000E-7	-4.126898E-3
1.180000E-7	-3.457072E-3
1.181000E-7	-2.249329E-3
1.182000E-7	-1.098119E-3
1.183000E-7	-2.141543E-4
1.184000E-7	2.141232E-4
1.185000E-7	3.374671E-4
1.186000E-7	1.815741E-4
1.187000E-7	-1.798921E-4
1.188000E-7	-9.216687E-4
1.189000E-7	-1.928977E-3
1.190000E-7	-2.910589E-3
1.191000E-7	-3.845948E-3
1.192000E-7	-4.358167E-3
1.193000E-7	-4.310200E-3
1.194000E-7	-3.820251E-3
1.195000E-7	-2.811229E-3
1.196000E-7	-1.740535E-3
1.197000E-7	-7.178087E-4
1.198000E-7	3.082042E-5
1.199000E-7	5.858681E-4
1.200000E-7	5.995729E-4
1.201000E-7	5.137774E-5
1.202000E-7	-6.681285E-4
1.203000E-7	-1.552093E-3
1.204000E-7	-2.090010E-3
1.205000E-7	-2.848918E-3
1.206000E-7	-3.609538E-3
1.207000E-7	-4.130324E-3
1.208000E-7	-4.008693E-3
1.209000E-7	-3.169269E-3
1.210000E-7	-1.958100E-3
1.211000E-7	-8.634230E-4
1.212000E-7	-1.216464E-4
1.213000E-7	9.077927E-5
1.214000E-7	-8.738417E-5
1.215000E-7	-8.240215E-4
1.216000E-7	-1.990649E-3
1.217000E-7	-2.973975E-3
1.218000E-7	-3.804833E-3
1.219000E-7	-4.303348E-3
1.220000E-7	-4.404421E-3
1.221000E-7	-4.078930E-3
1.222000E-7	-3.702046E-3
1.223000E-7	-3.172695E-3
1.224000E-7	-2.470320E-3
1.225000E-7	-1.798781E-3
1.226000E-7	-1.092980E-3
1.227000E-7	-5.704812E-4
1.228000E-7	1.540243E-5
1.229000E-7	1.370332E-4
1.230000E-7	-2.638345E-4
1.231000E-7	-1.219750E-3
1.232000E-7	-2.158534E-3
1.233000E-7	-3.119589E-3
1.234000E-7	-3.803120E-3
1.235000E-7	-4.058373E-3
1.236000E-7	-3.498186E-3
1.237000E-7	-2.540558E-3
1.238000E-7	-1.533249E-3
1.239000E-7	-6.578498E-4
1.240000E-7	2.980656E-4
1.241000E-7	5.276223E-4
1.242000E-7	5.361879E-4
1.243000E-7	3.511720E-4
1.244000E-7	3.938597E-5
1.245000E-7	-5.070961E-4
1.246000E-7	-1.365364E-3
1.247000E-7	-2.369247E-3
1.248000E-7	-3.443367E-3
1.249000E-7	-3.967578E-3
1.250000E-7	-3.926464E-3
1.251000E-7	-3.570137E-3
1.252000E-7	-3.027081E-3
1.253000E-7	-2.096862E-3
1.254000E-7	-9.816276E-4
1.255000E-7	-7.710551E-5
1.256000E-7	6.783760E-4
1.257000E-7	9.576129E-4
1.258000E-7	8.565394E-4
1.259000E-7	2.877869E-4
1.260000E-7	-4.094489E-4
1.261000E-7	-1.507552E-3
1.262000E-7	-2.487451E-3
1.263000E-7	-3.311457E-3
1.264000E-7	-3.760292E-3
1.265000E-7	-3.762005E-3
1.266000E-7	-3.535875E-3
1.267000E-7	-2.891745E-3
1.268000E-7	-1.997502E-3
1.269000E-7	-9.782014E-4
1.270000E-7	-2.244330E-4
1.271000E-7	1.096235E-4
1.272000E-7	2.672296E-4
1.273000E-7	7.193506E-5
1.274000E-7	-4.796864E-4
1.275000E-7	-1.122103E-3
1.276000E-7	-2.024912E-3
1.277000E-7	-3.028794E-3
1.278000E-7	-3.714038E-3
1.279000E-7	-3.900767E-3
1.280000E-7	-3.561571E-3
1.281000E-7	-2.787246E-3
1.282000E-7	-1.935830E-3
1.283000E-7	-1.334528E-3
1.284000E-7	-7.041038E-4
1.285000E-7	-4.591290E-4
1.286000E-7	-4.796864E-4
1.287000E-7	-6.098827E-4
1.288000E-7	-7.657757E-4
1.289000E-7	-1.055291E-3
1.290000E-7	-1.666872E-3
1.291000E-7	-2.278452E-3
1.292000E-7	-2.699877E-3
1.293000E-7	-2.963696E-3
1.294000E-7	-3.018515E-3
1.295000E-7	-2.883180E-3
1.296000E-7	-2.381238E-3
1.297000E-7	-1.627470E-3
1.298000E-7	-8.171690E-4
1.299000E-7	1.027710E-4
1.300000E-7	3.151967E-4
1.301000E-7	1.798610E-4
1.302000E-7	-2.295723E-4
1.303000E-7	-7.195218E-4
1.304000E-7	-1.644601E-3
1.305000E-7	-2.665615E-3
1.306000E-7	-3.648940E-3
1.307000E-7	-4.075504E-3
1.308000E-7	-3.916185E-3
1.309000E-7	-3.251498E-3
1.310000E-7	-2.508009E-3
1.311000E-7	-1.874158E-3
1.312000E-7	-1.230029E-3
1.313000E-7	-7.092431E-4
1.314000E-7	-3.083754E-4
1.315000E-7	4.623841E-5
1.316000E-7	2.346805E-4
1.317000E-7	-4.642684E-4
1.318000E-7	-1.461298E-3
1.319000E-7	-2.641631E-3
1.320000E-7	-3.719177E-3
1.321000E-7	-4.363307E-3
1.322000E-7	-4.813855E-3
1.323000E-7	-4.630552E-3
1.324000E-7	-3.926464E-3
1.325000E-7	-2.436058E-3
1.326000E-7	-8.822672E-4
1.327000E-7	3.854342E-4
1.328000E-7	1.281391E-3
1.329000E-7	1.588037E-3
1.330000E-7	1.324218E-3
1.331000E-7	7.674577E-4
1.332000E-7	-4.969575E-5
1.333000E-7	-1.243733E-3
1.334000E-7	-2.321280E-3
1.335000E-7	-3.162417E-3
1.336000E-7	-3.647227E-3
1.337000E-7	-3.806546E-3
1.338000E-7	-3.607825E-3
1.339000E-7	-3.069909E-3
1.340000E-7	-2.504582E-3
1.341000E-7	-1.391061E-3
1.342000E-7	-3.135147E-4
1.343000E-7	2.381067E-4
1.344000E-7	-7.539240E-5
1.345000E-7	-5.413583E-4
1.346000E-7	-1.423610E-3
1.347000E-7	-2.161960E-3
1.348000E-7	-2.780393E-3
1.349000E-7	-3.088753E-3
1.350000E-7	-3.308031E-3
1.351000E-7	-3.188113E-3
1.352000E-7	-2.970548E-3
1.353000E-7	-2.614221E-3
1.354000E-7	-2.110567E-3
1.355000E-7	-1.185488E-3
1.356000E-7	-5.139486E-4
1.357000E-7	4.623841E-5
1.358000E-7	2.910731E-5
1.359000E-7	-2.141543E-4
1.360000E-7	-7.914724E-4
1.361000E-7	-1.423610E-3
1.362000E-7	-2.249329E-3
1.363000E-7	-3.222375E-3
1.364000E-7	-3.936742E-3
1.365000E-7	-4.070365E-3
1.366000E-7	-3.614678E-3
1.367000E-7	-2.939712E-3
1.368000E-7	-2.165387E-3
1.369000E-7	-1.334528E-3
1.370000E-7	-6.081696E-4
1.371000E-7	1.267546E-4
1.372000E-7	5.156306E-4
1.373000E-7	5.122043E-4
1.374000E-7	-1.182202E-4
1.375000E-7	-8.051773E-4
1.376000E-7	-1.910133E-3
1.377000E-7	-2.886606E-3
1.378000E-7	-3.959013E-3
1.379000E-7	-4.253668E-3
1.380000E-7	-3.899054E-3
1.381000E-7	-3.064769E-3
1.382000E-7	-2.384665E-3
1.383000E-7	-1.538388E-3
1.384000E-7	-7.332266E-4
1.385000E-7	-1.556282E-8
1.386000E-7	3.408933E-4
1.387000E-7	1.318939E-4
1.388000E-7	-2.295723E-4
1.389000E-7	-6.921120E-4
1.390000E-7	-1.486995E-3
1.391000E-7	-2.597090E-3
1.392000E-7	-3.674637E-3
1.393000E-7	-4.210840E-3
1.394000E-7	-4.296495E-3
1.395000E-7	-3.952160E-3
1.396000E-7	-3.302892E-3
1.397000E-7	-2.293870E-3
1.398000E-7	-1.317397E-3
1.399000E-7	-4.025964E-4
1.400000E-7	3.289016E-4
1.401000E-7	8.017199E-4
1.402000E-7	7.571791E-4
1.403000E-7	-1.096546E-4
1.404000E-7	-1.325963E-3
1.405000E-7	-2.622787E-3
1.406000E-7	-3.381695E-3
1.407000E-7	-3.875070E-3
1.408000E-7	-4.149168E-3
1.409000E-7	-4.152594E-3
1.410000E-7	-3.717464E-3
1.411000E-7	-2.818082E-3
1.412000E-7	-1.594921E-3
1.413000E-7	-4.265800E-4
1.414000E-7	4.623841E-5
1.415000E-7	4.179833E-4
1.416000E-7	2.346805E-4
1.417000E-7	-2.501296E-4
1.418000E-7	-1.077562E-3
1.419000E-7	-2.103715E-3
1.420000E-7	-3.261777E-3
1.421000E-7	-4.159447E-3
1.422000E-7	-4.829273E-3
1.423000E-7	-4.808715E-3
1.424000E-7	-4.332471E-3
1.425000E-7	-3.498186E-3
1.426000E-7	-2.699877E-3
1.427000E-7	-1.509265E-3
1.428000E-7	-3.512031E-4
1.429000E-7	5.430403E-4
1.430000E-7	6.492531E-4
1.431000E-7	3.939997E-4
1.432000E-7	-1.661872E-4
1.433000E-7	-8.771279E-4
1.434000E-7	-2.081444E-3
1.435000E-7	-3.133294E-3
1.436000E-7	-3.806546E-3
1.437000E-7	-3.955587E-3
1.438000E-7	-3.655792E-3
1.439000E-7	-3.265203E-3
1.440000E-7	-2.275026E-3
1.441000E-7	-1.224889E-3
1.442000E-7	-2.621214E-4
1.443000E-7	4.676635E-4
1.444000E-7	5.516059E-4
1.445000E-7	4.608110E-4
1.446000E-7	1.644430E-4
1.447000E-7	-6.115958E-4
1.448000E-7	-1.490421E-3
1.449000E-7	-2.453189E-3
1.450000E-7	-3.165843E-3
1.451000E-7	-3.702046E-3
1.452000E-7	-3.839095E-3
1.453000E-7	-3.494760E-3
1.454000E-7	-2.799237E-3
1.455000E-7	-1.656593E-3
1.456000E-7	-7.657757E-4
1.457000E-7	-7.881862E-5
1.458000E-7	2.329674E-4
1.459000E-7	1.216152E-4
1.460000E-7	-1.422037E-4
1.461000E-7	-8.103166E-4
1.462000E-7	-1.879297E-3
1.463000E-7	-2.643344E-3
1.464000E-7	-3.261777E-3
1.465000E-7	-3.712325E-3
1.466000E-7	-3.796267E-3
1.467000E-7	-3.554719E-3
1.468000E-7	-3.129868E-3
1.469000E-7	-2.586812E-3
1.470000E-7	-1.874158E-3
1.471000E-7	-1.223176E-3
1.472000E-7	-6.064565E-4
1.473000E-7	5.137774E-5
1.474000E-7	-4.798264E-5
1.475000E-7	-5.619156E-4
1.476000E-7	-1.151225E-3
1.477000E-7	-1.990649E-3
1.478000E-7	-2.776967E-3
1.479000E-7	-3.549580E-3
1.480000E-7	-4.042955E-3
1.481000E-7	-4.116619E-3
1.482000E-7	-3.720891E-3
1.483000E-7	-2.720434E-3
1.484000E-7	-1.584642E-3
1.485000E-7	-5.739074E-4
1.486000E-7	1.661561E-4
1.487000E-7	7.194906E-4
1.488000E-7	8.359821E-4
1.489000E-7	3.426064E-4
1.490000E-7	-4.094489E-4
1.491000E-7	-1.226602E-3
1.492000E-7	-2.211641E-3
1.493000E-7	-2.984253E-3
1.494000E-7	-3.417670E-3
1.495000E-7	-3.635235E-3
1.496000E-7	-3.474203E-3
1.497000E-7	-3.201818E-3
1.498000E-7	-2.557689E-3
1.499000E-7	-1.622331E-3
1.500000E-7	-7.212349E-4
1.501000E-7	-9.594972E-5
1.502000E-7	3.614506E-4
1.503000E-7	3.357540E-4
1.504000E-7	2.312543E-4
1.505000E-7	-1.559086E-4
1.506000E-7	-8.702754E-4
1.507000E-7	-2.086584E-3
1.508000E-7	-3.220662E-3
1.509000E-7	-3.936742E-3
1.510000E-7	-4.221119E-3
1.511000E-7	-3.933316E-3
1.512000E-7	-3.111023E-3
1.513000E-7	-1.908420E-3
1.514000E-7	-6.372925E-4
1.515000E-7	2.980656E-4
1.516000E-7	6.698105E-4
1.517000E-7	5.464665E-4
1.518000E-7	-6.511374E-5
1.519000E-7	-8.274477E-4
1.520000E-7	-1.925551E-3
1.521000E-7	-3.035646E-3
1.522000E-7	-3.674637E-3
1.523000E-7	-3.592407E-3
1.524000E-7	-3.200105E-3
1.525000E-7	-2.658762E-3
1.526000E-7	-2.228772E-3
1.527000E-7	-1.341381E-3
1.528000E-7	-7.332266E-4
1.529000E-7	-9.766283E-5
1.530000E-7	1.318939E-4
1.531000E-7	-1.559086E-4
1.532000E-7	-3.923178E-4
1.533000E-7	-8.908328E-4
1.534000E-7	-1.509265E-3
1.535000E-7	-2.391517E-3
1.536000E-7	-3.292613E-3
1.537000E-7	-3.945308E-3
1.538000E-7	-3.974431E-3
1.539000E-7	-3.859652E-3
1.540000E-7	-3.299465E-3
1.541000E-7	-2.381238E-3
1.542000E-7	-1.325963E-3
1.543000E-7	-3.649080E-4
1.544000E-7	4.196964E-4
1.545000E-7	9.199245E-4
1.546000E-7	1.020998E-3
1.547000E-7	4.282619E-4
1.548000E-7	-6.235876E-4
1.549000E-7	-1.778224E-3
1.550000E-7	-2.951704E-3
1.551000E-7	-3.700333E-3
1.552000E-7	-4.036103E-3
1.553000E-7	-4.027537E-3
1.554000E-7	-3.791128E-3
1.555000E-7	-3.213810E-3
1.556000E-7	-2.408648E-3
1.557000E-7	-1.558946E-3
1.558000E-7	-1.103258E-3
1.559000E-7	-6.578498E-4
1.560000E-7	-2.655476E-4
1.561000E-7	-5.430714E-4
1.562000E-7	-9.336605E-4
1.563000E-7	-1.430462E-3
1.564000E-7	-2.321280E-3
1.565000E-7	-3.174408E-3
1.566000E-7	-3.926464E-3
1.567000E-7	-4.205701E-3
1.568000E-7	-3.919611E-3
1.569000E-7	-3.381695E-3
1.570000E-7	-2.624500E-3
1.571000E-7	-1.874158E-3
1.572000E-7	-9.833407E-4
1.573000E-7	-2.295723E-4
1.574000E-7	-6.868003E-6
1.575000E-7	-1.576217E-4
1.576000E-7	-5.464977E-4
1.577000E-7	-1.055291E-3
1.578000E-7	-2.078018E-3
1.579000E-7	-3.164130E-3
1.580000E-7	-4.142316E-3
1.581000E-7	-4.455815E-3
1.582000E-7	-4.263946E-3
1.583000E-7	-3.727743E-3
1.584000E-7	-2.908876E-3
1.585000E-7	-1.874158E-3
1.586000E-7	-5.379321E-4
1.587000E-7	5.327617E-4
1.588000E-7	9.233507E-4
1.589000E-7	9.833096E-4
1.590000E-7	6.646711E-4
1.591000E-7	5.994329E-5
1.592000E-7	-9.216687E-4
1.593000E-7	-2.304149E-3
1.594000E-7	-3.529022E-3
1.595000E-7	-3.991562E-3
1.596000E-7	-3.895628E-3
1.597000E-7	-3.844234E-3
1.598000E-7	-3.563284E-3
1.599000E-7	-3.069909E-3
1.600000E-7	-1.781650E-3
1.601000E-7	-6.064565E-4
1.602000E-7	4.111308E-4
1.603000E-7	5.841550E-4
1.604000E-7	3.922866E-4
1.605000E-7	-1.953101E-4
1.606000E-7	-1.353372E-3
1.607000E-7	-2.802664E-3
1.608000E-7	-3.599260E-3
1.609000E-7	-3.926464E-3
1.610000E-7	-3.702046E-3
1.611000E-7	-3.618104E-3
1.612000E-7	-3.217236E-3
1.613000E-7	-2.449763E-3
1.614000E-7	-1.245447E-3
1.615000E-7	-1.456299E-4
1.616000E-7	7.691708E-4
1.617000E-7	1.336210E-3
1.618000E-7	1.118645E-3
1.619000E-7	3.426064E-4
1.620000E-7	-9.165294E-4
1.621000E-7	-2.297296E-3
1.622000E-7	-3.450219E-3
1.623000E-7	-3.921324E-3
1.624000E-7	-4.116619E-3
1.625000E-7	-3.760292E-3
1.626000E-7	-3.164130E-3
1.627000E-7	-2.415501E-3
1.628000E-7	-1.606913E-3
1.629000E-7	-9.867669E-4
1.630000E-7	-5.242272E-4
1.631000E-7	-2.227199E-4
1.632000E-7	-2.484165E-4
1.633000E-7	-4.351455E-4
1.634000E-7	-7.794806E-4
1.635000E-7	-1.346520E-3
1.636000E-7	-2.117420E-3
1.637000E-7	-2.800950E-3
1.638000E-7	-3.422809E-3
1.639000E-7	-3.671210E-3
1.640000E-7	-3.892202E-3
1.641000E-7	-3.652366E-3
1.642000E-7	-2.807803E-3
1.643000E-7	-1.716552E-3
1.644000E-7	-7.417922E-4
1.645000E-7	2.072707E-4
1.646000E-7	7.863019E-4
1.647000E-7	1.091236E-3
1.648000E-7	7.040727E-4
1.649000E-7	-1.336381E-4
1.650000E-7	-1.173496E-3
1.651000E-7	-2.131124E-3
1.652000E-7	-2.920868E-3
1.653000E-7	-3.530735E-3
1.654000E-7	-3.678063E-3
1.655000E-7	-3.265203E-3
1.656000E-7	-2.353829E-3
1.657000E-7	-1.250586E-3
1.658000E-7	-1.850314E-4
1.659000E-7	6.800891E-4
1.660000E-7	1.164899E-3
1.661000E-7	1.099801E-3
1.662000E-7	3.477458E-4
1.663000E-7	-3.768998E-4
1.664000E-7	-1.562372E-3
1.665000E-7	-2.958557E-3
1.666000E-7	-3.977857E-3
1.667000E-7	-4.724773E-3
1.668000E-7	-4.668240E-3
1.669000E-7	-4.354741E-3
1.670000E-7	-3.446793E-3
1.671000E-7	-2.249329E-3
1.672000E-7	-1.123816E-3
1.673000E-7	-1.885977E-5
1.674000E-7	6.149909E-4
1.675000E-7	7.469004E-4
1.676000E-7	3.100573E-4
1.677000E-7	-5.327928E-4
1.678000E-7	-1.574364E-3
1.679000E-7	-2.472033E-3
1.680000E-7	-3.321736E-3
1.681000E-7	-3.916185E-3
1.682000E-7	-4.186856E-3
1.683000E-7	-3.943595E-3
1.684000E-7	-3.294326E-3
1.685000E-7	-2.490878E-3
1.686000E-7	-1.375643E-3
1.687000E-7	-3.580556E-4
1.688000E-7	2.963525E-4
1.689000E-7	1.678692E-4
1.690000E-7	-2.571221E-5
1.691000E-7	-3.734735E-4
1.692000E-7	-9.131032E-4
1.693000E-7	-1.738822E-3
1.694000E-7	-2.355542E-3
1.695000E-7	-2.881467E-3
1.696000E-7	-3.184687E-3
1.697000E-7	-3.450219E-3
1.698000E-7	-3.379982E-3
1.699000E-7	-3.066482E-3
1.700000E-7	-2.499443E-3
1.701000E-7	-1.776511E-3
1.702000E-7	-1.111824E-3
1.703000E-7	-5.807599E-4
1.704000E-7	-3.871784E-4
1.705000E-7	-4.899650E-4
1.706000E-7	-1.012464E-3
1.707000E-7	-1.725117E-3
1.708000E-7	-2.227059E-3
1.709000E-7	-2.723860E-3
1.710000E-7	-3.064769E-3
1.711000E-7	-3.270343E-3
1.712000E-7	-3.362851E-3
1.713000E-7	-3.385121E-3
1.714000E-7	-3.001384E-3
1.715000E-7	-1.992363E-3
1.716000E-7	-9.696358E-4
1.717000E-7	8.563994E-5
1.718000E-7	5.927205E-4
1.719000E-7	8.702443E-4
1.720000E-7	5.293354E-4
1.721000E-7	-4.848257E-4
1.722000E-7	-1.682290E-3
1.723000E-7	-2.953417E-3
1.724000E-7	-3.907619E-3
1.725000E-7	-4.562028E-3
1.726000E-7	-4.738478E-3
1.727000E-7	-4.137176E-3
1.728000E-7	-3.119589E-3
1.729000E-7	-1.829617E-3
1.730000E-7	-6.784071E-4
1.731000E-7	1.507381E-4
1.732000E-7	7.040727E-4
1.733000E-7	7.434742E-4
1.734000E-7	4.419668E-4
1.735000E-7	-1.182202E-4
1.736000E-7	-1.312258E-3
1.737000E-7	-2.400083E-3
1.738000E-7	-3.333728E-3
1.739000E-7	-4.003554E-3
1.740000E-7	-4.589437E-3
1.741000E-7	-4.616847E-3
1.742000E-7	-4.097775E-3
1.743000E-7	-3.116163E-3
1.744000E-7	-2.009494E-3
1.745000E-7	-8.462919E-4
1.746000E-7	1.010579E-4
1.747000E-7	5.241961E-4
1.748000E-7	2.158363E-4
1.749000E-7	-4.163013E-4
1.750000E-7	-1.230029E-3
1.751000E-7	-1.963240E-3
1.752000E-7	-2.672467E-3
1.753000E-7	-3.075048E-3
1.754000E-7	-3.222375E-3
1.755000E-7	-3.333728E-3
1.756000E-7	-3.326875E-3
1.757000E-7	-2.826647E-3
1.758000E-7	-2.153395E-3
1.759000E-7	-1.500700E-3
1.760000E-7	-9.319474E-4
1.761000E-7	-3.700473E-4
1.762000E-7	-2.792525E-4
1.763000E-7	-4.899650E-4
1.764000E-7	-1.433889E-3
1.765000E-7	-2.021485E-3
1.766000E-7	-2.682746E-3
1.767000E-7	-3.158990E-3
1.768000E-7	-3.640374E-3
1.769000E-7	-3.881923E-3
1.770000E-7	-3.799694E-3
1.771000E-7	-3.359424E-3
1.772000E-7	-2.362394E-3
1.773000E-7	-1.295127E-3
1.774000E-7	-4.574159E-4
1.775000E-7	3.117705E-4
1.776000E-7	5.207699E-4
1.777000E-7	3.323278E-4
1.778000E-7	-4.419979E-4
1.779000E-7	-1.406479E-3
1.780000E-7	-2.307575E-3
1.781000E-7	-3.176122E-3
1.782000E-7	-3.553006E-3
1.783000E-7	-3.541014E-3
1.784000E-7	-3.427949E-3
1.785000E-7	-3.208671E-3
1.786000E-7	-2.884893E-3
1.787000E-7	-2.180805E-3
1.788000E-7	-1.413331E-3
1.789000E-7	-4.231537E-4
1.790000E-7	9.591860E-5
1.791000E-7	2.997787E-4
1.792000E-7	2.638034E-4
1.793000E-7	-5.208010E-4
1.794000E-7	-1.970092E-3
1.795000E-7	-3.244646E-3
1.796000E-7	-4.090922E-3
1.797000E-7	-4.334184E-3
1.798000E-7	-4.005267E-3
1.799000E-7	-3.111023E-3
1.800000E-7	-2.194509E-3
1.801000E-7	-1.459585E-3
1.802000E-7	-1.002185E-3
1.803000E-7	-6.184483E-4
1.804000E-7	-1.182202E-4
1.805000E-7	1.010579E-4
1.806000E-7	-1.113677E-4
1.807000E-7	-5.190879E-4
1.808000E-7	-1.288274E-3
1.809000E-7	-2.317853E-3
1.810000E-7	-3.379982E-3
1.811000E-7	-4.474659E-3
1.812000E-7	-4.957756E-3
1.813000E-7	-4.616847E-3
1.814000E-7	-3.744874E-3
1.815000E-7	-2.564541E-3
1.816000E-7	-1.421897E-3
1.817000E-7	-5.602025E-4
1.818000E-7	9.420549E-5
1.819000E-7	2.106970E-4
1.820000E-7	-2.278592E-4
1.821000E-7	-9.336605E-4
1.822000E-7	-1.550380E-3
1.823000E-7	-2.131124E-3
1.824000E-7	-2.908876E-3
1.825000E-7	-3.083614E-3
1.826000E-7	-2.879753E-3
1.827000E-7	-2.646771E-3
1.828000E-7	-2.489164E-3
1.829000E-7	-1.963240E-3
1.830000E-7	-1.272856E-3
1.831000E-7	-5.259403E-4
1.832000E-7	-3.770398E-5
1.833000E-7	3.323278E-4
1.834000E-7	4.471061E-4
1.835000E-7	1.901396E-4
1.836000E-7	-2.484165E-4
1.837000E-7	-9.165294E-4
1.838000E-7	-1.654880E-3
1.839000E-7	-2.322993E-3
1.840000E-7	-2.811229E-3
1.841000E-7	-3.200105E-3
1.842000E-7	-3.289187E-3
1.843000E-7	-2.526853E-3
1.844000E-7	-1.637749E-3
1.845000E-7	-6.972513E-4
1.846000E-7	-4.969575E-5
1.847000E-7	3.306147E-4
1.848000E-7	3.374671E-4
1.849000E-7	-5.483508E-5
1.850000E-7	-6.133089E-4
1.851000E-7	-1.295127E-3
1.852000E-7	-1.903281E-3
1.853000E-7	-2.547410E-3
1.854000E-7	-3.388547E-3
1.855000E-7	-3.383408E-3
1.856000E-7	-3.367990E-3
1.857000E-7	-3.030507E-3
1.858000E-7	-2.439484E-3
1.859000E-7	-1.281422E-3
1.860000E-7	-4.574159E-4
1.861000E-7	-3.256465E-5
1.862000E-7	-2.742532E-5
1.863000E-7	-1.387775E-4
1.864000E-7	-5.396452E-4
1.865000E-7	-1.421897E-3
1.866000E-7	-2.311001E-3
1.867000E-7	-3.160704E-3
1.868000E-7	-3.611251E-3
1.869000E-7	-4.048095E-3
1.870000E-7	-3.863079E-3
1.871000E-7	-3.344006E-3
1.872000E-7	-2.674180E-3
1.873000E-7	-1.850174E-3
1.874000E-7	-1.277996E-3
1.875000E-7	-5.379321E-4
1.876000E-7	2.106970E-4
1.877000E-7	6.835153E-4
1.878000E-7	3.837211E-4
1.879000E-7	-2.398510E-4
1.880000E-7	-1.445880E-3
1.881000E-7	-2.869475E-3
1.882000E-7	-3.923037E-3
1.883000E-7	-4.541470E-3
1.884000E-7	-4.426692E-3
1.885000E-7	-4.022398E-3
1.886000E-7	-3.345719E-3
1.887000E-7	-2.466894E-3
1.888000E-7	-1.461298E-3
1.889000E-7	-6.184483E-4
1.890000E-7	2.054176E-5
1.891000E-7	4.950732E-4
1.892000E-7	7.897282E-4
1.893000E-7	4.059915E-4
1.894000E-7	-5.533501E-4
1.895000E-7	-1.819338E-3
1.896000E-7	-3.128154E-3
1.897000E-7	-4.104627E-3
1.898000E-7	-4.570593E-3
1.899000E-7	-4.375299E-3
1.900000E-7	-3.938455E-3
1.901000E-7	-3.093892E-3
1.902000E-7	-2.007780E-3
1.903000E-7	-7.846199E-4
1.904000E-7	7.878750E-5
1.905000E-7	5.087781E-4
1.906000E-7	5.858681E-4
1.907000E-7	2.004183E-4
1.908000E-7	-6.064565E-4
1.909000E-7	-1.598347E-3
1.910000E-7	-2.717008E-3
1.911000E-7	-3.564997E-3
1.912000E-7	-4.099488E-3
1.913000E-7	-4.221119E-3
1.914000E-7	-3.815112E-3
1.915000E-7	-2.961983E-3
1.916000E-7	-2.103715E-3
1.917000E-7	-1.238594E-3
1.918000E-7	-4.282931E-4
1.919000E-7	3.888604E-4
1.920000E-7	6.218434E-4
1.921000E-7	3.169098E-4
1.922000E-7	-1.798921E-4
1.923000E-7	-9.199556E-4
1.924000E-7	-1.666872E-3
1.925000E-7	-2.514861E-3
1.926000E-7	-3.164130E-3
1.927000E-7	-3.441654E-3
1.928000E-7	-3.410818E-3
1.929000E-7	-2.905450E-3
1.930000E-7	-2.194509E-3
1.931000E-7	-1.327676E-3
1.932000E-7	-5.670550E-4
1.933000E-7	2.346805E-4
1.934000E-7	6.561056E-4
1.935000E-7	7.760233E-4
1.936000E-7	3.905735E-4
1.937000E-7	-3.118016E-4
1.938000E-7	-1.235168E-3
1.939000E-7	-2.283591E-3
1.940000E-7	-3.448506E-3
1.941000E-7	-4.027537E-3
1.942000E-7	-4.209127E-3
1.943000E-7	-4.200561E-3
1.944000E-7	-3.520457E-3
1.945000E-7	-2.460042E-3
1.946000E-7	-1.092980E-3
1.947000E-7	-1.661872E-4
1.948000E-7	3.134836E-4
1.949000E-7	2.021314E-4
1.950000E-7	-4.317193E-4
1.951000E-7	-1.113537E-3
1.952000E-7	-1.990649E-3
1.953000E-7	-2.615935E-3
1.954000E-7	-3.186400E-3
1.955000E-7	-3.415957E-3
1.956000E-7	-3.561571E-3
1.957000E-7	-3.318310E-3
1.958000E-7	-2.984253E-3
1.959000E-7	-2.299009E-3
1.960000E-7	-1.478430E-3
1.961000E-7	-6.047434E-4
1.962000E-7	4.795152E-5
1.963000E-7	2.466723E-4
1.964000E-7	2.225487E-5
1.965000E-7	-4.197275E-4
1.966000E-7	-1.233455E-3
1.967000E-7	-1.910133E-3
1.968000E-7	-2.487451E-3
1.969000E-7	-2.961983E-3
1.970000E-7	-3.208671E-3
1.971000E-7	-3.277195E-3
1.972000E-7	-3.001384E-3
1.973000E-7	-2.811229E-3
1.974000E-7	-2.398370E-3
1.975000E-7	-1.519544E-3
1.976000E-7	-5.225141E-4
1.977000E-7	2.483854E-4
1.978000E-7	5.773025E-4
1.979000E-7	6.835153E-4
1.980000E-7	1.147628E-4
1.981000E-7	-6.612760E-4
1.982000E-7	-1.728544E-3
1.983000E-7	-2.473746E-3
1.984000E-7	-2.984253E-3
1.985000E-7	-3.052778E-3
1.986000E-7	-2.497730E-3
1.987000E-7	-1.810773E-3
1.988000E-7	-1.080988E-3
1.989000E-7	-5.858992E-4
1.990000E-7	-1.284988E-4
1.991000E-7	3.528851E-4
1.992000E-7	5.241961E-4
1.993000E-7	5.070650E-4
1.994000E-7	9.420549E-5
1.995000E-7	-7.400791E-4
1.996000E-7	-1.689142E-3
1.997000E-7	-2.425779E-3
1.998000E-7	-3.179548E-3
1.999000E-7	-3.660932E-3
2.000000E-7	-3.547866E-3
2.001000E-7	-2.811229E-3
