Study Name	Tungsten_Calibration
Sample Name	2024-10-02
Run Name	baseline
Operator	Elena
Date	10/2/2024
Time	14:02
Sign	FIX
Grating Spacing	03.40um
Channel	3
Number Traces	2000
Files in Batch	6
Batch Number	6
dt	100.000001E-12
time stamp (ms)	2:03:04 PM
	
Time	Amplitude
0.000000E+0	-1.456174E-3
1.000000E-10	-1.627485E-3
2.000000E-10	-1.704575E-3
3.000000E-10	-2.523442E-3
4.000000E-10	-2.893474E-3
5.000000E-10	-3.840823E-3
6.000000E-10	-4.938927E-3
7.000000E-10	-5.266131E-3
8.000000E-10	-5.689269E-3
9.000000E-10	-5.010878E-3
1.000000E-9	-4.250257E-3
1.100000E-9	-4.041257E-3
1.200000E-9	-2.360696E-3
1.300000E-9	-1.159806E-3
1.400000E-9	-3.086673E-5
1.500000E-9	-4.916933E-4
1.600000E-9	-5.687833E-4
1.700000E-9	-3.460790E-4
1.800000E-9	-1.576092E-3
1.900000E-9	-3.181276E-3
2.000000E-9	-4.262248E-3
2.100000E-9	-5.466565E-3
2.200000E-9	-5.516245E-3
2.300000E-9	-5.944522E-3
2.400000E-9	-4.323920E-3
2.500000E-9	-3.544455E-3
2.600000E-9	-2.636507E-3
2.700000E-9	-1.610354E-3
2.800000E-9	-1.327691E-3
2.900000E-9	-9.165446E-4
3.000000E-9	-4.934064E-4
3.100000E-9	-5.499391E-4
3.200000E-9	-1.475018E-3
3.300000E-9	-3.337169E-3
3.400000E-9	-4.558616E-3
3.500000E-9	-5.322664E-3
3.600000E-9	-6.465308E-3
3.700000E-9	-6.093563E-3
3.800000E-9	-4.822435E-3
3.900000E-9	-3.674652E-3
4.000000E-9	-2.665630E-3
4.100000E-9	-1.564100E-3
4.200000E-9	-8.291760E-4
4.300000E-9	-1.187216E-3
4.400000E-9	-9.713641E-4
4.500000E-9	-5.567915E-4
4.600000E-9	-1.118692E-3
4.700000E-9	-1.853616E-3
4.800000E-9	-3.316612E-3
4.900000E-9	-5.062271E-3
5.000000E-9	-5.118803E-3
5.100000E-9	-5.183902E-3
5.200000E-9	-5.362065E-3
5.300000E-9	-4.424994E-3
5.400000E-9	-3.522185E-3
5.500000E-9	-2.083173E-3
5.600000E-9	-1.086142E-3
5.700000E-9	-1.030941E-5
5.800000E-9	-4.265951E-4
5.900000E-9	-5.173900E-4
6.000000E-9	-9.456675E-4
6.100000E-9	-1.786804E-3
6.200000E-9	-3.239522E-3
6.300000E-9	-4.625428E-3
6.400000E-9	-5.793769E-3
6.500000E-9	-5.735523E-3
6.600000E-9	-5.163344E-3
6.700000E-9	-4.289658E-3
6.800000E-9	-4.039544E-3
6.900000E-9	-3.369718E-3
7.000000E-9	-2.441213E-3
7.100000E-9	-2.069468E-3
7.200000E-9	-1.666887E-3
7.300000E-9	-1.156380E-3
7.400000E-9	-8.994135E-4
7.500000E-9	-1.062159E-3
7.600000E-9	-1.529838E-3
7.700000E-9	-3.520472E-3
7.800000E-9	-5.021156E-3
7.900000E-9	-5.966793E-3
8.000000E-9	-5.367204E-3
8.100000E-9	-5.113664E-3
8.200000E-9	-3.902495E-3
8.300000E-9	-3.254940E-3
8.400000E-9	-1.841624E-3
8.500000E-9	-6.047586E-4
8.600000E-9	3.251834E-5
8.700000E-9	1.710035E-5
8.800000E-9	-6.852748E-4
8.900000E-9	-1.158093E-3
9.000000E-9	-1.750829E-3
9.100000E-9	-3.078489E-3
9.200000E-9	-4.570608E-3
9.300000E-9	-6.013047E-3
9.400000E-9	-5.917113E-3
9.500000E-9	-4.697378E-3
9.600000E-9	-3.873372E-3
9.700000E-9	-3.811701E-3
9.800000E-9	-3.304620E-3
9.900000E-9	-1.913575E-3
1.000000E-8	-8.291760E-4
1.010000E-8	-3.974723E-4
1.020000E-8	-1.605215E-3
1.030000E-8	-6.852748E-4
1.040000E-8	-1.262593E-3
1.050000E-8	-2.072894E-3
1.060000E-8	-3.712340E-3
1.070000E-8	-4.964624E-3
1.080000E-8	-5.216451E-3
1.090000E-8	-4.620288E-3
1.100000E-8	-4.990320E-3
1.110000E-8	-4.339338E-3
1.120000E-8	-3.107612E-3
1.130000E-8	-1.884452E-3
1.140000E-8	-1.074151E-3
1.150000E-8	-7.126845E-4
1.160000E-8	-8.531595E-4
1.170000E-8	-1.039889E-3
1.180000E-8	-9.405281E-4
1.190000E-8	-1.622346E-3
1.200000E-8	-3.573578E-3
1.210000E-8	-5.177049E-3
1.220000E-8	-5.987350E-3
1.230000E-8	-5.278123E-3
1.240000E-8	-4.870403E-3
1.250000E-8	-3.482783E-3
1.260000E-8	-3.116178E-3
1.270000E-8	-2.955146E-3
1.280000E-8	-2.059189E-3
1.290000E-8	-1.423625E-3
1.300000E-8	-1.641190E-3
1.310000E-8	-1.430478E-3
1.320000E-8	-1.603502E-3
1.330000E-8	-1.680592E-3
1.340000E-8	-2.550852E-3
1.350000E-8	-4.507223E-3
1.360000E-8	-5.908547E-3
1.370000E-8	-6.153522E-3
1.380000E-8	-7.313297E-3
1.390000E-8	-5.473417E-3
1.400000E-8	-4.358183E-3
1.410000E-8	-2.770130E-3
1.420000E-8	-1.684018E-3
1.430000E-8	-4.728491E-4
1.440000E-8	-5.773488E-4
1.450000E-8	-1.425338E-3
1.460000E-8	-1.404781E-3
1.470000E-8	-1.634338E-3
1.480000E-8	-2.585114E-3
1.490000E-8	-3.762020E-3
1.500000E-8	-5.163344E-3
1.510000E-8	-5.925678E-3
1.520000E-8	-5.689269E-3
1.530000E-8	-5.031435E-3
1.540000E-8	-3.772299E-3
1.550000E-8	-3.744889E-3
1.560000E-8	-2.681048E-3
1.570000E-8	-1.779952E-3
1.580000E-8	-1.942697E-3
1.590000E-8	-1.937558E-3
1.600000E-8	-2.045484E-3
1.610000E-8	-2.213369E-3
1.620000E-8	-2.878056E-3
1.630000E-8	-3.525611E-3
1.640000E-8	-4.791599E-3
1.650000E-8	-5.245574E-3
1.660000E-8	-4.938927E-3
1.670000E-8	-4.788173E-3
1.680000E-8	-4.106355E-3
1.690000E-8	-3.604414E-3
1.700000E-8	-2.898613E-3
1.710000E-8	-1.627485E-3
1.720000E-8	-1.000487E-3
1.730000E-8	-1.391076E-3
1.740000E-8	-1.301994E-3
1.750000E-8	-1.740551E-3
1.760000E-8	-1.668600E-3
1.770000E-8	-2.696466E-3
1.780000E-8	-4.753911E-3
1.790000E-8	-5.737236E-3
1.800000E-8	-5.288401E-3
1.810000E-8	-5.507679E-3
1.820000E-8	-5.082828E-3
1.830000E-8	-5.113664E-3
1.840000E-8	-4.065241E-3
1.850000E-8	-2.869490E-3
1.860000E-8	-1.803936E-3
1.870000E-8	-1.391076E-3
1.880000E-8	-1.385937E-3
1.890000E-8	-9.953477E-4
1.900000E-8	-1.709715E-3
1.910000E-8	-2.710171E-3
1.920000E-8	-3.936758E-3
1.930000E-8	-5.144500E-3
1.940000E-8	-6.216907E-3
1.950000E-8	-5.860580E-3
1.960000E-8	-5.415171E-3
1.970000E-8	-4.092651E-3
1.980000E-8	-3.912774E-3
1.990000E-8	-2.838654E-3
2.000000E-8	-1.723419E-3
2.010000E-8	-1.062159E-3
2.020000E-8	-1.036462E-3
2.030000E-8	-5.790619E-4
2.040000E-8	1.575754E-4
2.050000E-8	-1.096421E-3
2.060000E-8	-2.758138E-3
2.070000E-8	-4.598018E-3
2.080000E-8	-5.408319E-3
2.090000E-8	-5.901695E-3
2.100000E-8	-6.379652E-3
2.110000E-8	-5.526524E-3
2.120000E-8	-4.993746E-3
2.130000E-8	-3.760307E-3
2.140000E-8	-2.389819E-3
2.150000E-8	-1.581231E-3
2.160000E-8	-1.197495E-3
2.170000E-8	-1.046741E-3
2.180000E-8	-1.185503E-3
2.190000E-8	-1.696010E-3
2.200000E-8	-2.062615E-3
2.210000E-8	-2.823236E-3
2.220000E-8	-4.798452E-3
2.230000E-8	-5.382622E-3
2.240000E-8	-5.221590E-3
2.250000E-8	-5.437442E-3
2.260000E-8	-4.126913E-3
2.270000E-8	-3.417685E-3
2.280000E-8	-2.179107E-3
2.290000E-8	-8.737169E-4
2.300000E-8	-6.855515E-5
2.310000E-8	-3.255217E-4
2.320000E-8	9.076408E-5
2.330000E-8	-2.518579E-4
2.340000E-8	-4.300214E-4
2.350000E-8	-2.746146E-3
2.360000E-8	-4.061815E-3
2.370000E-8	-5.415171E-3
2.380000E-8	-6.547537E-3
2.390000E-8	-6.108981E-3
2.400000E-8	-4.356470E-3
2.410000E-8	-3.455374E-3
2.420000E-8	-2.170541E-3
2.430000E-8	-1.608641E-3
2.440000E-8	-2.175957E-4
2.450000E-8	-6.921272E-4
2.460000E-8	-5.704964E-4
2.470000E-8	-8.874217E-4
2.480000E-8	-1.505854E-3
2.490000E-8	-1.898157E-3
2.500000E-8	-3.789430E-3
2.510000E-8	-4.940640E-3
2.520000E-8	-5.593335E-3
2.530000E-8	-5.744089E-3
2.540000E-8	-5.344934E-3
2.550000E-8	-4.490092E-3
2.560000E-8	-3.463939E-3
2.570000E-8	-2.173967E-3
2.580000E-8	-1.514420E-3
2.590000E-8	-1.050167E-3
2.600000E-8	-1.793657E-3
2.610000E-8	-1.875886E-3
2.620000E-8	-2.276754E-3
2.630000E-8	-2.331573E-3
2.640000E-8	-3.150440E-3
2.650000E-8	-5.005738E-3
2.660000E-8	-5.959940E-3
2.670000E-8	-5.744089E-3
2.680000E-8	-5.975358E-3
2.690000E-8	-5.087967E-3
2.700000E-8	-3.974446E-3
2.710000E-8	-2.456631E-3
2.720000E-8	-1.617207E-3
2.730000E-8	-9.045528E-4
2.740000E-8	-1.187216E-3
2.750000E-8	-1.269445E-3
2.760000E-8	-1.075864E-3
2.770000E-8	-1.301994E-3
2.780000E-8	-2.155123E-3
2.790000E-8	-4.030979E-3
2.800000E-8	-5.163344E-3
2.810000E-8	-6.652037E-3
2.820000E-8	-5.864006E-3
2.830000E-8	-5.932531E-3
2.840000E-8	-4.604870E-3
2.850000E-8	-2.746146E-3
2.860000E-8	-1.038175E-3
2.870000E-8	-6.578650E-4
2.880000E-8	-3.563576E-4
2.890000E-8	-5.807750E-4
2.900000E-8	-6.989796E-4
2.910000E-8	-1.516133E-3
2.920000E-8	-2.593679E-3
2.930000E-8	-4.839567E-3
2.940000E-8	-6.081571E-3
2.950000E-8	-5.975358E-3
2.960000E-8	-6.011334E-3
2.970000E-8	-5.290114E-3
2.980000E-8	-4.176593E-3
2.990000E-8	-3.588996E-3
3.000000E-8	-2.641646E-3
3.010000E-8	-9.508068E-4
3.020000E-8	-4.437262E-4
3.030000E-8	-1.086142E-3
3.040000E-8	-8.891348E-4
3.050000E-8	-8.291760E-4
3.060000E-8	-1.656608E-3
3.070000E-8	-2.888334E-3
3.080000E-8	-4.500371E-3
3.090000E-8	-5.565925E-3
3.100000E-8	-5.435729E-3
3.110000E-8	-5.529950E-3
3.120000E-8	-5.065697E-3
3.130000E-8	-3.803135E-3
3.140000E-8	-2.835228E-3
3.150000E-8	-1.678879E-3
3.160000E-8	-1.108413E-3
3.170000E-8	-1.003913E-3
3.180000E-8	-8.925611E-4
3.190000E-8	-7.281025E-4
3.200000E-8	-1.822780E-3
3.210000E-8	-3.117891E-3
3.220000E-8	-4.289658E-3
3.230000E-8	-5.716679E-3
3.240000E-8	-6.893585E-3
3.250000E-8	-6.735979E-3
3.260000E-8	-5.636163E-3
3.270000E-8	-3.899069E-3
3.280000E-8	-2.650212E-3
3.290000E-8	-1.714854E-3
3.300000E-8	-9.456675E-4
3.310000E-8	2.672144E-4
3.320000E-8	3.631486E-4
3.330000E-8	-3.135299E-4
3.340000E-8	-9.919214E-4
3.350000E-8	-1.899870E-3
3.360000E-8	-2.643359E-3
3.370000E-8	-4.633993E-3
3.380000E-8	-5.586482E-3
3.390000E-8	-5.516245E-3
3.400000E-8	-5.805761E-3
3.410000E-8	-4.723075E-3
3.420000E-8	-3.616406E-3
3.430000E-8	-2.461770E-3
3.440000E-8	-1.564100E-3
3.450000E-8	-1.060446E-3
3.460000E-8	-1.159806E-3
3.470000E-8	-2.107156E-3
3.480000E-8	-1.355101E-3
3.490000E-8	-1.812501E-3
3.500000E-8	-3.090481E-3
3.510000E-8	-4.121773E-3
3.520000E-8	-5.252426E-3
3.530000E-8	-5.588196E-3
3.540000E-8	-5.677277E-3
3.550000E-8	-5.053705E-3
3.560000E-8	-4.020700E-3
3.570000E-8	-2.641646E-3
3.580000E-8	-1.618920E-3
3.590000E-8	-1.255740E-3
3.600000E-8	-1.164946E-3
3.610000E-8	-8.788562E-4
3.620000E-8	-1.310560E-3
3.630000E-8	-2.415516E-3
3.640000E-8	-2.953432E-3
3.650000E-8	-3.815127E-3
3.660000E-8	-4.443838E-3
3.670000E-8	-5.094820E-3
3.680000E-8	-5.816039E-3
3.690000E-8	-5.262705E-3
3.700000E-8	-5.192467E-3
3.710000E-8	-4.805304E-3
3.720000E-8	-3.549595E-3
3.730000E-8	-2.000943E-3
3.740000E-8	-7.777827E-4
3.750000E-8	-1.072438E-3
3.760000E-8	-9.302495E-4
3.770000E-8	-1.218052E-3
3.780000E-8	-2.251057E-3
3.790000E-8	-3.578718E-3
3.800000E-8	-5.115377E-3
3.810000E-8	-5.622458E-3
3.820000E-8	-5.836597E-3
3.830000E-8	-5.401467E-3
3.840000E-8	-4.762477E-3
3.850000E-8	-4.000143E-3
3.860000E-8	-3.379997E-3
3.870000E-8	-2.112295E-3
3.880000E-8	-7.709303E-4
3.890000E-8	-7.555123E-4
3.900000E-8	-7.400943E-4
3.910000E-8	-9.251102E-4
3.920000E-8	-1.560674E-3
3.930000E-8	-2.331573E-3
3.940000E-8	-3.445095E-3
3.950000E-8	-4.613436E-3
3.960000E-8	-5.326090E-3
3.970000E-8	-5.612179E-3
3.980000E-8	-5.000599E-3
3.990000E-8	-4.543198E-3
4.000000E-8	-3.535890E-3
4.010000E-8	-1.475018E-3
4.020000E-8	-6.047586E-4
4.030000E-8	-2.655628E-4
4.040000E-8	-9.576592E-4
4.050000E-8	-1.255740E-3
4.060000E-8	-1.636051E-3
4.070000E-8	-2.225361E-3
4.080000E-8	-3.304620E-3
4.090000E-8	-4.556903E-3
4.100000E-8	-5.099959E-3
4.110000E-8	-5.283262E-3
4.120000E-8	-5.648154E-3
4.130000E-8	-4.760763E-3
4.140000E-8	-3.861381E-3
4.150000E-8	-2.938014E-3
4.160000E-8	-2.143131E-3
4.170000E-8	-1.346535E-3
4.180000E-8	-1.337970E-3
4.190000E-8	-1.305421E-3
4.200000E-8	-1.226618E-3
4.210000E-8	-8.257498E-4
4.220000E-8	-1.658321E-3
4.230000E-8	-4.099503E-3
4.240000E-8	-5.398040E-3
4.250000E-8	-6.129538E-3
4.260000E-8	-5.730384E-3
4.270000E-8	-5.069123E-3
4.280000E-8	-4.138905E-3
4.290000E-8	-3.475931E-3
4.300000E-8	-1.504141E-3
4.310000E-8	-4.043247E-4
4.320000E-8	6.506743E-5
4.330000E-8	-9.902083E-4
4.340000E-8	-9.490937E-4
4.350000E-8	-1.331117E-3
4.360000E-8	-2.607384E-3
4.370000E-8	-4.562043E-3
4.380000E-8	-6.194637E-3
4.390000E-8	-6.938126E-3
4.400000E-8	-6.826774E-3
4.410000E-8	-6.018186E-3
4.420000E-8	-4.829288E-3
4.430000E-8	-3.359439E-3
4.440000E-8	-1.373945E-3
4.450000E-8	3.937078E-5
4.460000E-8	9.747288E-4
4.470000E-8	4.436647E-4
4.480000E-8	-1.045305E-4
4.490000E-8	1.538724E-5
4.500000E-8	-1.493863E-3
4.510000E-8	-2.622802E-3
4.520000E-8	-4.339338E-3
4.530000E-8	-5.063984E-3
4.540000E-8	-5.685843E-3
4.550000E-8	-5.019443E-3
4.560000E-8	-4.962910E-3
4.570000E-8	-3.602701E-3
4.580000E-8	-2.571409E-3
4.590000E-8	-1.572666E-3
4.600000E-8	-6.732830E-4
4.610000E-8	-9.045528E-4
4.620000E-8	-1.017618E-3
4.630000E-8	-1.677165E-3
4.640000E-8	-1.803936E-3
4.650000E-8	-2.607384E-3
4.660000E-8	-4.061815E-3
4.670000E-8	-4.515789E-3
4.680000E-8	-5.929104E-3
4.690000E-8	-5.329516E-3
4.700000E-8	-4.974902E-3
4.710000E-8	-3.897356E-3
4.720000E-8	-3.403980E-3
4.730000E-8	-2.645073E-3
4.740000E-8	-1.452748E-3
4.750000E-8	-8.668644E-4
4.760000E-8	-1.123831E-3
4.770000E-8	-1.069011E-3
4.780000E-8	-1.002200E-3
4.790000E-8	-1.469879E-3
4.800000E-8	-3.129883E-3
4.810000E-8	-4.841280E-3
4.820000E-8	-5.874285E-3
4.830000E-8	-6.525267E-3
4.840000E-8	-5.461425E-3
4.850000E-8	-5.170197E-3
4.860000E-8	-4.651124E-3
4.870000E-8	-3.443382E-3
4.880000E-8	-1.521272E-3
4.890000E-8	-5.602177E-4
4.900000E-8	-8.925611E-4
4.910000E-8	-1.221478E-3
4.920000E-8	-1.149528E-3
4.930000E-8	-2.136279E-3
4.940000E-8	-2.893474E-3
4.950000E-8	-4.084085E-3
4.960000E-8	-5.728671E-3
4.970000E-8	-6.434472E-3
4.980000E-8	-6.038744E-3
4.990000E-8	-5.024582E-3
5.000000E-8	-3.566726E-3
5.010000E-8	-2.718736E-3
5.020000E-8	-8.291760E-4
5.030000E-8	-3.752018E-4
5.040000E-8	-4.659967E-4
5.050000E-8	-1.204347E-3
5.060000E-8	-6.818485E-4
5.070000E-8	-1.800509E-3
5.080000E-8	-2.525155E-3
5.090000E-8	-4.025839E-3
5.100000E-8	-5.651581E-3
5.110000E-8	-5.740662E-3
5.120000E-8	-6.177505E-3
5.130000E-8	-6.372800E-3
5.140000E-8	-5.759507E-3
5.150000E-8	-4.697378E-3
5.160000E-8	-3.621545E-3
5.170000E-8	-1.769673E-3
5.180000E-8	-5.687833E-4
5.190000E-8	-8.086187E-4
5.200000E-8	-1.406494E-3
5.210000E-8	-1.493863E-3
5.220000E-8	-2.523442E-3
5.230000E-8	-3.857954E-3
5.240000E-8	-5.250713E-3
5.250000E-8	-5.927391E-3
5.260000E-8	-5.795482E-3
5.270000E-8	-5.500827E-3
5.280000E-8	-4.819009E-3
5.290000E-8	-4.233126E-3
5.300000E-8	-2.987695E-3
5.310000E-8	-1.384224E-3
5.320000E-8	-6.047586E-4
5.330000E-8	-2.261613E-4
5.340000E-8	-5.036851E-4
5.350000E-8	-8.308891E-4
5.360000E-8	-6.852748E-4
5.370000E-8	-8.771431E-4
5.380000E-8	-2.764990E-3
5.390000E-8	-4.574034E-3
5.400000E-8	-5.492261E-3
5.410000E-8	-5.290114E-3
5.420000E-8	-5.822892E-3
5.430000E-8	-5.447721E-3
5.440000E-8	-4.503797E-3
5.450000E-8	-3.280636E-3
5.460000E-8	-1.464740E-3
5.470000E-8	-9.559461E-4
5.480000E-8	-1.260880E-3
5.490000E-8	-1.290003E-3
5.500000E-8	-4.522918E-4
5.510000E-8	-1.257453E-3
5.520000E-8	-2.227074E-3
5.530000E-8	-3.450234E-3
5.540000E-8	-5.295254E-3
5.550000E-8	-5.923965E-3
5.560000E-8	-5.312385E-3
5.570000E-8	-4.574034E-3
5.580000E-8	-3.760307E-3
5.590000E-8	-3.064785E-3
5.600000E-8	-1.478445E-3
5.610000E-8	-4.797016E-4
5.620000E-8	-8.548726E-4
5.630000E-8	-2.895463E-4
5.640000E-8	-7.709303E-4
5.650000E-8	-1.872460E-3
5.660000E-8	-3.114465E-3
5.670000E-8	-4.779608E-3
5.680000E-8	-5.951375E-3
5.690000E-8	-6.691438E-3
5.700000E-8	-5.937670E-3
5.710000E-8	-5.572778E-3
5.720000E-8	-4.699092E-3
5.730000E-8	-3.993290E-3
5.740000E-8	-2.208230E-3
5.750000E-8	-1.139249E-3
5.760000E-8	1.986900E-4
5.770000E-8	-4.457161E-5
5.780000E-8	-3.118168E-4
5.790000E-8	-3.871936E-4
5.800000E-8	-2.004369E-3
5.810000E-8	-3.580431E-3
5.820000E-8	-5.163344E-3
5.830000E-8	-6.487578E-3
5.840000E-8	-6.597217E-3
5.850000E-8	-6.249456E-3
5.860000E-8	-4.976615E-3
5.870000E-8	-4.380453E-3
5.880000E-8	-2.191098E-3
5.890000E-8	-1.557248E-3
5.900000E-8	-9.696510E-4
5.910000E-8	-5.722095E-4
5.920000E-8	-6.732830E-4
5.930000E-8	-3.460790E-4
5.940000E-8	-1.159806E-3
5.950000E-8	-2.220221E-3
5.960000E-8	-3.897356E-3
5.970000E-8	-5.613892E-3
5.980000E-8	-6.840479E-3
5.990000E-8	-6.770242E-3
6.000000E-8	-5.963367E-3
6.010000E-8	-4.882394E-3
6.020000E-8	-2.999686E-3
6.030000E-8	-1.221478E-3
6.040000E-8	2.997635E-4
6.050000E-8	-4.574311E-4
6.060000E-8	-1.320839E-3
6.070000E-8	-1.891304E-3
6.080000E-8	-2.492606E-3
6.090000E-8	-2.677622E-3
6.100000E-8	-3.453661E-3
6.110000E-8	-4.445551E-3
6.120000E-8	-5.552220E-3
6.130000E-8	-5.706400E-3
6.140000E-8	-4.620288E-3
6.150000E-8	-4.227986E-3
6.160000E-8	-3.534177E-3
6.170000E-8	-2.482327E-3
6.180000E-8	-1.824493E-3
6.190000E-8	-8.582989E-4
6.200000E-8	-1.190642E-3
6.210000E-8	-3.871936E-4
6.220000E-8	-3.769150E-4
6.230000E-8	-9.525199E-4
6.240000E-8	-1.985525E-3
6.250000E-8	-3.681504E-3
6.260000E-8	-4.954345E-3
6.270000E-8	-4.858411E-3
6.280000E-8	-4.402723E-3
6.290000E-8	-3.804848E-3
6.300000E-8	-3.974446E-3
6.310000E-8	-3.229243E-3
6.320000E-8	-1.254027E-3
6.330000E-8	-8.137580E-4
6.340000E-8	-2.432924E-4
6.350000E-8	1.301656E-4
6.360000E-8	2.398047E-4
6.370000E-8	-5.567915E-4
6.380000E-8	-1.589797E-3
6.390000E-8	-3.566726E-3
6.400000E-8	-5.130795E-3
6.410000E-8	-6.725701E-3
6.420000E-8	-6.660602E-3
6.430000E-8	-5.101672E-3
6.440000E-8	-4.378740E-3
6.450000E-8	-3.717479E-3
6.460000E-8	-2.677622E-3
6.470000E-8	-1.077577E-3
6.480000E-8	-4.985458E-4
6.490000E-8	-8.394547E-4
6.500000E-8	-1.430478E-3
6.510000E-8	-1.833058E-3
6.520000E-8	-2.115722E-3
6.530000E-8	-3.033949E-3
6.540000E-8	-4.668256E-3
6.550000E-8	-5.975358E-3
6.560000E-8	-6.383079E-3
6.570000E-8	-5.158205E-3
6.580000E-8	-4.078946E-3
6.590000E-8	-4.054962E-3
6.600000E-8	-2.299024E-3
6.610000E-8	-9.867821E-4
6.620000E-8	-1.062436E-4
6.630000E-8	-2.572740E-5
6.640000E-8	-5.485027E-5
6.650000E-8	5.224678E-4
6.660000E-8	-7.366681E-4
6.670000E-8	-2.631368E-3
6.680000E-8	-4.546625E-3
6.690000E-8	-6.033604E-3
6.700000E-8	-7.224216E-3
6.710000E-8	-6.915856E-3
6.720000E-8	-5.684130E-3
6.730000E-8	-4.724788E-3
6.740000E-8	-4.270814E-3
6.750000E-8	-2.340139E-3
6.760000E-8	-9.919214E-4
6.770000E-8	-8.911247E-5
6.780000E-8	9.932963E-5
6.790000E-8	3.991239E-4
6.800000E-8	-5.156769E-4
6.810000E-8	-1.154667E-3
6.820000E-8	-2.545712E-3
6.830000E-8	-4.156036E-3
6.840000E-8	-5.415171E-3
6.850000E-8	-5.514532E-3
6.860000E-8	-5.170197E-3
6.870000E-8	-3.878512E-3
6.880000E-8	-3.073350E-3
6.890000E-8	-2.718736E-3
6.900000E-8	-1.081003E-3
6.910000E-8	-9.816428E-4
6.920000E-8	-2.220221E-3
6.930000E-8	-1.747403E-3
6.940000E-8	-1.399642E-3
6.950000E-8	-1.684018E-3
6.960000E-8	-2.326434E-3
6.970000E-8	-4.329060E-3
6.980000E-8	-5.182189E-3
6.990000E-8	-5.569351E-3
7.000000E-8	-4.822435E-3
7.010000E-8	-3.945323E-3
7.020000E-8	-3.486210E-3
7.030000E-8	-2.687900E-3
7.040000E-8	-1.762821E-3
7.050000E-8	-1.027897E-3
7.060000E-8	-9.987739E-4
7.070000E-8	-1.819354E-3
7.080000E-8	-1.879312E-3
7.090000E-8	-2.295598E-3
7.100000E-8	-2.648499E-3
7.110000E-8	-4.065241E-3
7.120000E-8	-5.296967E-3
7.130000E-8	-5.702974E-3
7.140000E-8	-5.427163E-3
7.150000E-8	-5.284975E-3
7.160000E-8	-4.068667E-3
7.170000E-8	-3.217251E-3
7.180000E-8	-1.629198E-3
7.190000E-8	-5.670702E-4
7.200000E-8	-8.685775E-4
7.210000E-8	-9.319626E-4
7.220000E-8	-1.315699E-3
7.230000E-8	-1.980386E-3
7.240000E-8	-1.939271E-3
7.250000E-8	-2.379541E-3
7.260000E-8	-4.337625E-3
7.270000E-8	-5.103385E-3
7.280000E-8	-6.018186E-3
7.290000E-8	-6.208341E-3
7.300000E-8	-5.780064E-3
7.310000E-8	-4.366748E-3
7.320000E-8	-3.738037E-3
7.330000E-8	-2.103730E-3
7.340000E-8	-9.251102E-4
7.350000E-8	-2.158826E-4
7.360000E-8	4.830663E-4
7.370000E-8	-4.628472E-5
7.380000E-8	-1.199208E-3
7.390000E-8	-1.935845E-3
7.400000E-8	-3.366292E-3
7.410000E-8	-4.298224E-3
7.420000E-8	-5.017730E-3
7.430000E-8	-4.760763E-3
7.440000E-8	-4.808731E-3
7.450000E-8	-5.117090E-3
7.460000E-8	-4.089224E-3
7.470000E-8	-2.752999E-3
7.480000E-8	-1.421912E-3
7.490000E-8	-6.424470E-4
7.500000E-8	-5.019720E-4
7.510000E-8	-8.600120E-4
7.520000E-8	-1.164946E-3
7.530000E-8	-1.608641E-3
7.540000E-8	-3.100760E-3
7.550000E-8	-4.776181E-3
7.560000E-8	-5.363778E-3
7.570000E-8	-5.339795E-3
7.580000E-8	-5.281549E-3
7.590000E-8	-4.801878E-3
7.600000E-8	-3.654094E-3
7.610000E-8	-3.676365E-3
7.620000E-8	-2.203090E-3
7.630000E-8	-1.385937E-3
7.640000E-8	-8.582989E-4
7.650000E-8	-1.310560E-3
7.660000E-8	-1.257453E-3
7.670000E-8	-1.833058E-3
7.680000E-8	-1.964968E-3
7.690000E-8	-3.494775E-3
7.700000E-8	-5.497401E-3
7.710000E-8	-6.646898E-3
7.720000E-8	-6.210055E-3
7.730000E-8	-6.338538E-3
7.740000E-8	-5.915400E-3
7.750000E-8	-4.937214E-3
7.760000E-8	-3.051080E-3
7.770000E-8	-1.218052E-3
7.780000E-8	-9.131184E-4
7.790000E-8	-1.353388E-3
7.800000E-8	-7.281025E-4
7.810000E-8	-1.031323E-3
7.820000E-8	-1.355101E-3
7.830000E-8	-3.527324E-3
7.840000E-8	-4.510649E-3
7.850000E-8	-5.882851E-3
7.860000E-8	-6.114120E-3
7.870000E-8	-5.697835E-3
7.880000E-8	-4.899525E-3
7.890000E-8	-4.311929E-3
7.900000E-8	-3.284063E-3
7.910000E-8	-1.457887E-3
7.920000E-8	-1.122118E-3
7.930000E-8	-1.065585E-3
7.940000E-8	-9.165446E-4
7.950000E-8	-1.199208E-3
7.960000E-8	-1.182077E-3
7.970000E-8	-2.429221E-3
7.980000E-8	-4.173167E-3
7.990000E-8	-4.956058E-3
8.000000E-8	-5.653294E-3
8.010000E-8	-5.737236E-3
8.020000E-8	-5.111951E-3
8.030000E-8	-4.887534E-3
8.040000E-8	-3.578718E-3
8.050000E-8	-1.779952E-3
8.060000E-8	-7.777827E-4
8.070000E-8	-1.392789E-3
8.080000E-8	-1.881026E-3
8.090000E-8	-1.367093E-3
8.100000E-8	-1.661747E-3
8.110000E-8	-2.312729E-3
8.120000E-8	-3.114465E-3
8.130000E-8	-4.942353E-3
8.140000E-8	-4.836140E-3
8.150000E-8	-5.130795E-3
8.160000E-8	-4.502084E-3
8.170000E-8	-4.354756E-3
8.180000E-8	-4.675108E-3
8.190000E-8	-3.282350E-3
8.200000E-8	-1.766247E-3
8.210000E-8	-1.149528E-3
8.220000E-8	-1.147814E-3
8.230000E-8	-1.019331E-3
8.240000E-8	-2.295598E-3
8.250000E-8	-2.585114E-3
8.260000E-8	-3.643816E-3
8.270000E-8	-4.688813E-3
8.280000E-8	-5.701261E-3
8.290000E-8	-5.762933E-3
8.300000E-8	-5.728671E-3
8.310000E-8	-5.331229E-3
8.320000E-8	-5.267844E-3
8.330000E-8	-4.018987E-3
8.340000E-8	-2.699892E-3
8.350000E-8	-1.824493E-3
8.360000E-8	-1.737124E-3
8.370000E-8	-1.790231E-3
8.380000E-8	-1.992378E-3
8.390000E-8	-2.168828E-3
8.400000E-8	-3.398841E-3
8.410000E-8	-4.582600E-3
8.420000E-8	-6.168940E-3
8.430000E-8	-6.261448E-3
8.440000E-8	-5.533376E-3
8.450000E-8	-5.063984E-3
8.460000E-8	-5.271270E-3
8.470000E-8	-4.363322E-3
8.480000E-8	-2.057476E-3
8.490000E-8	-7.435205E-4
8.500000E-8	-2.552841E-4
8.510000E-8	-6.989796E-4
8.520000E-8	-2.689890E-4
8.530000E-8	-1.805649E-3
8.540000E-8	-2.400098E-3
8.550000E-8	-3.777438E-3
8.560000E-8	-5.106812E-3
8.570000E-8	-6.114120E-3
8.580000E-8	-6.084998E-3
8.590000E-8	-5.620745E-3
8.600000E-8	-3.638676E-3
8.610000E-8	-3.496488E-3
8.620000E-8	-2.288746E-3
8.630000E-8	-1.055307E-3
8.640000E-8	-8.911247E-5
8.650000E-8	-6.030455E-4
8.660000E-8	-7.914876E-4
8.670000E-8	-1.077577E-3
8.680000E-8	-1.570953E-3
8.690000E-8	-2.657064E-3
8.700000E-8	-4.257109E-3
8.710000E-8	-5.260992E-3
8.720000E-8	-5.240434E-3
8.730000E-8	-5.403180E-3
8.740000E-8	-4.980042E-3
8.750000E-8	-3.959028E-3
8.760000E-8	-2.369262E-3
8.770000E-8	-1.644616E-3
8.780000E-8	-9.199708E-4
8.790000E-8	-1.178650E-3
8.800000E-8	-1.123831E-3
8.810000E-8	-1.625772E-3
8.820000E-8	-1.829632E-3
8.830000E-8	-2.610810E-3
8.840000E-8	-3.959028E-3
8.850000E-8	-5.278123E-3
8.860000E-8	-6.244317E-3
8.870000E-8	-5.492261E-3
8.880000E-8	-4.839567E-3
8.890000E-8	-3.549595E-3
8.900000E-8	-2.711884E-3
8.910000E-8	-1.034749E-3
8.920000E-8	2.432309E-4
8.930000E-8	1.969769E-4
8.940000E-8	1.884114E-4
8.950000E-8	-3.666363E-4
8.960000E-8	-4.865540E-4
8.970000E-8	-2.199664E-3
8.980000E-8	-4.147470E-3
8.990000E-8	-5.442581E-3
9.000000E-8	-6.119260E-3
9.010000E-8	-6.624627E-3
9.020000E-8	-5.338082E-3
9.030000E-8	-4.054962E-3
9.040000E-8	-3.337169E-3
9.050000E-8	-2.357270E-3
9.060000E-8	-1.951263E-3
9.070000E-8	-1.312273E-3
9.080000E-8	-9.131184E-4
9.090000E-8	-1.026184E-3
9.100000E-8	-6.784223E-4
9.110000E-8	-1.089569E-3
9.120000E-8	-2.043771E-3
9.130000E-8	-3.371431E-3
9.140000E-8	-5.314098E-3
9.150000E-8	-5.442581E-3
9.160000E-8	-5.982211E-3
9.170000E-8	-5.050279E-3
9.180000E-8	-4.001856E-3
9.190000E-8	-3.368005E-3
9.200000E-8	-1.995804E-3
9.210000E-8	-1.212913E-3
9.220000E-8	-1.074151E-3
9.230000E-8	-1.356814E-3
9.240000E-8	-1.005626E-3
9.250000E-8	-1.173511E-3
9.260000E-8	-1.937558E-3
9.270000E-8	-3.400554E-3
9.280000E-8	-4.896099E-3
9.290000E-8	-5.591622E-3
9.300000E-8	-5.696122E-3
9.310000E-8	-5.636163E-3
9.320000E-8	-4.114921E-3
9.330000E-8	-3.599275E-3
9.340000E-8	-2.643359E-3
9.350000E-8	-1.413347E-3
9.360000E-8	-6.801354E-4
9.370000E-8	-2.193088E-4
9.380000E-8	-7.949138E-4
9.390000E-8	-1.617207E-3
9.400000E-8	-1.997517E-3
9.410000E-8	-3.700348E-3
9.420000E-8	-4.820722E-3
9.430000E-8	-6.163801E-3
9.440000E-8	-6.372800E-3
9.450000E-8	-5.350073E-3
9.460000E-8	-4.125200E-3
9.470000E-8	-3.919626E-3
9.480000E-8	-3.217251E-3
9.490000E-8	-2.451491E-3
9.500000E-8	-8.702906E-4
9.510000E-8	-8.839955E-4
9.520000E-8	-1.166659E-3
9.530000E-8	-1.375658E-3
9.540000E-8	-2.514876E-3
9.550000E-8	-2.891760E-3
9.560000E-8	-4.089224E-3
9.570000E-8	-4.873829E-3
9.580000E-8	-5.425450E-3
9.590000E-8	-4.966337E-3
9.600000E-8	-4.474674E-3
9.610000E-8	-3.638676E-3
9.620000E-8	-3.606127E-3
9.630000E-8	-2.084886E-3
9.640000E-8	-1.118692E-3
9.650000E-8	-9.542330E-4
9.660000E-8	-1.488723E-3
9.670000E-8	-1.708001E-3
9.680000E-8	-1.803936E-3
9.690000E-8	-2.508024E-3
9.700000E-8	-3.402267E-3
9.710000E-8	-4.918370E-3
9.720000E-8	-5.278123E-3
9.730000E-8	-5.512819E-3
9.740000E-8	-4.541485E-3
9.750000E-8	-4.183445E-3
9.760000E-8	-3.326890E-3
9.770000E-8	-2.168828E-3
9.780000E-8	-1.373945E-3
9.790000E-8	-1.379084E-3
9.800000E-8	-1.499002E-3
9.810000E-8	-1.156380E-3
9.820000E-8	-1.548682E-3
9.830000E-8	-1.858755E-3
9.840000E-8	-2.985981E-3
9.850000E-8	-4.190298E-3
9.860000E-8	-5.452860E-3
9.870000E-8	-6.191210E-3
9.880000E-8	-5.947949E-3
9.890000E-8	-5.237008E-3
9.900000E-8	-4.836140E-3
9.910000E-8	-4.466109E-3
9.920000E-8	-2.182533E-3
9.930000E-8	-5.824882E-4
9.940000E-8	-1.204347E-3
9.950000E-8	-1.576092E-3
9.960000E-8	-1.582944E-3
9.970000E-8	-1.629198E-3
9.980000E-8	-2.175680E-3
9.990000E-8	-2.506311E-3
1.000000E-7	-4.611723E-3
1.001000E-7	-5.744089E-3
1.002000E-7	-5.559073E-3
1.003000E-7	-4.918370E-3
1.004000E-7	-4.058388E-3
1.005000E-7	-3.554734E-3
1.006000E-7	-2.300737E-3
1.007000E-7	-1.490436E-3
1.008000E-7	-1.952976E-3
1.009000E-7	-1.959829E-3
1.010000E-7	-1.922140E-3
1.011000E-7	-1.917001E-3
1.012000E-7	-2.285320E-3
1.013000E-7	-3.105899E-3
1.014000E-7	-4.753911E-3
1.015000E-7	-5.283262E-3
1.016000E-7	-6.050735E-3
1.017000E-7	-5.995916E-3
1.018000E-7	-5.521384E-3
1.019000E-7	-4.154323E-3
1.020000E-7	-3.028809E-3
1.021000E-7	-1.766247E-3
1.022000E-7	-9.422413E-4
1.023000E-7	-1.026184E-3
1.024000E-7	-8.326022E-4
1.025000E-7	-8.240367E-4
1.026000E-7	-1.206060E-3
1.027000E-7	-2.338426E-3
1.028000E-7	-3.628398E-3
1.029000E-7	-5.327803E-3
1.030000E-7	-5.356926E-3
1.031000E-7	-5.528237E-3
1.032000E-7	-5.603614E-3
1.033000E-7	-4.776181E-3
1.034000E-7	-3.815127E-3
1.035000E-7	-2.083173E-3
1.036000E-7	-1.062159E-3
1.037000E-7	-6.133241E-4
1.038000E-7	-6.784223E-4
1.039000E-7	-1.242036E-3
1.040000E-7	-1.680592E-3
1.041000E-7	-2.317869E-3
1.042000E-7	-2.941441E-3
1.043000E-7	-3.806561E-3
1.044000E-7	-4.997173E-3
1.045000E-7	-5.300393E-3
1.046000E-7	-5.194180E-3
1.047000E-7	-4.227986E-3
1.048000E-7	-3.972733E-3
1.049000E-7	-2.759851E-3
1.050000E-7	-1.310560E-3
1.051000E-7	1.164607E-4
1.052000E-7	-4.317345E-4
1.053000E-7	-3.940461E-4
1.054000E-7	-7.863482E-4
1.055000E-7	-1.959829E-3
1.056000E-7	-2.633081E-3
1.057000E-7	-3.947036E-3
1.058000E-7	-5.541942E-3
1.059000E-7	-6.333398E-3
1.060000E-7	-5.910260E-3
1.061000E-7	-5.096533E-3
1.062000E-7	-4.594592E-3
1.063000E-7	-3.553021E-3
1.064000E-7	-2.033492E-3
1.065000E-7	-1.409920E-3
1.066000E-7	-8.720037E-4
1.067000E-7	-7.246763E-4
1.068000E-7	-4.677098E-4
1.069000E-7	-7.743565E-4
1.070000E-7	-1.406494E-3
1.071000E-7	-3.225817E-3
1.072000E-7	-4.856698E-3
1.073000E-7	-5.852015E-3
1.074000E-7	-5.956514E-3
1.075000E-7	-5.314098E-3
1.076000E-7	-4.214281E-3
1.077000E-7	-2.794113E-3
1.078000E-7	-2.153410E-3
1.079000E-7	-4.642836E-4
1.080000E-7	-5.413735E-4
1.081000E-7	-9.405281E-4
1.082000E-7	-1.116978E-3
1.083000E-7	-8.874217E-4
1.084000E-7	-1.019331E-3
1.085000E-7	-2.355557E-3
1.086000E-7	-3.933331E-3
1.087000E-7	-4.882394E-3
1.088000E-7	-5.394614E-3
1.089000E-7	-6.057588E-3
1.090000E-7	-5.699548E-3
1.091000E-7	-4.457543E-3
1.092000E-7	-3.184702E-3
1.093000E-7	-1.522986E-3
1.094000E-7	-9.542330E-4
1.095000E-7	-6.715699E-4
1.096000E-7	-8.223236E-4
1.097000E-7	-4.077509E-4
1.098000E-7	-1.211200E-3
1.099000E-7	-1.661747E-3
1.100000E-7	-3.337169E-3
1.101000E-7	-4.622002E-3
1.102000E-7	-5.264418E-3
1.103000E-7	-5.437442E-3
1.104000E-7	-5.041714E-3
1.105000E-7	-4.118347E-3
1.106000E-7	-3.611267E-3
1.107000E-7	-2.867777E-3
1.108000E-7	-1.178650E-3
1.109000E-7	-5.328080E-4
1.110000E-7	-7.281025E-4
1.111000E-7	-6.938403E-4
1.112000E-7	-9.713641E-4
1.113000E-7	-1.317412E-3
1.114000E-7	-2.845506E-3
1.115000E-7	-4.198863E-3
1.116000E-7	-5.389475E-3
1.117000E-7	-5.163344E-3
1.118000E-7	-5.387762E-3
1.119000E-7	-4.495231E-3
1.120000E-7	-3.885364E-3
1.121000E-7	-3.153866E-3
1.122000E-7	-1.917001E-3
1.123000E-7	-1.901583E-3
1.124000E-7	-1.776526E-3
1.125000E-7	-8.463071E-4
1.126000E-7	-1.082716E-3
1.127000E-7	-1.728559E-3
1.128000E-7	-2.045484E-3
1.129000E-7	-3.376571E-3
1.130000E-7	-5.742376E-3
1.131000E-7	-6.162087E-3
1.132000E-7	-5.517958E-3
1.133000E-7	-4.854985E-3
1.134000E-7	-3.774012E-3
1.135000E-7	-3.230956E-3
1.136000E-7	-1.233470E-3
1.137000E-7	-4.043247E-4
1.138000E-7	-4.608573E-4
1.139000E-7	-1.146101E-3
1.140000E-7	-4.694229E-4
1.141000E-7	-1.108413E-3
1.142000E-7	-1.492150E-3
1.143000E-7	-2.278467E-3
1.144000E-7	-4.568895E-3
1.145000E-7	-5.932531E-3
1.146000E-7	-6.208341E-3
1.147000E-7	-5.836597E-3
1.148000E-7	-4.783034E-3
1.149000E-7	-4.632280E-3
1.150000E-7	-2.429221E-3
1.151000E-7	-6.270290E-4
1.152000E-7	-3.074933E-8
1.153000E-7	-2.107433E-4
1.154000E-7	-4.180296E-4
1.155000E-7	-4.146034E-4
1.156000E-7	-9.045528E-4
1.157000E-7	-1.952976E-3
1.158000E-7	-3.482783E-3
1.159000E-7	-4.795026E-3
1.160000E-7	-5.819465E-3
1.161000E-7	-5.735523E-3
1.162000E-7	-4.421568E-3
1.163000E-7	-3.362866E-3
1.164000E-7	-2.910605E-3
1.165000E-7	-1.307134E-3
1.166000E-7	-2.758415E-4
1.167000E-7	-4.163165E-4
1.168000E-7	-5.019720E-4
1.169000E-7	-9.799297E-4
1.170000E-7	-1.375658E-3
1.171000E-7	-1.560674E-3
1.172000E-7	-2.840367E-3
1.173000E-7	-5.171910E-3
1.174000E-7	-6.710283E-3
1.175000E-7	-6.477300E-3
1.176000E-7	-5.163344E-3
1.177000E-7	-4.306789E-3
1.178000E-7	-4.296511E-3
1.179000E-7	-2.931162E-3
1.180000E-7	-1.557248E-3
1.181000E-7	-4.334476E-4
1.182000E-7	-6.441601E-4
1.183000E-7	-8.788562E-4
1.184000E-7	-1.541830E-3
1.185000E-7	-2.218508E-3
1.186000E-7	-2.973990E-3
1.187000E-7	-4.604870E-3
1.188000E-7	-5.339795E-3
1.189000E-7	-5.444294E-3
1.190000E-7	-5.572778E-3
1.191000E-7	-4.777895E-3
1.192000E-7	-4.824149E-3
1.193000E-7	-3.868233E-3
1.194000E-7	-2.295598E-3
1.195000E-7	-1.036462E-3
1.196000E-7	-1.058733E-3
1.197000E-7	-9.182577E-4
1.198000E-7	-1.116978E-3
1.199000E-7	-1.031323E-3
1.200000E-7	-1.853616E-3
1.201000E-7	-2.979129E-3
1.202000E-7	-4.932074E-3
1.203000E-7	-5.687556E-3
1.204000E-7	-5.005738E-3
1.205000E-7	-4.354756E-3
1.206000E-7	-4.006995E-3
1.207000E-7	-4.042970E-3
1.208000E-7	-2.489180E-3
1.209000E-7	-1.464740E-3
1.210000E-7	-8.739936E-5
1.211000E-7	-6.116110E-4
1.212000E-7	-1.156380E-3
1.213000E-7	-1.298568E-3
1.214000E-7	-2.866064E-3
1.215000E-7	-4.639133E-3
1.216000E-7	-6.482439E-3
1.217000E-7	-7.469190E-3
1.218000E-7	-7.580543E-3
1.219000E-7	-6.347103E-3
1.220000E-7	-4.920083E-3
1.221000E-7	-4.248544E-3
1.222000E-7	-3.071637E-3
1.223000E-7	-2.220221E-3
1.224000E-7	-1.002200E-3
1.225000E-7	-1.546969E-3
1.226000E-7	-1.603502E-3
1.227000E-7	-1.930706E-3
1.228000E-7	-2.376114E-3
1.229000E-7	-3.150440E-3
1.230000E-7	-4.395871E-3
1.231000E-7	-5.550507E-3
1.232000E-7	-5.917113E-3
1.233000E-7	-6.223759E-3
1.234000E-7	-4.808731E-3
1.235000E-7	-3.763733E-3
1.236000E-7	-2.203090E-3
1.237000E-7	-1.081003E-3
1.238000E-7	6.715084E-4
1.239000E-7	1.235122E-3
1.240000E-7	8.171227E-4
1.241000E-7	-4.968327E-4
1.242000E-7	-1.254027E-3
1.243000E-7	-2.456631E-3
1.244000E-7	-4.015561E-3
1.245000E-7	-4.897812E-3
1.246000E-7	-5.446007E-3
1.247000E-7	-5.528237E-3
1.248000E-7	-6.057588E-3
1.249000E-7	-5.149639E-3
1.250000E-7	-4.077233E-3
1.251000E-7	-2.525155E-3
1.252000E-7	-8.651513E-4
1.253000E-7	-5.242424E-4
1.254000E-7	-3.837674E-4
1.255000E-7	-8.171842E-4
1.256000E-7	-7.161107E-4
1.257000E-7	-1.276298E-3
1.258000E-7	-2.463483E-3
1.259000E-7	-4.051536E-3
1.260000E-7	-5.082828E-3
1.261000E-7	-5.586482E-3
1.262000E-7	-5.036574E-3
1.263000E-7	-4.385592E-3
1.264000E-7	-3.995003E-3
1.265000E-7	-2.667343E-3
1.266000E-7	-1.574379E-3
1.267000E-7	-1.067298E-3
1.268000E-7	-7.897745E-4
1.269000E-7	-9.490937E-4
1.270000E-7	-8.514464E-4
1.271000E-7	-2.144844E-3
1.272000E-7	-2.609097E-3
1.273000E-7	-3.407407E-3
1.274000E-7	-4.387305E-3
1.275000E-7	-5.500827E-3
1.276000E-7	-4.880681E-3
1.277000E-7	-4.467822E-3
1.278000E-7	-3.739750E-3
1.279000E-7	-3.679791E-3
1.280000E-7	-2.437786E-3
1.281000E-7	-1.147814E-3
1.282000E-7	-5.071113E-4
1.283000E-7	-1.245462E-3
1.284000E-7	-1.416773E-3
1.285000E-7	-1.917001E-3
1.286000E-7	-2.866064E-3
1.287000E-7	-4.277666E-3
1.288000E-7	-4.894386E-3
1.289000E-7	-6.115833E-3
1.290000E-7	-5.581343E-3
1.291000E-7	-5.000599E-3
1.292000E-7	-3.734611E-3
1.293000E-7	-2.376114E-3
1.294000E-7	-1.810788E-3
1.295000E-7	-1.017618E-3
1.296000E-7	-1.094708E-3
1.297000E-7	-7.229632E-4
1.298000E-7	-1.110126E-3
1.299000E-7	-1.132396E-3
1.300000E-7	-1.755969E-3
1.301000E-7	-2.703318E-3
1.302000E-7	-3.844250E-3
1.303000E-7	-5.050279E-3
1.304000E-7	-6.011334E-3
1.305000E-7	-5.127369E-3
1.306000E-7	-4.200576E-3
1.307000E-7	-4.017274E-3
1.308000E-7	-3.768873E-3
1.309000E-7	-2.370975E-3
1.310000E-7	-9.696510E-4
1.311000E-7	-3.649232E-4
1.312000E-7	-9.936346E-4
1.313000E-7	-1.019331E-3
1.314000E-7	-1.956402E-3
1.315000E-7	-2.590253E-3
1.316000E-7	-3.051080E-3
1.317000E-7	-4.873829E-3
1.318000E-7	-6.127825E-3
1.319000E-7	-6.365948E-3
1.320000E-7	-5.416885E-3
1.321000E-7	-4.539772E-3
1.322000E-7	-3.895643E-3
1.323000E-7	-3.707201E-3
1.324000E-7	-2.192812E-3
1.325000E-7	-7.109714E-4
1.326000E-7	4.451011E-5
1.327000E-7	-5.259555E-4
1.328000E-7	-2.587104E-4
1.329000E-7	-9.165446E-4
1.330000E-7	-1.278011E-3
1.331000E-7	-2.766703E-3
1.332000E-7	-4.353043E-3
1.333000E-7	-5.444294E-3
1.334000E-7	-5.103385E-3
1.335000E-7	-4.863550E-3
1.336000E-7	-3.748315E-3
1.337000E-7	-2.903752E-3
1.338000E-7	-1.560674E-3
1.339000E-7	-1.332830E-3
1.340000E-7	-1.570953E-3
1.341000E-7	-1.572666E-3
1.342000E-7	-1.409920E-3
1.343000E-7	-1.791944E-3
1.344000E-7	-2.734154E-3
1.345000E-7	-4.544912E-3
1.346000E-7	-6.050735E-3
1.347000E-7	-6.864463E-3
1.348000E-7	-6.360808E-3
1.349000E-7	-5.209598E-3
1.350000E-7	-3.907635E-3
1.351000E-7	-3.069924E-3
1.352000E-7	-2.011222E-3
1.353000E-7	-8.942742E-4
1.354000E-7	-1.026184E-3
1.355000E-7	-1.139249E-3
1.356000E-7	-1.195782E-3
1.357000E-7	-1.199208E-3
1.358000E-7	-2.900326E-3
1.359000E-7	-3.570152E-3
1.360000E-7	-4.935501E-3
1.361000E-7	-5.821179E-3
1.362000E-7	-5.713253E-3
1.363000E-7	-5.468278E-3
1.364000E-7	-4.579174E-3
1.365000E-7	-4.310216E-3
1.366000E-7	-3.196694E-3
1.367000E-7	-1.702862E-3
1.368000E-7	-2.278744E-4
1.369000E-7	-2.912595E-4
1.370000E-7	-3.769150E-4
1.371000E-7	-6.098979E-4
1.372000E-7	-1.038175E-3
1.373000E-7	-1.877599E-3
1.374000E-7	-3.789430E-3
1.375000E-7	-5.281549E-3
1.376000E-7	-5.476843E-3
1.377000E-7	-5.680704E-3
1.378000E-7	-4.971476E-3
1.379000E-7	-3.967594E-3
1.380000E-7	-3.678078E-3
1.381000E-7	-1.988951E-3
1.382000E-7	-7.692171E-4
1.383000E-7	1.216001E-4
1.384000E-7	-5.927668E-4
1.385000E-7	-1.199208E-3
1.386000E-7	-1.471592E-3
1.387000E-7	-2.213369E-3
1.388000E-7	-4.166314E-3
1.389000E-7	-5.218164E-3
1.390000E-7	-6.336825E-3
1.391000E-7	-6.208341E-3
1.392000E-7	-5.956514E-3
1.393000E-7	-5.094820E-3
1.394000E-7	-4.671682E-3
1.395000E-7	-3.003113E-3
1.396000E-7	-1.755969E-3
1.397000E-7	-2.604235E-4
1.398000E-7	-5.088244E-4
1.399000E-7	-9.799297E-4
1.400000E-7	-9.696510E-4
1.401000E-7	-1.582944E-3
1.402000E-7	-2.278467E-3
1.403000E-7	-3.770586E-3
1.404000E-7	-5.579630E-3
1.405000E-7	-6.112407E-3
1.406000E-7	-6.276866E-3
1.407000E-7	-5.569351E-3
1.408000E-7	-4.171454E-3
1.409000E-7	-2.991121E-3
1.410000E-7	-1.851903E-3
1.411000E-7	-4.334476E-4
1.412000E-7	-2.604235E-4
1.413000E-7	-2.809808E-4
1.414000E-7	-3.580707E-4
1.415000E-7	-9.028397E-4
1.416000E-7	-2.663917E-3
1.417000E-7	-3.945323E-3
1.418000E-7	-5.653294E-3
1.419000E-7	-6.951831E-3
1.420000E-7	-6.927848E-3
1.421000E-7	-6.598931E-3
1.422000E-7	-5.951375E-3
1.423000E-7	-4.440412E-3
1.424000E-7	-2.980842E-3
1.425000E-7	-1.440756E-3
1.426000E-7	-9.456675E-4
1.427000E-7	-1.164946E-3
1.428000E-7	-6.544388E-4
1.429000E-7	-1.135823E-3
1.430000E-7	-2.161976E-3
1.431000E-7	-3.102473E-3
1.432000E-7	-4.327347E-3
1.433000E-7	-5.437442E-3
1.434000E-7	-5.756080E-3
1.435000E-7	-5.483696E-3
1.436000E-7	-4.639133E-3
1.437000E-7	-4.238265E-3
1.438000E-7	-2.939728E-3
1.439000E-7	-1.269445E-3
1.440000E-7	-1.696286E-4
1.441000E-7	-6.441601E-4
1.442000E-7	-6.630043E-4
1.443000E-7	-5.156769E-4
1.444000E-7	-1.358527E-3
1.445000E-7	-2.252770E-3
1.446000E-7	-3.852815E-3
1.447000E-7	-5.408319E-3
1.448000E-7	-5.930818E-3
1.449000E-7	-5.399753E-3
1.450000E-7	-4.851558E-3
1.451000E-7	-3.698635E-3
1.452000E-7	-4.082372E-3
1.453000E-7	-2.607384E-3
1.454000E-7	-9.079791E-4
1.455000E-7	-6.818485E-4
1.456000E-7	-3.289479E-4
1.457000E-7	-7.812089E-4
1.458000E-7	-9.610855E-4
1.459000E-7	-2.420655E-3
1.460000E-7	-3.225817E-3
1.461000E-7	-5.000599E-3
1.462000E-7	-6.270013E-3
1.463000E-7	-6.389931E-3
1.464000E-7	-5.954801E-3
1.465000E-7	-4.663116E-3
1.466000E-7	-4.238265E-3
1.467000E-7	-2.434360E-3
1.468000E-7	-9.508068E-4
1.469000E-7	-7.709303E-4
1.470000E-7	-1.142675E-3
1.471000E-7	-2.057476E-3
1.472000E-7	-2.048910E-3
1.473000E-7	-1.711428E-3
1.474000E-7	-3.268645E-3
1.475000E-7	-5.327803E-3
1.476000E-7	-5.644728E-3
1.477000E-7	-5.973645E-3
1.478000E-7	-5.598474E-3
1.479000E-7	-5.452860E-3
1.480000E-7	-4.736780E-3
1.481000E-7	-3.376571E-3
1.482000E-7	-2.261336E-3
1.483000E-7	-4.916933E-4
1.484000E-7	-3.460790E-4
1.485000E-7	-3.375134E-4
1.486000E-7	-1.166659E-3
1.487000E-7	-7.932007E-4
1.488000E-7	-1.510994E-3
1.489000E-7	-3.386849E-3
1.490000E-7	-5.043427E-3
1.491000E-7	-5.821179E-3
1.492000E-7	-6.055875E-3
1.493000E-7	-5.237008E-3
1.494000E-7	-3.847676E-3
1.495000E-7	-3.265218E-3
1.496000E-7	-2.038632E-3
1.497000E-7	-1.278011E-3
1.498000E-7	-2.083173E-3
1.499000E-7	-1.432191E-3
1.500000E-7	-1.113552E-3
1.501000E-7	-1.243749E-3
1.502000E-7	-1.738837E-3
1.503000E-7	-2.967137E-3
1.504000E-7	-3.695209E-3
1.505000E-7	-4.647698E-3
1.506000E-7	-4.567182E-3
1.507000E-7	-4.798452E-3
1.508000E-7	-4.070380E-3
1.509000E-7	-4.099503E-3
1.510000E-7	-4.034405E-3
1.511000E-7	-2.588540E-3
1.512000E-7	-1.499002E-3
1.513000E-7	-7.966269E-4
1.514000E-7	-7.520860E-4
1.515000E-7	-9.182577E-4
1.516000E-7	-1.973533E-3
1.517000E-7	-2.725589E-3
1.518000E-7	-3.957315E-3
1.519000E-7	-6.004481E-3
1.520000E-7	-6.609209E-3
1.521000E-7	-6.669168E-3
1.522000E-7	-5.783490E-3
1.523000E-7	-3.407407E-3
1.524000E-7	-2.406950E-3
1.525000E-7	-1.135823E-3
1.526000E-7	-1.165222E-4
1.527000E-7	1.053532E-3
1.528000E-7	-5.827649E-5
1.529000E-7	-6.715699E-4
1.530000E-7	-1.161519E-3
1.531000E-7	-2.823236E-3
1.532000E-7	-3.917913E-3
1.533000E-7	-5.581343E-3
1.534000E-7	-6.045596E-3
1.535000E-7	-5.980498E-3
1.536000E-7	-5.678990E-3
1.537000E-7	-4.671682E-3
1.538000E-7	-4.032692E-3
1.539000E-7	-2.665630E-3
1.540000E-7	-1.855329E-3
1.541000E-7	-4.882671E-4
1.542000E-7	-5.259555E-4
1.543000E-7	-8.874217E-4
1.544000E-7	-7.161107E-4
1.545000E-7	-1.427051E-3
1.546000E-7	-2.084886E-3
1.547000E-7	-3.703775E-3
1.548000E-7	-5.235295E-3
1.549000E-7	-5.855441E-3
1.550000E-7	-5.242147E-3
1.551000E-7	-4.729927E-3
1.552000E-7	-3.837397E-3
1.553000E-7	-3.246374E-3
1.554000E-7	-1.961542E-3
1.555000E-7	-1.730272E-3
1.556000E-7	-1.168372E-3
1.557000E-7	-1.221478E-3
1.558000E-7	-1.682305E-3
1.559000E-7	-2.466909E-3
1.560000E-7	-2.824949E-3
1.561000E-7	-4.738493E-3
1.562000E-7	-5.353500E-3
1.563000E-7	-5.769785E-3
1.564000E-7	-5.432303E-3
1.565000E-7	-5.595048E-3
1.566000E-7	-4.469535E-3
1.567000E-7	-4.192011E-3
1.568000E-7	-2.742720E-3
1.569000E-7	-1.937558E-3
1.570000E-7	-9.645117E-4
1.571000E-7	-1.337970E-3
1.572000E-7	-1.637764E-3
1.573000E-7	-1.906722E-3
1.574000E-7	-2.484040E-3
1.575000E-7	-3.534177E-3
1.576000E-7	-4.639133E-3
1.577000E-7	-5.869146E-3
1.578000E-7	-6.276866E-3
1.579000E-7	-5.989063E-3
1.580000E-7	-5.401467E-3
1.581000E-7	-4.755624E-3
1.582000E-7	-3.455374E-3
1.583000E-7	-1.932419E-3
1.584000E-7	-1.026184E-3
1.585000E-7	-9.131184E-4
1.586000E-7	-1.146101E-3
1.587000E-7	-3.512183E-4
1.588000E-7	-1.010766E-3
1.589000E-7	-1.928993E-3
1.590000E-7	-3.290915E-3
1.591000E-7	-4.529494E-3
1.592000E-7	-5.577917E-3
1.593000E-7	-5.219877E-3
1.594000E-7	-5.283262E-3
1.595000E-7	-4.305076E-3
1.596000E-7	-3.868233E-3
1.597000E-7	-2.710171E-3
1.598000E-7	-1.730272E-3
1.599000E-7	-1.223191E-3
1.600000E-7	-1.276298E-3
1.601000E-7	-1.418486E-3
1.602000E-7	-1.341396E-3
1.603000E-7	-1.865608E-3
1.604000E-7	-3.379997E-3
1.605000E-7	-4.257109E-3
1.606000E-7	-6.018186E-3
1.607000E-7	-6.720561E-3
1.608000E-7	-6.009621E-3
1.609000E-7	-4.092651E-3
1.610000E-7	-3.648955E-3
1.611000E-7	-2.586827E-3
1.612000E-7	-1.408207E-3
1.613000E-7	-4.899802E-4
1.614000E-7	-1.559238E-4
1.615000E-7	5.136255E-5
1.616000E-7	1.798458E-4
1.617000E-7	-4.368738E-4
1.618000E-7	-1.615493E-3
1.619000E-7	-3.193268E-3
1.620000E-7	-5.310672E-3
1.621000E-7	-6.401923E-3
1.622000E-7	-6.729127E-3
1.623000E-7	-5.910260E-3
1.624000E-7	-4.524354E-3
1.625000E-7	-3.885364E-3
1.626000E-7	-2.232213E-3
1.627000E-7	-9.867821E-4
1.628000E-7	-5.036851E-4
1.629000E-7	-6.424470E-4
1.630000E-7	-7.058321E-4
1.631000E-7	-1.964968E-3
1.632000E-7	-2.739294E-3
1.633000E-7	-4.265675E-3
1.634000E-7	-5.526524E-3
1.635000E-7	-5.826318E-3
1.636000E-7	-5.653294E-3
1.637000E-7	-4.678534E-3
1.638000E-7	-3.703775E-3
1.639000E-7	-2.970564E-3
1.640000E-7	-2.477188E-3
1.641000E-7	-2.170541E-3
1.642000E-7	-1.242036E-3
1.643000E-7	-7.640778E-4
1.644000E-7	-5.910537E-4
1.645000E-7	-1.337970E-3
1.646000E-7	-1.360240E-3
1.647000E-7	-1.870747E-3
1.648000E-7	-3.427964E-3
1.649000E-7	-5.514532E-3
1.650000E-7	-5.694408E-3
1.651000E-7	-5.009164E-3
1.652000E-7	-4.101216E-3
1.653000E-7	-3.472505E-3
1.654000E-7	-3.088768E-3
1.655000E-7	-2.036919E-3
1.656000E-7	-8.771431E-4
1.657000E-7	-2.569973E-4
1.658000E-7	2.192473E-4
1.659000E-7	-5.998960E-5
1.660000E-7	-6.955534E-4
1.661000E-7	-2.168828E-3
1.662000E-7	-3.827119E-3
1.663000E-7	-5.223303E-3
1.664000E-7	-6.047309E-3
1.665000E-7	-6.770242E-3
1.666000E-7	-6.081571E-3
1.667000E-7	-4.980042E-3
1.668000E-7	-3.811701E-3
1.669000E-7	-2.835228E-3
1.670000E-7	-1.668600E-3
1.671000E-7	-4.797016E-4
1.672000E-7	-4.591442E-4
1.673000E-7	-8.206104E-4
1.674000E-7	-1.094708E-3
1.675000E-7	-1.301994E-3
1.676000E-7	-2.895187E-3
1.677000E-7	-4.272527E-3
1.678000E-7	-5.781777E-3
1.679000E-7	-5.684130E-3
1.680000E-7	-5.290114E-3
1.681000E-7	-4.344478E-3
1.682000E-7	-4.671682E-3
1.683000E-7	-2.985981E-3
1.684000E-7	-1.099847E-3
1.685000E-7	5.108581E-6
1.686000E-7	-2.912595E-4
1.687000E-7	1.196102E-5
1.688000E-7	-3.769150E-4
1.689000E-7	-2.066041E-3
1.690000E-7	-2.759851E-3
1.691000E-7	-4.601444E-3
1.692000E-7	-5.680704E-3
1.693000E-7	-5.997629E-3
1.694000E-7	-5.826318E-3
1.695000E-7	-4.442125E-3
1.696000E-7	-3.364579E-3
1.697000E-7	-3.419398E-3
1.698000E-7	-2.386393E-3
1.699000E-7	-1.149528E-3
1.700000E-7	-1.087856E-3
1.701000E-7	-1.202634E-3
1.702000E-7	-1.336257E-3
1.703000E-7	-2.264762E-3
1.704000E-7	-3.061358E-3
1.705000E-7	-4.025839E-3
1.706000E-7	-5.125656E-3
1.707000E-7	-5.865719E-3
1.708000E-7	-5.151353E-3
1.709000E-7	-4.899525E-3
1.710000E-7	-3.302907E-3
1.711000E-7	-3.475931E-3
1.712000E-7	-2.573122E-3
1.713000E-7	-2.096877E-3
1.714000E-7	-1.603502E-3
1.715000E-7	-9.627986E-4
1.716000E-7	-1.110126E-3
1.717000E-7	-7.520860E-4
1.718000E-7	-1.689157E-3
1.719000E-7	-2.259623E-3
1.720000E-7	-3.356013E-3
1.721000E-7	-5.183902E-3
1.722000E-7	-5.882851E-3
1.723000E-7	-5.718392E-3
1.724000E-7	-5.310672E-3
1.725000E-7	-4.935501E-3
1.726000E-7	-4.517502E-3
1.727000E-7	-2.980842E-3
1.728000E-7	-1.807362E-3
1.729000E-7	-1.696286E-4
1.730000E-7	-1.610631E-4
1.731000E-7	-4.368738E-4
1.732000E-7	-8.874217E-4
1.733000E-7	-1.373945E-3
1.734000E-7	-3.021957E-3
1.735000E-7	-4.829288E-3
1.736000E-7	-5.516245E-3
1.737000E-7	-5.615605E-3
1.738000E-7	-5.326090E-3
1.739000E-7	-5.046853E-3
1.740000E-7	-4.656264E-3
1.741000E-7	-3.030522E-3
1.742000E-7	-2.353844E-3
1.743000E-7	-1.738837E-3
1.744000E-7	-1.550395E-3
1.745000E-7	-1.475018E-3
1.746000E-7	-1.420199E-3
1.747000E-7	-2.615950E-3
1.748000E-7	-2.997973E-3
1.749000E-7	-3.977872E-3
1.750000E-7	-5.298680E-3
1.751000E-7	-5.961654E-3
1.752000E-7	-5.043427E-3
1.753000E-7	-3.505054E-3
1.754000E-7	-3.308046E-3
1.755000E-7	-2.951719E-3
1.756000E-7	-1.137536E-3
1.757000E-7	-4.711360E-4
1.758000E-7	-7.983400E-4
1.759000E-7	-1.373945E-3
1.760000E-7	-1.723419E-3
1.761000E-7	-1.956402E-3
1.762000E-7	-3.040801E-3
1.763000E-7	-4.820722E-3
1.764000E-7	-5.898269E-3
1.765000E-7	-6.232325E-3
1.766000E-7	-5.629310E-3
1.767000E-7	-4.817296E-3
1.768000E-7	-3.895643E-3
1.769000E-7	-3.561586E-3
1.770000E-7	-2.466909E-3
1.771000E-7	-1.387650E-3
1.772000E-7	-1.166659E-3
1.773000E-7	-9.131184E-4
1.774000E-7	-7.109714E-4
1.775000E-7	-1.420199E-3
1.776000E-7	-1.928993E-3
1.777000E-7	-3.631824E-3
1.778000E-7	-4.820722E-3
1.779000E-7	-6.122686E-3
1.780000E-7	-5.855441E-3
1.781000E-7	-6.071293E-3
1.782000E-7	-4.431846E-3
1.783000E-7	-3.895643E-3
1.784000E-7	-2.835228E-3
1.785000E-7	-2.146558E-3
1.786000E-7	-1.122118E-3
1.787000E-7	-1.216339E-3
1.788000E-7	-1.863894E-3
1.789000E-7	-1.598362E-3
1.790000E-7	-1.903296E-3
1.791000E-7	-2.372688E-3
1.792000E-7	-4.238265E-3
1.793000E-7	-5.272983E-3
1.794000E-7	-6.367661E-3
1.795000E-7	-6.132965E-3
1.796000E-7	-6.019899E-3
1.797000E-7	-5.228442E-3
1.798000E-7	-3.774012E-3
1.799000E-7	-1.101560E-3
1.800000E-7	-4.779884E-4
1.801000E-7	-2.707021E-4
1.802000E-7	-1.260880E-3
1.803000E-7	-1.570953E-3
1.804000E-7	-2.031779E-3
1.805000E-7	-2.506311E-3
1.806000E-7	-3.628398E-3
1.807000E-7	-4.342765E-3
1.808000E-7	-5.300393E-3
1.809000E-7	-6.079858E-3
1.810000E-7	-5.142787E-3
1.811000E-7	-4.873829E-3
1.812000E-7	-4.263962E-3
1.813000E-7	-4.123487E-3
1.814000E-7	-2.636507E-3
1.815000E-7	-8.531595E-4
1.816000E-7	-9.371019E-4
1.817000E-7	-1.127257E-3
1.818000E-7	-1.254027E-3
1.819000E-7	-2.256197E-3
1.820000E-7	-3.111039E-3
1.821000E-7	-4.675108E-3
1.822000E-7	-6.050735E-3
1.823000E-7	-6.234038E-3
1.824000E-7	-5.194180E-3
1.825000E-7	-3.520472E-3
1.826000E-7	-2.737581E-3
1.827000E-7	-1.404781E-3
1.828000E-7	-9.919214E-4
1.829000E-7	-1.285140E-4
1.830000E-7	-5.259555E-4
1.831000E-7	-1.422189E-4
1.832000E-7	-7.315287E-4
1.833000E-7	-1.428764E-3
1.834000E-7	-2.607384E-3
1.835000E-7	-3.527324E-3
1.836000E-7	-4.519215E-3
1.837000E-7	-5.276410E-3
1.838000E-7	-4.897812E-3
1.839000E-7	-3.835684E-3
1.840000E-7	-3.021957E-3
1.841000E-7	-2.722163E-3
1.842000E-7	-1.463027E-3
1.843000E-7	-1.051880E-3
1.844000E-7	-1.439320E-4
1.845000E-7	-3.614970E-4
1.846000E-7	-7.743565E-4
1.847000E-7	-1.135823E-3
1.848000E-7	-1.988951E-3
1.849000E-7	-3.368005E-3
1.850000E-7	-4.918370E-3
1.851000E-7	-5.930818E-3
1.852000E-7	-5.394614E-3
1.853000E-7	-4.813870E-3
1.854000E-7	-4.490092E-3
1.855000E-7	-3.777438E-3
1.856000E-7	-2.569696E-3
1.857000E-7	-1.420199E-3
1.858000E-7	-8.223236E-4
1.859000E-7	-3.769150E-4
1.860000E-7	-1.010766E-3
1.861000E-7	-1.375658E-3
1.862000E-7	-2.648499E-3
1.863000E-7	-3.429677E-3
1.864000E-7	-4.969763E-3
1.865000E-7	-6.395070E-3
1.866000E-7	-7.402379E-3
1.867000E-7	-6.598931E-3
1.868000E-7	-5.072549E-3
1.869000E-7	-4.003569E-3
1.870000E-7	-3.157292E-3
1.871000E-7	-1.894730E-3
1.872000E-7	-8.240367E-4
1.873000E-7	-8.959873E-4
1.874000E-7	-1.183790E-3
1.875000E-7	-1.206060E-3
1.876000E-7	-1.389363E-3
1.877000E-7	-1.538404E-3
1.878000E-7	-3.179563E-3
1.879000E-7	-4.515789E-3
1.880000E-7	-5.601900E-3
1.881000E-7	-6.083284E-3
1.882000E-7	-6.187784E-3
1.883000E-7	-5.147926E-3
1.884000E-7	-4.555190E-3
1.885000E-7	-3.551308E-3
1.886000E-7	-1.857042E-3
1.887000E-7	-1.411633E-3
1.888000E-7	-5.807750E-4
1.889000E-7	-8.000531E-4
1.890000E-7	-1.250601E-3
1.891000E-7	-2.115722E-3
1.892000E-7	-2.293885E-3
1.893000E-7	-3.609554E-3
1.894000E-7	-4.885820E-3
1.895000E-7	-6.126112E-3
1.896000E-7	-6.314554E-3
1.897000E-7	-6.064440E-3
1.898000E-7	-5.079402E-3
1.899000E-7	-4.075519E-3
1.900000E-7	-2.579974E-3
1.901000E-7	-1.301994E-3
1.902000E-7	-4.848409E-4
1.903000E-7	-9.987739E-4
1.904000E-7	-1.243749E-3
1.905000E-7	-1.629198E-3
1.906000E-7	-2.095164E-3
1.907000E-7	-4.070380E-3
1.908000E-7	-5.677277E-3
1.909000E-7	-6.223759E-3
1.910000E-7	-6.037030E-3
1.911000E-7	-5.180475E-3
1.912000E-7	-4.483240E-3
1.913000E-7	-3.967594E-3
1.914000E-7	-2.549138E-3
1.915000E-7	-1.132396E-3
1.916000E-7	-2.895463E-4
1.917000E-7	-6.047586E-4
1.918000E-7	-8.411678E-4
1.919000E-7	-1.214626E-3
1.920000E-7	-2.120861E-3
1.921000E-7	-3.498201E-3
1.922000E-7	-4.229699E-3
1.923000E-7	-5.147926E-3
1.924000E-7	-5.540229E-3
1.925000E-7	-5.026296E-3
1.926000E-7	-4.073806E-3
1.927000E-7	-3.529037E-3
1.928000E-7	-3.167571E-3
1.929000E-7	-1.615493E-3
1.930000E-7	-8.171842E-4
1.931000E-7	-6.116110E-4
1.932000E-7	-1.091282E-3
1.933000E-7	-1.069011E-3
1.934000E-7	-1.959829E-3
1.935000E-7	-2.346991E-3
1.936000E-7	-3.871659E-3
1.937000E-7	-5.190754E-3
1.938000E-7	-5.704687E-3
1.939000E-7	-5.029722E-3
1.940000E-7	-5.127369E-3
1.941000E-7	-5.060558E-3
1.942000E-7	-4.411289E-3
1.943000E-7	-2.785548E-3
1.944000E-7	-1.416773E-3
1.945000E-7	-8.137580E-4
1.946000E-7	-6.955534E-4
1.947000E-7	-1.012479E-3
1.948000E-7	-1.401355E-3
1.949000E-7	-2.800966E-3
1.950000E-7	-3.487923E-3
1.951000E-7	-5.370631E-3
1.952000E-7	-7.087167E-3
1.953000E-7	-6.874741E-3
1.954000E-7	-5.596761E-3
1.955000E-7	-3.811701E-3
1.956000E-7	-3.135022E-3
1.957000E-7	-2.156836E-3
1.958000E-7	-1.331117E-3
1.959000E-7	-3.152430E-4
1.960000E-7	-9.576592E-4
1.961000E-7	-1.211200E-3
1.962000E-7	-1.339683E-3
1.963000E-7	-1.949550E-3
1.964000E-7	-2.939728E-3
1.965000E-7	-4.663116E-3
1.966000E-7	-5.935957E-3
1.967000E-7	-6.408775E-3
1.968000E-7	-5.451147E-3
1.969000E-7	-4.514076E-3
1.970000E-7	-3.373144E-3
1.971000E-7	-2.567983E-3
1.972000E-7	-1.699436E-3
1.973000E-7	-1.142675E-3
1.974000E-7	-7.469467E-4
1.975000E-7	-1.493863E-3
1.976000E-7	-1.313986E-3
1.977000E-7	-1.997517E-3
1.978000E-7	-1.701149E-3
1.979000E-7	-3.131596E-3
1.980000E-7	-4.598018E-3
1.981000E-7	-5.087967E-3
1.982000E-7	-4.880681E-3
1.983000E-7	-4.287945E-3
1.984000E-7	-4.215994E-3
1.985000E-7	-3.505054E-3
1.986000E-7	-1.726846E-3
1.987000E-7	-2.981119E-4
1.988000E-7	8.565243E-4
1.989000E-7	5.858529E-4
1.990000E-7	4.299599E-4
1.991000E-7	-9.850690E-4
1.992000E-7	-2.314442E-3
1.993000E-7	-2.961998E-3
1.994000E-7	-4.049823E-3
1.995000E-7	-5.262705E-3
1.996000E-7	-5.702974E-3
1.997000E-7	-4.435273E-3
1.998000E-7	-3.861381E-3
1.999000E-7	-3.760307E-3
2.000000E-7	-2.836941E-3
2.001000E-7	-1.444182E-3
