Study Name	Tungsten_Calibration
Sample Name	2024-10-02
Run Name	baseline
Operator	Elena
Date	10/2/2024
Time	14:02
Sign	FIX
Grating Spacing	03.40um
Channel	3
Number Traces	2000
Files in Batch	6
Batch Number	2
dt	100.000001E-12
time stamp (ms)	2:02:24 PM
	
Time	Amplitude
0.000000E+0	-9.679379E-4
1.000000E-10	-6.921272E-4
2.000000E-10	-9.645117E-4
3.000000E-10	-2.127713E-3
4.000000E-10	-2.591966E-3
5.000000E-10	-3.462226E-3
6.000000E-10	-3.756881E-3
7.000000E-10	-4.051536E-3
8.000000E-10	-3.856241E-3
9.000000E-10	-3.662660E-3
1.000000E-9	-3.786004E-3
1.100000E-9	-4.138905E-3
1.200000E-9	-3.520472E-3
1.300000E-9	-2.137992E-3
1.400000E-9	-1.915288E-3
1.500000E-9	-1.682305E-3
1.600000E-9	-1.740551E-3
1.700000E-9	-2.622802E-3
1.800000E-9	-3.015104E-3
1.900000E-9	-3.225817E-3
2.000000E-9	-4.164601E-3
2.100000E-9	-4.923509E-3
2.200000E-9	-4.418141E-3
2.300000E-9	-4.046397E-3
2.400000E-9	-4.267388E-3
2.500000E-9	-4.635706E-3
2.600000E-9	-4.452404E-3
2.700000E-9	-3.496488E-3
2.800000E-9	-2.367549E-3
2.900000E-9	-2.441213E-3
3.000000E-9	-2.665630E-3
3.100000E-9	-2.239066E-3
3.200000E-9	-2.194525E-3
3.300000E-9	-1.848476E-3
3.400000E-9	-3.462226E-3
3.500000E-9	-3.738037E-3
3.600000E-9	-4.358183E-3
3.700000E-9	-3.679791E-3
3.800000E-9	-3.784291E-3
3.900000E-9	-4.137191E-3
4.000000E-9	-4.029265E-3
4.100000E-9	-3.177850E-3
4.200000E-9	-1.310560E-3
4.300000E-9	-1.269445E-3
4.400000E-9	-1.641190E-3
4.500000E-9	-1.296855E-3
4.600000E-9	-1.533264E-3
4.700000E-9	-1.776526E-3
4.800000E-9	-2.598819E-3
4.900000E-9	-3.028809E-3
5.000000E-9	-4.286232E-3
5.100000E-9	-3.724332E-3
5.200000E-9	-3.931618E-3
5.300000E-9	-4.188585E-3
5.400000E-9	-4.681960E-3
5.500000E-9	-4.010421E-3
5.600000E-9	-2.554278E-3
5.700000E-9	-1.569240E-3
5.800000E-9	-1.752542E-3
5.900000E-9	-2.088312E-3
6.000000E-9	-2.197951E-3
6.100000E-9	-2.050623E-3
6.200000E-9	-1.264306E-3
6.300000E-9	-2.364123E-3
6.400000E-9	-3.554734E-3
6.500000E-9	-3.695209E-3
6.600000E-9	-3.828832E-3
6.700000E-9	-3.290915E-3
6.800000E-9	-3.972733E-3
6.900000E-9	-4.478100E-3
7.000000E-9	-3.111039E-3
7.100000E-9	-1.134110E-3
7.200000E-9	-1.132396E-3
7.300000E-9	-1.985525E-3
7.400000E-9	-2.547425E-3
7.500000E-9	-2.249344E-3
7.600000E-9	-1.826206E-3
7.700000E-9	-1.956402E-3
7.800000E-9	-3.583857E-3
7.900000E-9	-4.197150E-3
8.000000E-9	-3.686643E-3
8.100000E-9	-2.985981E-3
8.200000E-9	-3.857954E-3
8.300000E-9	-3.784291E-3
8.400000E-9	-3.520472E-3
8.500000E-9	-1.271158E-3
8.600000E-9	-1.245462E-3
8.700000E-9	-1.574379E-3
8.800000E-9	-2.866064E-3
8.900000E-9	-3.136735E-3
9.000000E-9	-2.823236E-3
9.100000E-9	-2.641646E-3
9.200000E-9	-3.374857E-3
9.300000E-9	-3.837397E-3
9.400000E-9	-3.647242E-3
9.500000E-9	-4.102929E-3
9.600000E-9	-3.952176E-3
9.700000E-9	-5.362065E-3
9.800000E-9	-5.541942E-3
9.900000E-9	-4.582600E-3
1.000000E-8	-3.546168E-3
1.010000E-8	-1.978673E-3
1.020000E-8	-1.656608E-3
1.030000E-8	-2.086599E-3
1.040000E-8	-2.245918E-3
1.050000E-8	-2.189385E-3
1.060000E-8	-3.436529E-3
1.070000E-8	-4.514076E-3
1.080000E-8	-4.717936E-3
1.090000E-8	-4.531207E-3
1.100000E-8	-4.012134E-3
1.110000E-8	-3.991577E-3
1.120000E-8	-3.986438E-3
1.130000E-8	-3.016817E-3
1.140000E-8	-2.208230E-3
1.150000E-8	-2.137992E-3
1.160000E-8	-1.661747E-3
1.170000E-8	-1.147814E-3
1.180000E-8	-1.420199E-3
1.190000E-8	-1.702862E-3
1.200000E-8	-2.418942E-3
1.210000E-8	-3.150440E-3
1.220000E-8	-4.455830E-3
1.230000E-8	-4.068667E-3
1.240000E-8	-3.421111E-3
1.250000E-8	-3.544455E-3
1.260000E-8	-3.654094E-3
1.270000E-8	-3.751742E-3
1.280000E-8	-2.382967E-3
1.290000E-8	-1.956402E-3
1.300000E-8	-2.151697E-3
1.310000E-8	-1.990665E-3
1.320000E-8	-2.050623E-3
1.330000E-8	-1.514420E-3
1.340000E-8	-1.276298E-3
1.350000E-8	-2.645073E-3
1.360000E-8	-4.168027E-3
1.370000E-8	-4.399297E-3
1.380000E-8	-4.402723E-3
1.390000E-8	-4.820722E-3
1.400000E-8	-4.337625E-3
1.410000E-8	-3.397128E-3
1.420000E-8	-2.866064E-3
1.430000E-8	-2.031779E-3
1.440000E-8	-2.453204E-3
1.450000E-8	-2.597106E-3
1.460000E-8	-2.586827E-3
1.470000E-8	-2.689613E-3
1.480000E-8	-3.035662E-3
1.490000E-8	-2.989408E-3
1.500000E-8	-3.791143E-3
1.510000E-8	-4.783034E-3
1.520000E-8	-4.584313E-3
1.530000E-8	-4.839567E-3
1.540000E-8	-4.130339E-3
1.550000E-8	-5.007451E-3
1.560000E-8	-3.573578E-3
1.570000E-8	-2.208230E-3
1.580000E-8	-1.834772E-3
1.590000E-8	-1.632625E-3
1.600000E-8	-2.009509E-3
1.610000E-8	-1.970107E-3
1.620000E-8	-2.502884E-3
1.630000E-8	-1.324265E-3
1.640000E-8	-3.001399E-3
1.650000E-8	-3.522185E-3
1.660000E-8	-4.051536E-3
1.670000E-8	-4.496945E-3
1.680000E-8	-4.299937E-3
1.690000E-8	-3.775725E-3
1.700000E-8	-3.549595E-3
1.710000E-8	-2.573122E-3
1.720000E-8	-1.937558E-3
1.730000E-8	-1.598362E-3
1.740000E-8	-1.238609E-3
1.750000E-8	-1.660034E-3
1.760000E-8	-2.372688E-3
1.770000E-8	-2.062615E-3
1.780000E-8	-2.884908E-3
1.790000E-8	-4.053249E-3
1.800000E-8	-4.791599E-3
1.810000E-8	-4.344478E-3
1.820000E-8	-4.611723E-3
1.830000E-8	-4.872116E-3
1.840000E-8	-4.568895E-3
1.850000E-8	-3.972733E-3
1.860000E-8	-1.507568E-3
1.870000E-8	-5.362342E-4
1.880000E-8	-8.397314E-5
1.890000E-8	-3.375134E-4
1.900000E-8	-1.935845E-3
1.910000E-8	-2.288746E-3
1.920000E-8	-2.927736E-3
1.930000E-8	-4.245117E-3
1.940000E-8	-5.312385E-3
1.950000E-8	-4.952632E-3
1.960000E-8	-5.115377E-3
1.970000E-8	-5.127369E-3
1.980000E-8	-4.726501E-3
1.990000E-8	-4.872116E-3
2.000000E-8	-4.137191E-3
2.010000E-8	-2.117435E-3
2.020000E-8	-1.259167E-3
2.030000E-8	-1.274585E-3
2.040000E-8	-1.134110E-3
2.050000E-8	-1.231757E-3
2.060000E-8	-1.790231E-3
2.070000E-8	-2.559417E-3
2.080000E-8	-3.654094E-3
2.090000E-8	-4.291371E-3
2.100000E-8	-4.695665E-3
2.110000E-8	-4.632280E-3
2.120000E-8	-4.538059E-3
2.130000E-8	-4.281093E-3
2.140000E-8	-3.188128E-3
2.150000E-8	-2.211656E-3
2.160000E-8	-1.887878E-3
2.170000E-8	-2.396672E-3
2.180000E-8	-2.453204E-3
2.190000E-8	-2.492606E-3
2.200000E-8	-1.975247E-3
2.210000E-8	-3.397128E-3
2.220000E-8	-3.551308E-3
2.230000E-8	-4.808731E-3
2.240000E-8	-4.765903E-3
2.250000E-8	-4.628854E-3
2.260000E-8	-3.635250E-3
2.270000E-8	-3.237809E-3
2.280000E-8	-2.770130E-3
2.290000E-8	-1.562387E-3
2.300000E-8	-5.687833E-4
2.310000E-8	-1.302271E-4
2.320000E-8	-6.544388E-4
2.330000E-8	-1.596649E-3
2.340000E-8	-2.412090E-3
2.350000E-8	-2.710171E-3
2.360000E-8	-3.313186E-3
2.370000E-8	-4.332486E-3
2.380000E-8	-4.957771E-3
2.390000E-8	-4.440412E-3
2.400000E-8	-3.916200E-3
2.410000E-8	-4.058388E-3
2.420000E-8	-3.808274E-3
2.430000E-8	-3.112752E-3
2.440000E-8	-2.055763E-3
2.450000E-8	-1.233470E-3
2.460000E-8	-1.755969E-3
2.470000E-8	-2.048910E-3
2.480000E-8	-2.124287E-3
2.490000E-8	-1.134110E-3
2.500000E-8	-1.731985E-3
2.510000E-8	-3.722619E-3
2.520000E-8	-4.582600E-3
2.530000E-8	-4.171454E-3
2.540000E-8	-4.848132E-3
2.550000E-8	-4.532920E-3
2.560000E-8	-5.177049E-3
2.570000E-8	-4.565469E-3
2.580000E-8	-2.521729E-3
2.590000E-8	-1.735411E-3
2.600000E-8	-1.442469E-3
2.610000E-8	-1.706288E-3
2.620000E-8	-2.201377E-3
2.630000E-8	-2.562843E-3
2.640000E-8	-3.039088E-3
2.650000E-8	-3.953889E-3
2.660000E-8	-4.502084E-3
2.670000E-8	-3.952176E-3
2.680000E-8	-4.087511E-3
2.690000E-8	-4.133765E-3
2.700000E-8	-4.044683E-3
2.710000E-8	-3.400554E-3
2.720000E-8	-2.788974E-3
2.730000E-8	-2.173967E-3
2.740000E-8	-1.200921E-3
2.750000E-8	-1.283150E-3
2.760000E-8	-1.862181E-3
2.770000E-8	-1.815927E-3
2.780000E-8	-1.444182E-3
2.790000E-8	-2.977416E-3
2.800000E-8	-4.831001E-3
2.810000E-8	-4.926935E-3
2.820000E-8	-4.084085E-3
2.830000E-8	-3.751742E-3
2.840000E-8	-4.371887E-3
2.850000E-8	-3.722619E-3
2.860000E-8	-3.205260E-3
2.870000E-8	-2.715310E-3
2.880000E-8	-2.386393E-3
2.890000E-8	-1.632625E-3
2.900000E-8	-2.170541E-3
2.910000E-8	-2.136279E-3
2.920000E-8	-2.410377E-3
2.930000E-8	-3.061358E-3
2.940000E-8	-4.097790E-3
2.950000E-8	-5.559073E-3
2.960000E-8	-5.523097E-3
2.970000E-8	-4.704231E-3
2.980000E-8	-4.668256E-3
2.990000E-8	-4.675108E-3
3.000000E-8	-4.054962E-3
3.010000E-8	-2.931162E-3
3.020000E-8	-2.804392E-3
3.030000E-8	-2.194525E-3
3.040000E-8	-1.903296E-3
3.050000E-8	-2.352131E-3
3.060000E-8	-2.898613E-3
3.070000E-8	-3.140161E-3
3.080000E-8	-3.236096E-3
3.090000E-8	-5.072549E-3
3.100000E-8	-4.377027E-3
3.110000E-8	-4.474674E-3
3.120000E-8	-4.423281E-3
3.130000E-8	-4.419855E-3
3.140000E-8	-3.881938E-3
3.150000E-8	-2.281893E-3
3.160000E-8	-1.033036E-3
3.170000E-8	-5.619308E-4
3.180000E-8	-8.596299E-6
3.190000E-8	-5.961930E-4
3.200000E-8	-1.570953E-3
3.210000E-8	-1.848476E-3
3.220000E-8	-2.555991E-3
3.230000E-8	-3.481070E-3
3.240000E-8	-3.936758E-3
3.250000E-8	-4.856698E-3
3.260000E-8	-4.820722E-3
3.270000E-8	-4.527781E-3
3.280000E-8	-4.565469E-3
3.290000E-8	-3.816840E-3
3.300000E-8	-2.609097E-3
3.310000E-8	-1.202634E-3
3.320000E-8	-1.463027E-3
3.330000E-8	-1.560674E-3
3.340000E-8	-2.681048E-3
3.350000E-8	-2.578261E-3
3.360000E-8	-3.242948E-3
3.370000E-8	-4.087511E-3
3.380000E-8	-4.726501E-3
3.390000E-8	-4.632280E-3
3.400000E-8	-3.856241E-3
3.410000E-8	-3.407407E-3
3.420000E-8	-3.345735E-3
3.430000E-8	-3.630111E-3
3.440000E-8	-2.872916E-3
3.450000E-8	-2.412090E-3
3.460000E-8	-2.494319E-3
3.470000E-8	-2.759851E-3
3.480000E-8	-1.767960E-3
3.490000E-8	-1.987238E-3
3.500000E-8	-1.301994E-3
3.510000E-8	-2.175680E-3
3.520000E-8	-3.453661E-3
3.530000E-8	-4.243404E-3
3.540000E-8	-4.488379E-3
3.550000E-8	-4.313642E-3
3.560000E-8	-4.462682E-3
3.570000E-8	-4.428420E-3
3.580000E-8	-3.287489E-3
3.590000E-8	-1.586371E-3
3.600000E-8	-1.800509E-3
3.610000E-8	-1.928993E-3
3.620000E-8	-2.326434E-3
3.630000E-8	-2.144844E-3
3.640000E-8	-2.561130E-3
3.650000E-8	-2.583401E-3
3.660000E-8	-3.097334E-3
3.670000E-8	-3.825405E-3
3.680000E-8	-3.962454E-3
3.690000E-8	-3.938471E-3
3.700000E-8	-3.532464E-3
3.710000E-8	-3.433103E-3
3.720000E-8	-3.004826E-3
3.730000E-8	-2.287033E-3
3.740000E-8	-1.728559E-3
3.750000E-8	-1.968394E-3
3.760000E-8	-1.567526E-3
3.770000E-8	-1.788518E-3
3.780000E-8	-1.646329E-3
3.790000E-8	-2.304164E-3
3.800000E-8	-3.057932E-3
3.810000E-8	-4.274240E-3
3.820000E-8	-5.147926E-3
3.830000E-8	-4.472961E-3
3.840000E-8	-4.298224E-3
3.850000E-8	-4.767616E-3
3.860000E-8	-3.938471E-3
3.870000E-8	-2.206516E-3
3.880000E-8	-1.903296E-3
3.890000E-8	-1.538404E-3
3.900000E-8	-1.810788E-3
3.910000E-8	-1.886165E-3
3.920000E-8	-1.882739E-3
3.930000E-8	-1.726846E-3
3.940000E-8	-2.965424E-3
3.950000E-8	-4.741919E-3
3.960000E-8	-5.111951E-3
3.970000E-8	-4.759050E-3
3.980000E-8	-4.765903E-3
3.990000E-8	-5.029722E-3
4.000000E-8	-5.048566E-3
4.010000E-8	-3.532464E-3
4.020000E-8	-2.441213E-3
4.030000E-8	-1.881026E-3
4.040000E-8	-2.948293E-3
4.050000E-8	-2.288746E-3
4.060000E-8	-2.800966E-3
4.070000E-8	-2.638220E-3
4.080000E-8	-3.290915E-3
4.090000E-8	-3.513619E-3
4.100000E-8	-4.687100E-3
4.110000E-8	-4.878968E-3
4.120000E-8	-4.700805E-3
4.130000E-8	-4.885820E-3
4.140000E-8	-4.913230E-3
4.150000E-8	-4.740206E-3
4.160000E-8	-2.886621E-3
4.170000E-8	-2.105443E-3
4.180000E-8	-1.853616E-3
4.190000E-8	-2.122574E-3
4.200000E-8	-1.749116E-3
4.210000E-8	-2.261336E-3
4.220000E-8	-2.093451E-3
4.230000E-8	-2.127713E-3
4.240000E-8	-3.556447E-3
4.250000E-8	-4.923509E-3
4.260000E-8	-4.690526E-3
4.270000E-8	-5.675564E-3
4.280000E-8	-5.913687E-3
4.290000E-8	-5.195893E-3
4.300000E-8	-3.340595E-3
4.310000E-8	-2.196238E-3
4.320000E-8	-1.373945E-3
4.330000E-8	-1.298568E-3
4.340000E-8	-1.034749E-3
4.350000E-8	-1.516133E-3
4.360000E-8	-2.215082E-3
4.370000E-8	-3.114465E-3
4.380000E-8	-3.626685E-3
4.390000E-8	-4.921796E-3
4.400000E-8	-4.909804E-3
4.410000E-8	-4.226273E-3
4.420000E-8	-3.885364E-3
4.430000E-8	-3.165858E-3
4.440000E-8	-2.783835E-3
4.450000E-8	-1.946124E-3
4.460000E-8	-8.702906E-4
4.470000E-8	-1.111839E-3
4.480000E-8	-1.329404E-3
4.490000E-8	-1.790231E-3
4.500000E-8	-1.675452E-3
4.510000E-8	-2.343565E-3
4.520000E-8	-2.650212E-3
4.530000E-8	-4.044683E-3
4.540000E-8	-4.462682E-3
4.550000E-8	-4.308502E-3
4.560000E-8	-4.531207E-3
4.570000E-8	-4.430133E-3
4.580000E-8	-4.027552E-3
4.590000E-8	-2.867777E-3
4.600000E-8	-2.021501E-3
4.610000E-8	-1.846763E-3
4.620000E-8	-1.296855E-3
4.630000E-8	-8.000531E-4
4.640000E-8	-1.092995E-3
4.650000E-8	-1.224904E-3
4.660000E-8	-2.276754E-3
4.670000E-8	-3.691783E-3
4.680000E-8	-4.322207E-3
4.690000E-8	-4.591166E-3
4.700000E-8	-3.960741E-3
4.710000E-8	-4.166314E-3
4.720000E-8	-4.401010E-3
4.730000E-8	-3.647242E-3
4.740000E-8	-1.779952E-3
4.750000E-8	-7.178238E-4
4.760000E-8	-9.627986E-4
4.770000E-8	-1.913575E-3
4.780000E-8	-2.615950E-3
4.790000E-8	-3.097334E-3
4.800000E-8	-2.713597E-3
4.810000E-8	-2.992834E-3
4.820000E-8	-4.921796E-3
4.830000E-8	-5.077689E-3
4.840000E-8	-4.657977E-3
4.850000E-8	-4.716223E-3
4.860000E-8	-4.553477E-3
4.870000E-8	-4.551764E-3
4.880000E-8	-3.645529E-3
4.890000E-8	-3.136735E-3
4.900000E-8	-2.369262E-3
4.910000E-8	-2.033492E-3
4.920000E-8	-2.321295E-3
4.930000E-8	-2.588540E-3
4.940000E-8	-2.583401E-3
4.950000E-8	-3.439956E-3
4.960000E-8	-3.529037E-3
4.970000E-8	-4.065241E-3
4.980000E-8	-3.830545E-3
4.990000E-8	-3.900782E-3
5.000000E-8	-4.094364E-3
5.010000E-8	-4.005282E-3
5.020000E-8	-3.821979E-3
5.030000E-8	-3.135022E-3
5.040000E-8	-2.103730E-3
5.050000E-8	-1.952976E-3
5.060000E-8	-1.692583E-3
5.070000E-8	-2.292172E-3
5.080000E-8	-2.026640E-3
5.090000E-8	-2.516589E-3
5.100000E-8	-3.609554E-3
5.110000E-8	-4.368461E-3
5.120000E-8	-3.789430E-3
5.130000E-8	-4.001856E-3
5.140000E-8	-4.772755E-3
5.150000E-8	-4.361609E-3
5.160000E-8	-3.517046E-3
5.170000E-8	-1.896444E-3
5.180000E-8	-7.812089E-4
5.190000E-8	-1.391076E-3
5.200000E-8	-2.165402E-3
5.210000E-8	-1.855329E-3
5.220000E-8	-2.126000E-3
5.230000E-8	-2.134566E-3
5.240000E-8	-1.968394E-3
5.250000E-8	-3.297768E-3
5.260000E-8	-3.890504E-3
5.270000E-8	-3.952176E-3
5.280000E-8	-4.395871E-3
5.290000E-8	-4.012134E-3
5.300000E-8	-4.325634E-3
5.310000E-8	-3.167571E-3
5.320000E-8	-2.550852E-3
5.330000E-8	-1.702862E-3
5.340000E-8	-2.288746E-3
5.350000E-8	-2.403524E-3
5.360000E-8	-3.015104E-3
5.370000E-8	-2.304164E-3
5.380000E-8	-3.080203E-3
5.390000E-8	-4.339338E-3
5.400000E-8	-4.985181E-3
5.410000E-8	-4.133765E-3
5.420000E-8	-3.643816E-3
5.430000E-8	-4.192011E-3
5.440000E-8	-4.488379E-3
5.450000E-8	-3.984725E-3
5.460000E-8	-2.225361E-3
5.470000E-8	-1.711428E-3
5.480000E-8	-1.678879E-3
5.490000E-8	-1.903296E-3
5.500000E-8	-2.665630E-3
5.510000E-8	-2.624515E-3
5.520000E-8	-2.823236E-3
5.530000E-8	-3.561586E-3
5.540000E-8	-5.144500E-3
5.550000E-8	-5.235295E-3
5.560000E-8	-4.920083E-3
5.570000E-8	-4.669969E-3
5.580000E-8	-5.099959E-3
5.590000E-8	-4.678534E-3
5.600000E-8	-3.602701E-3
5.610000E-8	-1.600075E-3
5.620000E-8	-2.040345E-3
5.630000E-8	-1.677165E-3
5.640000E-8	-1.846763E-3
5.650000E-8	-2.043771E-3
5.660000E-8	-2.715310E-3
5.670000E-8	-3.510193E-3
5.680000E-8	-4.594592E-3
5.690000E-8	-5.322664E-3
5.700000E-8	-5.238721E-3
5.710000E-8	-4.716223E-3
5.720000E-8	-4.323920E-3
5.730000E-8	-4.505510E-3
5.740000E-8	-4.072093E-3
5.750000E-8	-2.391532E-3
5.760000E-8	-2.196238E-3
5.770000E-8	-2.090025E-3
5.780000E-8	-2.429221E-3
5.790000E-8	-2.999686E-3
5.800000E-8	-2.956859E-3
5.810000E-8	-2.929449E-3
5.820000E-8	-3.868233E-3
5.830000E-8	-5.046853E-3
5.840000E-8	-4.904665E-3
5.850000E-8	-4.320494E-3
5.860000E-8	-4.368461E-3
5.870000E-8	-4.255396E-3
5.880000E-8	-4.111495E-3
5.890000E-8	-2.681048E-3
5.900000E-8	-1.361953E-3
5.910000E-8	-7.555123E-4
5.920000E-8	-7.657909E-4
5.930000E-8	-1.295142E-3
5.940000E-8	-1.560674E-3
5.950000E-8	-1.348248E-3
5.960000E-8	-2.444639E-3
5.970000E-8	-4.210855E-3
5.980000E-8	-4.870403E-3
5.990000E-8	-4.436986E-3
6.000000E-8	-4.186872E-3
6.010000E-8	-4.625428E-3
6.020000E-8	-4.212568E-3
6.030000E-8	-3.385136E-3
6.040000E-8	-2.256197E-3
6.050000E-8	-2.293885E-3
6.060000E-8	-2.251057E-3
6.070000E-8	-1.862181E-3
6.080000E-8	-2.084886E-3
6.090000E-8	-1.531551E-3
6.100000E-8	-1.769673E-3
6.110000E-8	-2.973990E-3
6.120000E-8	-3.837397E-3
6.130000E-8	-4.178306E-3
6.140000E-8	-3.825405E-3
6.150000E-8	-4.303363E-3
6.160000E-8	-4.318781E-3
6.170000E-8	-4.834427E-3
6.180000E-8	-3.020244E-3
6.190000E-8	-2.485753E-3
6.200000E-8	-1.896444E-3
6.210000E-8	-1.767960E-3
6.220000E-8	-2.096877E-3
6.230000E-8	-2.645073E-3
6.240000E-8	-2.941441E-3
6.250000E-8	-3.328603E-3
6.260000E-8	-3.948749E-3
6.270000E-8	-3.919626E-3
6.280000E-8	-4.688813E-3
6.290000E-8	-4.452404E-3
6.300000E-8	-4.538059E-3
6.310000E-8	-4.534633E-3
6.320000E-8	-3.391989E-3
6.330000E-8	-1.923853E-3
6.340000E-8	-1.075864E-3
6.350000E-8	-7.726434E-4
6.360000E-8	-1.101560E-3
6.370000E-8	-1.797083E-3
6.380000E-8	-1.884452E-3
6.390000E-8	-2.129426E-3
6.400000E-8	-3.256653E-3
6.410000E-8	-4.063528E-3
6.420000E-8	-4.174880E-3
6.430000E-8	-3.674652E-3
6.440000E-8	-3.566726E-3
6.450000E-8	-3.928192E-3
6.460000E-8	-2.677622E-3
6.470000E-8	-1.173511E-3
6.480000E-8	-6.270290E-4
6.490000E-8	-6.030455E-4
6.500000E-8	-1.653182E-3
6.510000E-8	-2.574835E-3
6.520000E-8	-2.987695E-3
6.530000E-8	-3.239522E-3
6.540000E-8	-3.445095E-3
6.550000E-8	-4.515789E-3
6.560000E-8	-4.085798E-3
6.570000E-8	-3.708914E-3
6.580000E-8	-3.959028E-3
6.590000E-8	-4.644272E-3
6.600000E-8	-3.604414E-3
6.610000E-8	-2.473762E-3
6.620000E-8	-1.534977E-3
6.630000E-8	-1.637764E-3
6.640000E-8	-1.666887E-3
6.650000E-8	-1.648043E-3
6.660000E-8	-2.266475E-3
6.670000E-8	-1.678879E-3
6.680000E-8	-2.879769E-3
6.690000E-8	-3.977872E-3
6.700000E-8	-3.652381E-3
6.710000E-8	-3.484497E-3
6.720000E-8	-3.205260E-3
6.730000E-8	-3.806561E-3
6.740000E-8	-3.893930E-3
6.750000E-8	-3.215538E-3
6.760000E-8	-1.995804E-3
6.770000E-8	-1.577805E-3
6.780000E-8	-1.521272E-3
6.790000E-8	-2.355557E-3
6.800000E-8	-2.266475E-3
6.810000E-8	-1.567526E-3
6.820000E-8	-2.129426E-3
6.830000E-8	-3.917913E-3
6.840000E-8	-4.623715E-3
6.850000E-8	-5.014304E-3
6.860000E-8	-3.784291E-3
6.870000E-8	-3.952176E-3
6.880000E-8	-3.553021E-3
6.890000E-8	-2.773556E-3
6.900000E-8	-8.291760E-4
6.910000E-8	1.164607E-4
6.920000E-8	-4.077509E-4
6.930000E-8	-1.151241E-3
6.940000E-8	-2.612524E-3
6.950000E-8	-2.576548E-3
6.960000E-8	-2.682761E-3
6.970000E-8	-3.640390E-3
6.980000E-8	-4.772755E-3
6.990000E-8	-4.138905E-3
7.000000E-8	-4.102929E-3
7.010000E-8	-4.025839E-3
7.020000E-8	-3.424538E-3
7.030000E-8	-3.563300E-3
7.040000E-8	-3.116178E-3
7.050000E-8	-2.155123E-3
7.060000E-8	-1.766247E-3
7.070000E-8	-1.862181E-3
7.080000E-8	-1.454461E-3
7.090000E-8	-1.752542E-3
7.100000E-8	-2.429221E-3
7.110000E-8	-2.153410E-3
7.120000E-8	-3.090481E-3
7.130000E-8	-4.359896E-3
7.140000E-8	-3.710627E-3
7.150000E-8	-3.258366E-3
7.160000E-8	-3.659234E-3
7.170000E-8	-3.561586E-3
7.180000E-8	-3.114465E-3
7.190000E-8	-2.038632E-3
7.200000E-8	-1.490436E-3
7.210000E-8	-2.430934E-3
7.220000E-8	-2.086599E-3
7.230000E-8	-2.535434E-3
7.240000E-8	-2.352131E-3
7.250000E-8	-3.172710E-3
7.260000E-8	-3.678078E-3
7.270000E-8	-5.228442E-3
7.280000E-8	-4.584313E-3
7.290000E-8	-4.534633E-3
7.300000E-8	-4.440412E-3
7.310000E-8	-4.817296E-3
7.320000E-8	-3.866520E-3
7.330000E-8	-2.107156E-3
7.340000E-8	-1.668600E-3
7.350000E-8	-1.620633E-3
7.360000E-8	-2.011222E-3
7.370000E-8	-1.946124E-3
7.380000E-8	-2.103730E-3
7.390000E-8	-2.287033E-3
7.400000E-8	-3.189842E-3
7.410000E-8	-4.752198E-3
7.420000E-8	-4.675108E-3
7.430000E-8	-4.529494E-3
7.440000E-8	-4.560330E-3
7.450000E-8	-4.126913E-3
7.460000E-8	-4.215994E-3
7.470000E-8	-3.667799E-3
7.480000E-8	-1.898157E-3
7.490000E-8	-2.235639E-3
7.500000E-8	-2.518302E-3
7.510000E-8	-2.408663E-3
7.520000E-8	-3.445095E-3
7.530000E-8	-2.972277E-3
7.540000E-8	-2.878056E-3
7.550000E-8	-4.265675E-3
7.560000E-8	-4.901238E-3
7.570000E-8	-4.606584E-3
7.580000E-8	-3.487923E-3
7.590000E-8	-3.188128E-3
7.600000E-8	-2.989408E-3
7.610000E-8	-3.117891E-3
7.620000E-8	-2.723876E-3
7.630000E-8	-1.939271E-3
7.640000E-8	-1.910148E-3
7.650000E-8	-1.286576E-3
7.660000E-8	-1.737124E-3
7.670000E-8	-1.012479E-3
7.680000E-8	-1.468166E-3
7.690000E-8	-2.533720E-3
7.700000E-8	-4.628854E-3
7.710000E-8	-4.870403E-3
7.720000E-8	-3.911061E-3
7.730000E-8	-3.720906E-3
7.740000E-8	-4.138905E-3
7.750000E-8	-3.738037E-3
7.760000E-8	-3.349161E-3
7.770000E-8	-2.233926E-3
7.780000E-8	-1.942697E-3
7.790000E-8	-1.879312E-3
7.800000E-8	-2.341852E-3
7.810000E-8	-2.900326E-3
7.820000E-8	-3.261792E-3
7.830000E-8	-3.059645E-3
7.840000E-8	-3.678078E-3
7.850000E-8	-4.436986E-3
7.860000E-8	-4.587739E-3
7.870000E-8	-4.250257E-3
7.880000E-8	-5.120517E-3
7.890000E-8	-4.904665E-3
7.900000E-8	-3.876799E-3
7.910000E-8	-1.848476E-3
7.920000E-8	-1.200921E-3
7.930000E-8	-1.826206E-3
7.940000E-8	-1.680592E-3
7.950000E-8	-2.621089E-3
7.960000E-8	-2.062615E-3
7.970000E-8	-2.773556E-3
7.980000E-8	-3.342308E-3
7.990000E-8	-4.099503E-3
8.000000E-8	-4.096077E-3
8.010000E-8	-3.446808E-3
8.020000E-8	-3.527324E-3
8.030000E-8	-3.405693E-3
8.040000E-8	-4.623715E-3
8.050000E-8	-3.494775E-3
8.060000E-8	-3.097334E-3
8.070000E-8	-2.376114E-3
8.080000E-8	-2.287033E-3
8.090000E-8	-2.093451E-3
8.100000E-8	-2.788974E-3
8.110000E-8	-2.242492E-3
8.120000E-8	-2.725589E-3
8.130000E-8	-3.642103E-3
8.140000E-8	-4.717936E-3
8.150000E-8	-5.029722E-3
8.160000E-8	-5.382622E-3
8.170000E-8	-5.249000E-3
8.180000E-8	-5.720105E-3
8.190000E-8	-4.861837E-3
8.200000E-8	-2.821523E-3
8.210000E-8	-1.385937E-3
8.220000E-8	-9.422413E-4
8.230000E-8	-4.677098E-4
8.240000E-8	-1.190642E-3
8.250000E-8	-1.471592E-3
8.260000E-8	-1.891304E-3
8.270000E-8	-2.843793E-3
8.280000E-8	-4.106355E-3
8.290000E-8	-4.262248E-3
8.300000E-8	-4.065241E-3
8.310000E-8	-4.568895E-3
8.320000E-8	-4.908091E-3
8.330000E-8	-4.801878E-3
8.340000E-8	-3.213825E-3
8.350000E-8	-1.666887E-3
8.360000E-8	-1.500715E-3
8.370000E-8	-1.949550E-3
8.380000E-8	-2.105443E-3
8.390000E-8	-1.600075E-3
8.400000E-8	-2.251057E-3
8.410000E-8	-3.535890E-3
8.420000E-8	-4.217708E-3
8.430000E-8	-4.510649E-3
8.440000E-8	-3.539316E-3
8.450000E-8	-4.382166E-3
8.460000E-8	-5.036574E-3
8.470000E-8	-4.918370E-3
8.480000E-8	-3.888790E-3
8.490000E-8	-1.952976E-3
8.500000E-8	-1.642903E-3
8.510000E-8	-1.464740E-3
8.520000E-8	-1.488723E-3
8.530000E-8	-1.767960E-3
8.540000E-8	-1.901583E-3
8.550000E-8	-1.831345E-3
8.560000E-8	-3.421111E-3
8.570000E-8	-4.668256E-3
8.580000E-8	-4.873829E-3
8.590000E-8	-4.370174E-3
8.600000E-8	-4.142331E-3
8.610000E-8	-4.599731E-3
8.620000E-8	-3.703775E-3
8.630000E-8	-2.006083E-3
8.640000E-8	-8.308891E-4
8.650000E-8	-1.146101E-3
8.660000E-8	-1.797083E-3
8.670000E-8	-1.963255E-3
8.680000E-8	-2.203090E-3
8.690000E-8	-2.922596E-3
8.700000E-8	-3.301194E-3
8.710000E-8	-4.426707E-3
8.720000E-8	-5.129082E-3
8.730000E-8	-4.193724E-3
8.740000E-8	-4.863550E-3
8.750000E-8	-4.914943E-3
8.760000E-8	-4.212568E-3
8.770000E-8	-2.824949E-3
8.780000E-8	-2.237352E-3
8.790000E-8	-2.093451E-3
8.800000E-8	-2.122574E-3
8.810000E-8	-2.466909E-3
8.820000E-8	-2.881482E-3
8.830000E-8	-2.259623E-3
8.840000E-8	-2.472048E-3
8.850000E-8	-3.691783E-3
8.860000E-8	-4.354756E-3
8.870000E-8	-4.757337E-3
8.880000E-8	-5.348360E-3
8.890000E-8	-4.747059E-3
8.900000E-8	-5.151353E-3
8.910000E-8	-4.012134E-3
8.920000E-8	-2.449778E-3
8.930000E-8	-1.421912E-3
8.940000E-8	-1.170085E-3
8.950000E-8	-1.272871E-3
8.960000E-8	-1.653182E-3
8.970000E-8	-2.004369E-3
8.980000E-8	-2.167115E-3
8.990000E-8	-3.806561E-3
9.000000E-8	-4.813870E-3
9.010000E-8	-5.142787E-3
9.020000E-8	-5.134221E-3
9.030000E-8	-5.694408E-3
9.040000E-8	-5.307246E-3
9.050000E-8	-4.502084E-3
9.060000E-8	-3.400554E-3
9.070000E-8	-2.168828E-3
9.080000E-8	-1.745690E-3
9.090000E-8	-1.632625E-3
9.100000E-8	-2.444639E-3
9.110000E-8	-2.466909E-3
9.120000E-8	-1.858755E-3
9.130000E-8	-2.677622E-3
9.140000E-8	-4.087511E-3
9.150000E-8	-4.562043E-3
9.160000E-8	-3.823692E-3
9.170000E-8	-3.751742E-3
9.180000E-8	-3.565013E-3
9.190000E-8	-3.176137E-3
9.200000E-8	-2.718736E-3
9.210000E-8	-1.785091E-3
9.220000E-8	-1.469879E-3
9.230000E-8	-1.451035E-3
9.240000E-8	-2.240779E-3
9.250000E-8	-2.650212E-3
9.260000E-8	-2.086599E-3
9.270000E-8	-2.305877E-3
9.280000E-8	-3.359439E-3
9.290000E-8	-4.613436E-3
9.300000E-8	-3.230956E-3
9.310000E-8	-2.696466E-3
9.320000E-8	-3.811701E-3
9.330000E-8	-4.457543E-3
9.340000E-8	-4.454117E-3
9.350000E-8	-3.797996E-3
9.360000E-8	-2.677622E-3
9.370000E-8	-2.179107E-3
9.380000E-8	-1.709715E-3
9.390000E-8	-2.071181E-3
9.400000E-8	-1.865608E-3
9.410000E-8	-1.824493E-3
9.420000E-8	-3.068211E-3
9.430000E-8	-4.279380E-3
9.440000E-8	-4.159462E-3
9.450000E-8	-4.637420E-3
9.460000E-8	-4.248544E-3
9.470000E-8	-4.073806E-3
9.480000E-8	-3.465652E-3
9.490000E-8	-2.914031E-3
9.500000E-8	-2.107156E-3
9.510000E-8	-1.915288E-3
9.520000E-8	-1.646329E-3
9.530000E-8	-1.471592E-3
9.540000E-8	-1.336257E-3
9.550000E-8	-2.206516E-3
9.560000E-8	-2.679335E-3
9.570000E-8	-4.291371E-3
9.580000E-8	-5.420311E-3
9.590000E-8	-5.387762E-3
9.600000E-8	-4.974902E-3
9.610000E-8	-3.789430E-3
9.620000E-8	-3.772299E-3
9.630000E-8	-2.927736E-3
9.640000E-8	-1.857042E-3
9.650000E-8	-1.588084E-3
9.660000E-8	-1.252314E-3
9.670000E-8	-2.057476E-3
9.680000E-8	-2.196238E-3
9.690000E-8	-1.908435E-3
9.700000E-8	-9.902083E-4
9.710000E-8	-1.889591E-3
9.720000E-8	-3.453661E-3
9.730000E-8	-3.852815E-3
9.740000E-8	-3.866520E-3
9.750000E-8	-4.870403E-3
9.760000E-8	-4.925222E-3
9.770000E-8	-4.469535E-3
9.780000E-8	-2.785548E-3
9.790000E-8	-1.300281E-3
9.800000E-8	-1.353388E-3
9.810000E-8	-1.348248E-3
9.820000E-8	-1.824493E-3
9.830000E-8	-2.555991E-3
9.840000E-8	-2.675909E-3
9.850000E-8	-2.979129E-3
9.860000E-8	-4.385592E-3
9.870000E-8	-4.431846E-3
9.880000E-8	-5.153066E-3
9.890000E-8	-4.938927E-3
9.900000E-8	-5.026296E-3
9.910000E-8	-5.665286E-3
9.920000E-8	-5.192467E-3
9.930000E-8	-2.439499E-3
9.940000E-8	-1.875886E-3
9.950000E-8	-2.035205E-3
9.960000E-8	-1.934132E-3
9.970000E-8	-1.504141E-3
9.980000E-8	-1.773100E-3
9.990000E-8	-2.047197E-3
1.000000E-7	-2.756425E-3
1.001000E-7	-3.912774E-3
1.002000E-7	-3.952176E-3
1.003000E-7	-4.085798E-3
1.004000E-7	-4.546625E-3
1.005000E-7	-4.224560E-3
1.006000E-7	-3.141875E-3
1.007000E-7	-2.451491E-3
1.008000E-7	-1.449322E-3
1.009000E-7	-1.862181E-3
1.010000E-7	-1.899870E-3
1.011000E-7	-1.994091E-3
1.012000E-7	-1.788518E-3
1.013000E-7	-2.946580E-3
1.014000E-7	-3.308046E-3
1.015000E-7	-3.972733E-3
1.016000E-7	-4.255396E-3
1.017000E-7	-4.085798E-3
1.018000E-7	-3.606127E-3
1.019000E-7	-3.306333E-3
1.020000E-7	-3.289202E-3
1.021000E-7	-3.170997E-3
1.022000E-7	-2.161976E-3
1.023000E-7	-1.708001E-3
1.024000E-7	-1.877599E-3
1.025000E-7	-2.723876E-3
1.026000E-7	-2.898613E-3
1.027000E-7	-2.273328E-3
1.028000E-7	-2.446352E-3
1.029000E-7	-3.376571E-3
1.030000E-7	-4.442125E-3
1.031000E-7	-4.512363E-3
1.032000E-7	-4.747059E-3
1.033000E-7	-4.944066E-3
1.034000E-7	-4.664829E-3
1.035000E-7	-3.715766E-3
1.036000E-7	-1.755969E-3
1.037000E-7	-1.152954E-3
1.038000E-7	-7.126845E-4
1.039000E-7	-1.209486E-3
1.040000E-7	-1.875886E-3
1.041000E-7	-2.667343E-3
1.042000E-7	-2.788974E-3
1.043000E-7	-3.092194E-3
1.044000E-7	-4.435273E-3
1.045000E-7	-5.117090E-3
1.046000E-7	-4.227986E-3
1.047000E-7	-4.287945E-3
1.048000E-7	-3.984725E-3
1.049000E-7	-3.875086E-3
1.050000E-7	-3.438243E-3
1.051000E-7	-1.464740E-3
1.052000E-7	-1.252314E-3
1.053000E-7	-1.692583E-3
1.054000E-7	-2.156836E-3
1.055000E-7	-2.473762E-3
1.056000E-7	-2.189385E-3
1.057000E-7	-3.786004E-3
1.058000E-7	-4.282806E-3
1.059000E-7	-4.834427E-3
1.060000E-7	-4.341052E-3
1.061000E-7	-4.700805E-3
1.062000E-7	-4.923509E-3
1.063000E-7	-4.269101E-3
1.064000E-7	-3.607840E-3
1.065000E-7	-2.893474E-3
1.066000E-7	-1.814214E-3
1.067000E-7	-2.059189E-3
1.068000E-7	-2.033492E-3
1.069000E-7	-2.492606E-3
1.070000E-7	-2.869490E-3
1.071000E-7	-2.915744E-3
1.072000E-7	-2.871203E-3
1.073000E-7	-3.828832E-3
1.074000E-7	-3.505054E-3
1.075000E-7	-3.823692E-3
1.076000E-7	-3.743176E-3
1.077000E-7	-3.522185E-3
1.078000E-7	-3.241235E-3
1.079000E-7	-2.669056E-3
1.080000E-7	-1.755969E-3
1.081000E-7	-2.391532E-3
1.082000E-7	-2.172254E-3
1.083000E-7	-2.838654E-3
1.084000E-7	-3.664373E-3
1.085000E-7	-2.886621E-3
1.086000E-7	-3.654094E-3
1.087000E-7	-4.647698E-3
1.088000E-7	-4.959484E-3
1.089000E-7	-4.825862E-3
1.090000E-7	-4.466109E-3
1.091000E-7	-4.997173E-3
1.092000E-7	-4.906378E-3
1.093000E-7	-4.149183E-3
1.094000E-7	-2.828375E-3
1.095000E-7	-2.729015E-3
1.096000E-7	-2.744433E-3
1.097000E-7	-2.881482E-3
1.098000E-7	-2.730728E-3
1.099000E-7	-2.156836E-3
1.100000E-7	-2.578261E-3
1.101000E-7	-3.278923E-3
1.102000E-7	-4.084085E-3
1.103000E-7	-4.048110E-3
1.104000E-7	-4.123487E-3
1.105000E-7	-4.101216E-3
1.106000E-7	-4.596305E-3
1.107000E-7	-4.159462E-3
1.108000E-7	-2.655351E-3
1.109000E-7	-1.905009E-3
1.110000E-7	-1.593223E-3
1.111000E-7	-1.752542E-3
1.112000E-7	-2.681048E-3
1.113000E-7	-2.984268E-3
1.114000E-7	-2.537147E-3
1.115000E-7	-2.852359E-3
1.116000E-7	-4.293084E-3
1.117000E-7	-4.613436E-3
1.118000E-7	-3.744889E-3
1.119000E-7	-3.523898E-3
1.120000E-7	-3.964167E-3
1.121000E-7	-4.579174E-3
1.122000E-7	-4.226273E-3
1.123000E-7	-2.742720E-3
1.124000E-7	-1.305421E-3
1.125000E-7	-1.646329E-3
1.126000E-7	-2.579974E-3
1.127000E-7	-2.713597E-3
1.128000E-7	-2.273328E-3
1.129000E-7	-3.236096E-3
1.130000E-7	-4.221134E-3
1.131000E-7	-5.141074E-3
1.132000E-7	-4.723075E-3
1.133000E-7	-4.851558E-3
1.134000E-7	-4.267388E-3
1.135000E-7	-3.821979E-3
1.136000E-7	-2.309303E-3
1.137000E-7	-8.514464E-4
1.138000E-7	-1.291716E-3
1.139000E-7	-1.988951E-3
1.140000E-7	-2.197951E-3
1.141000E-7	-2.057476E-3
1.142000E-7	-1.579518E-3
1.143000E-7	-1.997517E-3
1.144000E-7	-3.037375E-3
1.145000E-7	-4.628854E-3
1.146000E-7	-4.579174E-3
1.147000E-7	-4.286232E-3
1.148000E-7	-4.065241E-3
1.149000E-7	-3.916200E-3
1.150000E-7	-3.611267E-3
1.151000E-7	-2.047197E-3
1.152000E-7	-7.897745E-4
1.153000E-7	-1.660034E-3
1.154000E-7	-1.074151E-3
1.155000E-7	-1.108413E-3
1.156000E-7	-1.278011E-3
1.157000E-7	-1.956402E-3
1.158000E-7	-3.159006E-3
1.159000E-7	-4.519215E-3
1.160000E-7	-4.846419E-3
1.161000E-7	-4.423281E-3
1.162000E-7	-4.748772E-3
1.163000E-7	-4.555190E-3
1.164000E-7	-4.078946E-3
1.165000E-7	-2.682761E-3
1.166000E-7	-1.339683E-3
1.167000E-7	-1.024471E-3
1.168000E-7	-1.533264E-3
1.169000E-7	-2.160262E-3
1.170000E-7	-1.961542E-3
1.171000E-7	-2.004369E-3
1.172000E-7	-3.008252E-3
1.173000E-7	-4.166314E-3
1.174000E-7	-5.752654E-3
1.175000E-7	-5.386049E-3
1.176000E-7	-5.631023E-3
1.177000E-7	-5.497401E-3
1.178000E-7	-5.260992E-3
1.179000E-7	-4.508936E-3
1.180000E-7	-2.845506E-3
1.181000E-7	-1.899870E-3
1.182000E-7	-1.351675E-3
1.183000E-7	-1.409920E-3
1.184000E-7	-2.343565E-3
1.185000E-7	-1.939271E-3
1.186000E-7	-2.422368E-3
1.187000E-7	-3.296054E-3
1.188000E-7	-4.873829E-3
1.189000E-7	-4.599731E-3
1.190000E-7	-4.560330E-3
1.191000E-7	-4.120060E-3
1.192000E-7	-4.156036E-3
1.193000E-7	-3.753455E-3
1.194000E-7	-3.009965E-3
1.195000E-7	-1.995804E-3
1.196000E-7	-1.632625E-3
1.197000E-7	-1.577805E-3
1.198000E-7	-1.827919E-3
1.199000E-7	-2.191098E-3
1.200000E-7	-2.233926E-3
1.201000E-7	-3.296054E-3
1.202000E-7	-4.092651E-3
1.203000E-7	-4.880681E-3
1.204000E-7	-4.209142E-3
1.205000E-7	-4.114921E-3
1.206000E-7	-4.508936E-3
1.207000E-7	-4.949206E-3
1.208000E-7	-3.871659E-3
1.209000E-7	-3.013391E-3
1.210000E-7	-2.278467E-3
1.211000E-7	-1.697723E-3
1.212000E-7	-1.408207E-3
1.213000E-7	-1.589797E-3
1.214000E-7	-1.690870E-3
1.215000E-7	-2.235639E-3
1.216000E-7	-3.102473E-3
1.217000E-7	-4.476387E-3
1.218000E-7	-4.824149E-3
1.219000E-7	-4.519215E-3
1.220000E-7	-4.325634E-3
1.221000E-7	-4.505510E-3
1.222000E-7	-3.881938E-3
1.223000E-7	-2.722163E-3
1.224000E-7	-1.889591E-3
1.225000E-7	-1.288289E-3
1.226000E-7	-1.540117E-3
1.227000E-7	-1.403068E-3
1.228000E-7	-9.268233E-4
1.229000E-7	-1.007339E-3
1.230000E-7	-2.285320E-3
1.231000E-7	-3.959028E-3
1.232000E-7	-4.502084E-3
1.233000E-7	-4.207429E-3
1.234000E-7	-4.512363E-3
1.235000E-7	-4.126913E-3
1.236000E-7	-3.299481E-3
1.237000E-7	-2.717023E-3
1.238000E-7	-1.853616E-3
1.239000E-7	-1.356814E-3
1.240000E-7	-1.610354E-3
1.241000E-7	-2.168828E-3
1.242000E-7	-2.206516E-3
1.243000E-7	-2.209943E-3
1.244000E-7	-2.739294E-3
1.245000E-7	-2.749572E-3
1.246000E-7	-3.357726E-3
1.247000E-7	-3.063071E-3
1.248000E-7	-3.205260E-3
1.249000E-7	-3.852815E-3
1.250000E-7	-4.390732E-3
1.251000E-7	-4.344478E-3
1.252000E-7	-3.609554E-3
1.253000E-7	-2.622802E-3
1.254000E-7	-1.992378E-3
1.255000E-7	-1.737124E-3
1.256000E-7	-2.372688E-3
1.257000E-7	-2.011222E-3
1.258000E-7	-2.043771E-3
1.259000E-7	-3.032235E-3
1.260000E-7	-4.332486E-3
1.261000E-7	-4.406150E-3
1.262000E-7	-4.748772E-3
1.263000E-7	-4.265675E-3
1.264000E-7	-4.277666E-3
1.265000E-7	-3.403980E-3
1.266000E-7	-2.699892E-3
1.267000E-7	-1.574379E-3
1.268000E-7	-1.625772E-3
1.269000E-7	-1.954689E-3
1.270000E-7	-2.316155E-3
1.271000E-7	-3.136735E-3
1.272000E-7	-3.224104E-3
1.273000E-7	-3.398841E-3
1.274000E-7	-4.169741E-3
1.275000E-7	-5.017730E-3
1.276000E-7	-4.579174E-3
1.277000E-7	-4.054962E-3
1.278000E-7	-3.585570E-3
1.279000E-7	-3.218964E-3
1.280000E-7	-3.215538E-3
1.281000E-7	-1.829632E-3
1.282000E-7	-1.625772E-3
1.283000E-7	-1.531551E-3
1.284000E-7	-1.927280E-3
1.285000E-7	-2.079746E-3
1.286000E-7	-2.035205E-3
1.287000E-7	-2.412090E-3
1.288000E-7	-3.254940E-3
1.289000E-7	-4.964624E-3
1.290000E-7	-5.211311E-3
1.291000E-7	-4.445551E-3
1.292000E-7	-4.263962E-3
1.293000E-7	-4.580887E-3
1.294000E-7	-4.440412E-3
1.295000E-7	-2.021501E-3
1.296000E-7	-9.833559E-4
1.297000E-7	-6.047586E-4
1.298000E-7	-1.337970E-3
1.299000E-7	-1.385937E-3
1.300000E-7	-1.284863E-3
1.301000E-7	-1.473305E-3
1.302000E-7	-2.626228E-3
1.303000E-7	-3.792856E-3
1.304000E-7	-4.200576E-3
1.305000E-7	-4.013848E-3
1.306000E-7	-3.611267E-3
1.307000E-7	-4.227986E-3
1.308000E-7	-4.135478E-3
1.309000E-7	-3.448521E-3
1.310000E-7	-2.233926E-3
1.311000E-7	-1.920427E-3
1.312000E-7	-1.976960E-3
1.313000E-7	-1.737124E-3
1.314000E-7	-2.430934E-3
1.315000E-7	-2.175680E-3
1.316000E-7	-2.530294E-3
1.317000E-7	-2.989408E-3
1.318000E-7	-3.914487E-3
1.319000E-7	-4.524354E-3
1.320000E-7	-4.234839E-3
1.321000E-7	-3.947036E-3
1.322000E-7	-4.018987E-3
1.323000E-7	-3.164145E-3
1.324000E-7	-2.304164E-3
1.325000E-7	-1.104987E-3
1.326000E-7	-1.372232E-3
1.327000E-7	-1.803936E-3
1.328000E-7	-1.894730E-3
1.329000E-7	-2.549138E-3
1.330000E-7	-3.236096E-3
1.331000E-7	-3.472505E-3
1.332000E-7	-4.162888E-3
1.333000E-7	-3.890504E-3
1.334000E-7	-4.322207E-3
1.335000E-7	-4.000143E-3
1.336000E-7	-4.844706E-3
1.337000E-7	-4.250257E-3
1.338000E-7	-3.462226E-3
1.339000E-7	-2.259623E-3
1.340000E-7	-1.164946E-3
1.341000E-7	-2.564556E-3
1.342000E-7	-1.757682E-3
1.343000E-7	-2.045484E-3
1.344000E-7	-1.021044E-3
1.345000E-7	-2.064328E-3
1.346000E-7	-3.362866E-3
1.347000E-7	-4.517502E-3
1.348000E-7	-5.721818E-3
1.349000E-7	-5.214738E-3
1.350000E-7	-4.596305E-3
1.351000E-7	-4.471248E-3
1.352000E-7	-3.746602E-3
1.353000E-7	-1.841624E-3
1.354000E-7	-5.019720E-4
1.355000E-7	-6.287421E-4
1.356000E-7	-1.384224E-3
1.357000E-7	-1.839911E-3
1.358000E-7	-2.900326E-3
1.359000E-7	-2.552565E-3
1.360000E-7	-3.054506E-3
1.361000E-7	-4.373601E-3
1.362000E-7	-4.070380E-3
1.363000E-7	-3.833971E-3
1.364000E-7	-3.592422E-3
1.365000E-7	-4.431846E-3
1.366000E-7	-4.385592E-3
1.367000E-7	-3.624972E-3
1.368000E-7	-2.276754E-3
1.369000E-7	-2.456631E-3
1.370000E-7	-2.093451E-3
1.371000E-7	-3.008252E-3
1.372000E-7	-3.527324E-3
1.373000E-7	-3.534177E-3
1.374000E-7	-3.398841E-3
1.375000E-7	-4.640846E-3
1.376000E-7	-5.084541E-3
1.377000E-7	-4.334199E-3
1.378000E-7	-3.619832E-3
1.379000E-7	-3.991577E-3
1.380000E-7	-3.729471E-3
1.381000E-7	-3.457087E-3
1.382000E-7	-2.211656E-3
1.383000E-7	-1.274585E-3
1.384000E-7	-9.662248E-4
1.385000E-7	-2.302451E-3
1.386000E-7	-2.232213E-3
1.387000E-7	-3.063071E-3
1.388000E-7	-3.141875E-3
1.389000E-7	-4.305076E-3
1.390000E-7	-4.920083E-3
1.391000E-7	-4.906378E-3
1.392000E-7	-4.438699E-3
1.393000E-7	-4.563756E-3
1.394000E-7	-4.728214E-3
1.395000E-7	-4.279380E-3
1.396000E-7	-2.261336E-3
1.397000E-7	-1.190642E-3
1.398000E-7	-1.027897E-3
1.399000E-7	-1.310560E-3
1.400000E-7	-1.682305E-3
1.401000E-7	-2.232213E-3
1.402000E-7	-2.657064E-3
1.403000E-7	-3.076776E-3
1.404000E-7	-3.744889E-3
1.405000E-7	-4.351330E-3
1.406000E-7	-3.947036E-3
1.407000E-7	-3.758594E-3
1.408000E-7	-3.631824E-3
1.409000E-7	-3.928192E-3
1.410000E-7	-3.803135E-3
1.411000E-7	-2.610810E-3
1.412000E-7	-2.153410E-3
1.413000E-7	-1.675452E-3
1.414000E-7	-1.824493E-3
1.415000E-7	-1.728559E-3
1.416000E-7	-1.653182E-3
1.417000E-7	-2.472048E-3
1.418000E-7	-3.184702E-3
1.419000E-7	-4.909804E-3
1.420000E-7	-5.084541E-3
1.421000E-7	-4.353043E-3
1.422000E-7	-4.640846E-3
1.423000E-7	-4.411289E-3
1.424000E-7	-4.200576E-3
1.425000E-7	-2.370975E-3
1.426000E-7	-1.708001E-3
1.427000E-7	-1.701149E-3
1.428000E-7	-1.651469E-3
1.429000E-7	-2.441213E-3
1.430000E-7	-2.096877E-3
1.431000E-7	-2.859211E-3
1.432000E-7	-3.116178E-3
1.433000E-7	-4.436986E-3
1.434000E-7	-4.923509E-3
1.435000E-7	-4.777895E-3
1.436000E-7	-4.741919E-3
1.437000E-7	-5.111951E-3
1.438000E-7	-4.462682E-3
1.439000E-7	-2.576548E-3
1.440000E-7	-1.714854E-3
1.441000E-7	-1.034749E-3
1.442000E-7	-7.298156E-4
1.443000E-7	-1.307134E-3
1.444000E-7	-2.175680E-3
1.445000E-7	-2.492606E-3
1.446000E-7	-2.970564E-3
1.447000E-7	-4.323920E-3
1.448000E-7	-4.950919E-3
1.449000E-7	-4.856698E-3
1.450000E-7	-4.651124E-3
1.451000E-7	-4.406150E-3
1.452000E-7	-4.704231E-3
1.453000E-7	-3.630111E-3
1.454000E-7	-1.663461E-3
1.455000E-7	-5.328080E-4
1.456000E-7	-3.991854E-4
1.457000E-7	-1.543543E-3
1.458000E-7	-2.127713E-3
1.459000E-7	-2.634794E-3
1.460000E-7	-2.244205E-3
1.461000E-7	-3.770586E-3
1.462000E-7	-4.164601E-3
1.463000E-7	-4.156036E-3
1.464000E-7	-4.469535E-3
1.465000E-7	-3.498201E-3
1.466000E-7	-3.052793E-3
1.467000E-7	-3.657521E-3
1.468000E-7	-2.734154E-3
1.469000E-7	-2.062615E-3
1.470000E-7	-1.548682E-3
1.471000E-7	-1.370519E-3
1.472000E-7	-1.290003E-3
1.473000E-7	-1.728559E-3
1.474000E-7	-2.307590E-3
1.475000E-7	-3.575291E-3
1.476000E-7	-4.546625E-3
1.477000E-7	-5.029722E-3
1.478000E-7	-4.844706E-3
1.479000E-7	-4.214281E-3
1.480000E-7	-3.578718E-3
1.481000E-7	-3.928192E-3
1.482000E-7	-3.225817E-3
1.483000E-7	-2.045484E-3
1.484000E-7	-1.987238E-3
1.485000E-7	-2.059189E-3
1.486000E-7	-2.328147E-3
1.487000E-7	-2.235639E-3
1.488000E-7	-2.449778E-3
1.489000E-7	-2.180820E-3
1.490000E-7	-3.160719E-3
1.491000E-7	-3.546168E-3
1.492000E-7	-4.173167E-3
1.493000E-7	-4.471248E-3
1.494000E-7	-5.022869E-3
1.495000E-7	-4.690526E-3
1.496000E-7	-3.494775E-3
1.497000E-7	-2.737581E-3
1.498000E-7	-1.432191E-3
1.499000E-7	-1.642903E-3
1.500000E-7	-1.637764E-3
1.501000E-7	-2.292172E-3
1.502000E-7	-1.917001E-3
1.503000E-7	-2.588540E-3
1.504000E-7	-4.032692E-3
1.505000E-7	-5.166771E-3
1.506000E-7	-5.293541E-3
1.507000E-7	-4.611723E-3
1.508000E-7	-4.286232E-3
1.509000E-7	-3.414259E-3
1.510000E-7	-3.417685E-3
1.511000E-7	-2.102017E-3
1.512000E-7	-1.002200E-3
1.513000E-7	-1.442469E-3
1.514000E-7	-1.487010E-3
1.515000E-7	-1.874173E-3
1.516000E-7	-2.720449E-3
1.517000E-7	-2.696466E-3
1.518000E-7	-2.997973E-3
1.519000E-7	-3.750029E-3
1.520000E-7	-4.510649E-3
1.521000E-7	-3.768873E-3
1.522000E-7	-3.600988E-3
1.523000E-7	-4.078946E-3
1.524000E-7	-4.128626E-3
1.525000E-7	-3.941897E-3
1.526000E-7	-2.818097E-3
1.527000E-7	-2.158549E-3
1.528000E-7	-2.492606E-3
1.529000E-7	-2.096877E-3
1.530000E-7	-2.804392E-3
1.531000E-7	-2.819810E-3
1.532000E-7	-3.774012E-3
1.533000E-7	-3.306333E-3
1.534000E-7	-3.917913E-3
1.535000E-7	-4.082372E-3
1.536000E-7	-4.027552E-3
1.537000E-7	-3.996716E-3
1.538000E-7	-3.549595E-3
1.539000E-7	-3.474218E-3
1.540000E-7	-2.384680E-3
1.541000E-7	-1.439043E-3
1.542000E-7	-1.755969E-3
1.543000E-7	-1.531551E-3
1.544000E-7	-2.194525E-3
1.545000E-7	-1.618920E-3
1.546000E-7	-1.632625E-3
1.547000E-7	-2.943154E-3
1.548000E-7	-4.457543E-3
1.549000E-7	-4.760763E-3
1.550000E-7	-4.580887E-3
1.551000E-7	-3.804848E-3
1.552000E-7	-3.899069E-3
1.553000E-7	-3.201833E-3
1.554000E-7	-2.244205E-3
1.555000E-7	-1.456174E-3
1.556000E-7	-1.137536E-3
1.557000E-7	-1.980386E-3
1.558000E-7	-1.978673E-3
1.559000E-7	-2.127713E-3
1.560000E-7	-1.891304E-3
1.561000E-7	-1.288289E-3
1.562000E-7	-2.406950E-3
1.563000E-7	-3.648955E-3
1.564000E-7	-3.878512E-3
1.565000E-7	-4.659690E-3
1.566000E-7	-5.168484E-3
1.567000E-7	-5.610466E-3
1.568000E-7	-4.726501E-3
1.569000E-7	-3.241235E-3
1.570000E-7	-2.002656E-3
1.571000E-7	-2.228787E-3
1.572000E-7	-1.920427E-3
1.573000E-7	-1.785091E-3
1.574000E-7	-2.468622E-3
1.575000E-7	-2.595392E-3
1.576000E-7	-3.297768E-3
1.577000E-7	-4.217708E-3
1.578000E-7	-5.108525E-3
1.579000E-7	-4.825862E-3
1.580000E-7	-4.257109E-3
1.581000E-7	-4.322207E-3
1.582000E-7	-4.217708E-3
1.583000E-7	-3.085342E-3
1.584000E-7	-1.711428E-3
1.585000E-7	-1.182077E-3
1.586000E-7	-1.382511E-3
1.587000E-7	-2.232213E-3
1.588000E-7	-2.060902E-3
1.589000E-7	-2.024927E-3
1.590000E-7	-3.280636E-3
1.591000E-7	-4.882394E-3
1.592000E-7	-5.632736E-3
1.593000E-7	-5.374057E-3
1.594000E-7	-5.541942E-3
1.595000E-7	-5.199320E-3
1.596000E-7	-4.267388E-3
1.597000E-7	-3.254940E-3
1.598000E-7	-1.952976E-3
1.599000E-7	-1.492150E-3
1.600000E-7	-1.500715E-3
1.601000E-7	-2.156836E-3
1.602000E-7	-1.797083E-3
1.603000E-7	-1.857042E-3
1.604000E-7	-2.105443E-3
1.605000E-7	-3.159006E-3
1.606000E-7	-5.218164E-3
1.607000E-7	-4.608297E-3
1.608000E-7	-4.853271E-3
1.609000E-7	-4.820722E-3
1.610000E-7	-4.526067E-3
1.611000E-7	-3.513619E-3
1.612000E-7	-2.564556E-3
1.613000E-7	-9.970608E-4
1.614000E-7	-1.067298E-3
1.615000E-7	-1.033036E-3
1.616000E-7	-1.209486E-3
1.617000E-7	-2.261336E-3
1.618000E-7	-2.336713E-3
1.619000E-7	-2.979129E-3
1.620000E-7	-4.078946E-3
1.621000E-7	-3.847676E-3
1.622000E-7	-3.707201E-3
1.623000E-7	-3.239522E-3
1.624000E-7	-3.076776E-3
1.625000E-7	-3.049367E-3
1.626000E-7	-2.555991E-3
1.627000E-7	-1.421912E-3
1.628000E-7	-6.527257E-4
1.629000E-7	-1.123831E-3
1.630000E-7	-2.054050E-3
1.631000E-7	-2.251057E-3
1.632000E-7	-1.689157E-3
1.633000E-7	-1.579518E-3
1.634000E-7	-2.951719E-3
1.635000E-7	-4.752198E-3
1.636000E-7	-4.738493E-3
1.637000E-7	-5.070836E-3
1.638000E-7	-4.335912E-3
1.639000E-7	-4.051536E-3
1.640000E-7	-3.415972E-3
1.641000E-7	-2.036919E-3
1.642000E-7	-1.510994E-3
1.643000E-7	-1.449322E-3
1.644000E-7	-1.588084E-3
1.645000E-7	-2.300737E-3
1.646000E-7	-2.759851E-3
1.647000E-7	-2.785548E-3
1.648000E-7	-2.955146E-3
1.649000E-7	-3.546168E-3
1.650000E-7	-4.157749E-3
1.651000E-7	-3.900782E-3
1.652000E-7	-3.912774E-3
1.653000E-7	-4.144044E-3
1.654000E-7	-4.128626E-3
1.655000E-7	-3.335456E-3
1.656000E-7	-2.828375E-3
1.657000E-7	-2.432647E-3
1.658000E-7	-2.926023E-3
1.659000E-7	-2.593679E-3
1.660000E-7	-2.658777E-3
1.661000E-7	-1.886165E-3
1.662000E-7	-2.012935E-3
1.663000E-7	-3.015104E-3
1.664000E-7	-4.193724E-3
1.665000E-7	-3.899069E-3
1.666000E-7	-4.503797E-3
1.667000E-7	-3.936758E-3
1.668000E-7	-4.844706E-3
1.669000E-7	-4.168027E-3
1.670000E-7	-2.436073E-3
1.671000E-7	-1.774813E-3
1.672000E-7	-2.139705E-3
1.673000E-7	-2.569696E-3
1.674000E-7	-2.741007E-3
1.675000E-7	-2.848933E-3
1.676000E-7	-2.240779E-3
1.677000E-7	-2.454917E-3
1.678000E-7	-4.657977E-3
1.679000E-7	-4.817296E-3
1.680000E-7	-4.628854E-3
1.681000E-7	-4.726501E-3
1.682000E-7	-5.468278E-3
1.683000E-7	-4.829288E-3
1.684000E-7	-4.018987E-3
1.685000E-7	-2.511450E-3
1.686000E-7	-2.427508E-3
1.687000E-7	-2.824949E-3
1.688000E-7	-2.264762E-3
1.689000E-7	-2.490893E-3
1.690000E-7	-2.348705E-3
1.691000E-7	-2.811244E-3
1.692000E-7	-4.126913E-3
1.693000E-7	-4.719649E-3
1.694000E-7	-4.615149E-3
1.695000E-7	-5.077689E-3
1.696000E-7	-4.692239E-3
1.697000E-7	-4.966337E-3
1.698000E-7	-2.669056E-3
1.699000E-7	-5.019720E-4
1.700000E-7	-5.876275E-4
1.701000E-7	-7.555123E-4
1.702000E-7	-1.911862E-3
1.703000E-7	-2.763277E-3
1.704000E-7	-2.924310E-3
1.705000E-7	-3.011678E-3
1.706000E-7	-3.609554E-3
1.707000E-7	-4.377027E-3
1.708000E-7	-4.620288E-3
1.709000E-7	-4.315355E-3
1.710000E-7	-4.445551E-3
1.711000E-7	-4.995460E-3
1.712000E-7	-4.822435E-3
1.713000E-7	-3.710627E-3
1.714000E-7	-1.684018E-3
1.715000E-7	-1.269445E-3
1.716000E-7	-1.526412E-3
1.717000E-7	-2.614237E-3
1.718000E-7	-2.593679E-3
1.719000E-7	-2.675909E-3
1.720000E-7	-3.302907E-3
1.721000E-7	-4.315355E-3
1.722000E-7	-4.058388E-3
1.723000E-7	-4.029265E-3
1.724000E-7	-3.993290E-3
1.725000E-7	-4.145757E-3
1.726000E-7	-4.132052E-3
1.727000E-7	-2.468622E-3
1.728000E-7	-1.721706E-3
1.729000E-7	-1.456174E-3
1.730000E-7	-1.365379E-3
1.731000E-7	-9.182577E-4
1.732000E-7	-8.274629E-4
1.733000E-7	-4.659967E-4
1.734000E-7	-1.146101E-3
1.735000E-7	-3.205260E-3
1.736000E-7	-4.779608E-3
1.737000E-7	-4.157749E-3
1.738000E-7	-4.622002E-3
1.739000E-7	-4.678534E-3
1.740000E-7	-4.747059E-3
1.741000E-7	-3.804848E-3
1.742000E-7	-2.374401E-3
1.743000E-7	-1.570953E-3
1.744000E-7	-1.457887E-3
1.745000E-7	-2.137992E-3
1.746000E-7	-2.686187E-3
1.747000E-7	-2.453204E-3
1.748000E-7	-2.235639E-3
1.749000E-7	-3.313186E-3
1.750000E-7	-3.592422E-3
1.751000E-7	-4.956058E-3
1.752000E-7	-4.532920E-3
1.753000E-7	-4.896099E-3
1.754000E-7	-4.135478E-3
1.755000E-7	-3.991577E-3
1.756000E-7	-1.920427E-3
1.757000E-7	-2.295875E-4
1.758000E-7	2.449440E-4
1.759000E-7	1.969769E-4
1.760000E-7	-9.285364E-4
1.761000E-7	-1.790231E-3
1.762000E-7	-2.079746E-3
1.763000E-7	-2.749572E-3
1.764000E-7	-4.060101E-3
1.765000E-7	-4.697378E-3
1.766000E-7	-4.837853E-3
1.767000E-7	-4.308502E-3
1.768000E-7	-4.736780E-3
1.769000E-7	-5.243860E-3
1.770000E-7	-4.219421E-3
1.771000E-7	-1.834772E-3
1.772000E-7	-1.079290E-3
1.773000E-7	-6.664305E-4
1.774000E-7	-3.632101E-4
1.775000E-7	-8.720037E-4
1.776000E-7	-1.423625E-3
1.777000E-7	-1.510994E-3
1.778000E-7	-2.513163E-3
1.779000E-7	-3.266932E-3
1.780000E-7	-3.621545E-3
1.781000E-7	-2.955146E-3
1.782000E-7	-3.462226E-3
1.783000E-7	-2.794113E-3
1.784000E-7	-3.909348E-3
1.785000E-7	-3.087055E-3
1.786000E-7	-2.751285E-3
1.787000E-7	-2.295598E-3
1.788000E-7	-2.107156E-3
1.789000E-7	-2.158549E-3
1.790000E-7	-1.958115E-3
1.791000E-7	-1.713141E-3
1.792000E-7	-2.730728E-3
1.793000E-7	-3.683217E-3
1.794000E-7	-4.229699E-3
1.795000E-7	-4.860124E-3
1.796000E-7	-4.846419E-3
1.797000E-7	-4.608297E-3
1.798000E-7	-3.916200E-3
1.799000E-7	-2.607384E-3
1.800000E-7	-8.445940E-4
1.801000E-7	-1.058733E-3
1.802000E-7	-2.124287E-3
1.803000E-7	-2.698179E-3
1.804000E-7	-3.544455E-3
1.805000E-7	-3.088768E-3
1.806000E-7	-3.009965E-3
1.807000E-7	-3.854528E-3
1.808000E-7	-4.099503E-3
1.809000E-7	-3.349161E-3
1.810000E-7	-3.027096E-3
1.811000E-7	-3.063071E-3
1.812000E-7	-3.309759E-3
1.813000E-7	-2.742720E-3
1.814000E-7	-1.833058E-3
1.815000E-7	-6.561519E-4
1.816000E-7	-1.036462E-3
1.817000E-7	-1.531551E-3
1.818000E-7	-1.894730E-3
1.819000E-7	-1.915288E-3
1.820000E-7	-2.725589E-3
1.821000E-7	-3.501628E-3
1.822000E-7	-4.630567E-3
1.823000E-7	-4.556903E-3
1.824000E-7	-4.414715E-3
1.825000E-7	-4.353043E-3
1.826000E-7	-4.565469E-3
1.827000E-7	-4.496945E-3
1.828000E-7	-2.939728E-3
1.829000E-7	-1.406494E-3
1.830000E-7	-1.120405E-3
1.831000E-7	-1.440756E-3
1.832000E-7	-1.922140E-3
1.833000E-7	-2.405237E-3
1.834000E-7	-2.228787E-3
1.835000E-7	-2.884908E-3
1.836000E-7	-4.215994E-3
1.837000E-7	-4.822435E-3
1.838000E-7	-5.569351E-3
1.839000E-7	-5.447721E-3
1.840000E-7	-5.517958E-3
1.841000E-7	-5.449434E-3
1.842000E-7	-4.258822E-3
1.843000E-7	-3.381710E-3
1.844000E-7	-2.914031E-3
1.845000E-7	-1.968394E-3
1.846000E-7	-1.522986E-3
1.847000E-7	-2.242492E-3
1.848000E-7	-2.042058E-3
1.849000E-7	-2.442926E-3
1.850000E-7	-3.309759E-3
1.851000E-7	-4.520928E-3
1.852000E-7	-4.553477E-3
1.853000E-7	-4.335912E-3
1.854000E-7	-3.833971E-3
1.855000E-7	-3.892217E-3
1.856000E-7	-3.546168E-3
1.857000E-7	-2.907178E-3
1.858000E-7	-1.332830E-3
1.859000E-7	-1.081003E-3
1.860000E-7	-1.826206E-3
1.861000E-7	-2.078033E-3
1.862000E-7	-2.466909E-3
1.863000E-7	-2.621089E-3
1.864000E-7	-2.926023E-3
1.865000E-7	-4.126913E-3
1.866000E-7	-4.805304E-3
1.867000E-7	-4.421568E-3
1.868000E-7	-4.695665E-3
1.869000E-7	-4.623715E-3
1.870000E-7	-5.072549E-3
1.871000E-7	-4.711083E-3
1.872000E-7	-2.919170E-3
1.873000E-7	-1.975247E-3
1.874000E-7	-1.360240E-3
1.875000E-7	-1.815927E-3
1.876000E-7	-2.667343E-3
1.877000E-7	-3.035662E-3
1.878000E-7	-2.566270E-3
1.879000E-7	-3.678078E-3
1.880000E-7	-5.101672E-3
1.881000E-7	-4.587739E-3
1.882000E-7	-4.531207E-3
1.883000E-7	-4.493518E-3
1.884000E-7	-4.308502E-3
1.885000E-7	-3.623258E-3
1.886000E-7	-2.739294E-3
1.887000E-7	-2.331573E-3
1.888000E-7	-1.917001E-3
1.889000E-7	-1.672026E-3
1.890000E-7	-1.663461E-3
1.891000E-7	-1.468166E-3
1.892000E-7	-2.019787E-3
1.893000E-7	-2.598819E-3
1.894000E-7	-3.756881E-3
1.895000E-7	-5.259278E-3
1.896000E-7	-4.342765E-3
1.897000E-7	-4.226273E-3
1.898000E-7	-3.748315E-3
1.899000E-7	-3.037375E-3
1.900000E-7	-1.987238E-3
1.901000E-7	-9.765035E-4
1.902000E-7	-9.713641E-4
1.903000E-7	-1.380797E-3
1.904000E-7	-1.274585E-3
1.905000E-7	-2.086599E-3
1.906000E-7	-2.132853E-3
1.907000E-7	-2.492606E-3
1.908000E-7	-4.311929E-3
1.909000E-7	-5.290114E-3
1.910000E-7	-4.896099E-3
1.911000E-7	-3.799709E-3
1.912000E-7	-3.857954E-3
1.913000E-7	-3.683217E-3
1.914000E-7	-3.542742E-3
1.915000E-7	-2.326434E-3
1.916000E-7	-1.740551E-3
1.917000E-7	-1.541830E-3
1.918000E-7	-1.713141E-3
1.919000E-7	-2.307590E-3
1.920000E-7	-2.891760E-3
1.921000E-7	-3.069924E-3
1.922000E-7	-3.220678E-3
1.923000E-7	-3.888790E-3
1.924000E-7	-4.702518E-3
1.925000E-7	-3.811701E-3
1.926000E-7	-4.293084E-3
1.927000E-7	-3.926479E-3
1.928000E-7	-4.024126E-3
1.929000E-7	-2.866064E-3
1.930000E-7	-1.728559E-3
1.931000E-7	-1.490436E-3
1.932000E-7	-1.752542E-3
1.933000E-7	-2.059189E-3
1.934000E-7	-2.278467E-3
1.935000E-7	-2.477188E-3
1.936000E-7	-3.311472E-3
1.937000E-7	-4.558616E-3
1.938000E-7	-4.591166E-3
1.939000E-7	-5.132508E-3
1.940000E-7	-3.904208E-3
1.941000E-7	-4.424994E-3
1.942000E-7	-4.341052E-3
1.943000E-7	-3.438243E-3
1.944000E-7	-1.738837E-3
1.945000E-7	-1.416773E-3
1.946000E-7	-1.149528E-3
1.947000E-7	-1.879312E-3
1.948000E-7	-1.819354E-3
1.949000E-7	-1.910148E-3
1.950000E-7	-2.732441E-3
1.951000E-7	-3.857954E-3
1.952000E-7	-5.420311E-3
1.953000E-7	-5.898269E-3
1.954000E-7	-6.054162E-3
1.955000E-7	-4.942353E-3
1.956000E-7	-5.183902E-3
1.957000E-7	-4.861837E-3
1.958000E-7	-3.618119E-3
1.959000E-7	-2.434360E-3
1.960000E-7	-2.305877E-3
1.961000E-7	-1.886165E-3
1.962000E-7	-2.420655E-3
1.963000E-7	-1.930706E-3
1.964000E-7	-2.052337E-3
1.965000E-7	-2.317869E-3
1.966000E-7	-3.277210E-3
1.967000E-7	-3.510193E-3
1.968000E-7	-3.073350E-3
1.969000E-7	-3.558160E-3
1.970000E-7	-3.880225E-3
1.971000E-7	-3.907635E-3
1.972000E-7	-3.559873E-3
1.973000E-7	-2.120861E-3
1.974000E-7	-1.913575E-3
1.975000E-7	-1.973533E-3
1.976000E-7	-2.293885E-3
1.977000E-7	-2.554278E-3
1.978000E-7	-2.319582E-3
1.979000E-7	-2.931162E-3
1.980000E-7	-3.314899E-3
1.981000E-7	-4.224560E-3
1.982000E-7	-3.962454E-3
1.983000E-7	-3.912774E-3
1.984000E-7	-4.245117E-3
1.985000E-7	-4.132052E-3
1.986000E-7	-3.368005E-3
1.987000E-7	-2.420655E-3
1.988000E-7	-1.457887E-3
1.989000E-7	-1.401355E-3
1.990000E-7	-9.148315E-4
1.991000E-7	-2.672482E-3
1.992000E-7	-2.938014E-3
1.993000E-7	-3.205260E-3
1.994000E-7	-3.623258E-3
1.995000E-7	-4.568895E-3
1.996000E-7	-4.906378E-3
1.997000E-7	-4.779608E-3
1.998000E-7	-4.935501E-3
1.999000E-7	-4.440412E-3
2.000000E-7	-4.555190E-3
2.001000E-7	-2.934588E-3
