Study Name	Beam_cont_045-04_RT_lecroy
Sample Name	2025-03-19
Run Name	spot00
Operator	Elena
Date	3/19/2025
Time	13:51
Sign	NEG
Grating Spacing	03.40um
Channel	3
Number Traces	2000
Files in Batch	6
Batch Number	89
dt	100.000001E-12
time stamp (ms)	2:08:09 PM
	
Time	Amplitude
0.000000E+0	-7.640509E-4
1.000000E-10	-6.167230E-4
2.000000E-10	-4.282804E-4
3.000000E-10	-2.466902E-4
4.000000E-10	-1.678869E-4
5.000000E-10	-9.936229E-5
6.000000E-10	-1.370654E-5
7.000000E-10	6.850840E-6
8.000000E-10	-8.908360E-5
9.000000E-10	-1.267721E-4
1.000000E-9	-1.541820E-4
1.100000E-9	-1.850180E-4
1.200000E-9	-1.747394E-4
1.300000E-9	-2.192803E-4
1.400000E-9	-2.432640E-4
1.500000E-9	-3.152148E-4
1.600000E-9	-3.117886E-4
1.700000E-9	-2.706738E-4
1.800000E-9	-1.987230E-4
1.900000E-9	-2.638213E-4
2.000000E-9	-2.295590E-4
2.100000E-9	-2.741000E-4
2.200000E-9	-3.426246E-4
2.300000E-9	-4.865263E-4
2.400000E-9	-5.173624E-4
2.500000E-9	-6.201493E-4
2.600000E-9	-5.995919E-4
2.700000E-9	-5.447722E-4
2.800000E-9	-4.556902E-4
2.900000E-9	-2.466902E-4
3.000000E-9	3.424610E-6
3.100000E-9	2.021460E-4
3.200000E-9	2.295558E-4
3.300000E-9	8.565413E-5
3.400000E-9	-6.852622E-5
3.500000E-9	-1.610344E-4
3.600000E-9	-2.227066E-4
3.700000E-9	-2.261328E-4
3.800000E-9	-1.473295E-4
3.900000E-9	-5.482130E-5
4.000000E-9	7.194921E-5
4.100000E-9	-1.370654E-5
4.200000E-9	1.027707E-5
4.300000E-9	-1.267721E-4
4.400000E-9	-1.336246E-4
4.500000E-9	-1.815918E-4
4.600000E-9	-2.775263E-4
4.700000E-9	-3.391984E-4
4.800000E-9	-3.049361E-4
4.900000E-9	-2.329853E-4
5.000000E-9	-1.952967E-4
5.100000E-9	-1.507557E-4
5.200000E-9	-2.398523E-5
5.300000E-9	-2.055900E-5
5.400000E-9	-8.565737E-5
5.500000E-9	-2.775263E-4
5.600000E-9	-4.214279E-4
5.700000E-9	-6.407066E-4
5.800000E-9	-8.120181E-4
5.900000E-9	-9.148050E-4
6.000000E-9	-7.880345E-4
6.100000E-9	-5.721820E-4
6.200000E-9	-3.734607E-4
6.300000E-9	-1.850180E-4
6.400000E-9	-1.541820E-4
6.500000E-9	-2.055754E-4
6.600000E-9	-2.261328E-4
6.700000E-9	-2.741000E-4
6.800000E-9	-2.706738E-4
6.900000E-9	-2.843787E-4
7.000000E-9	-2.741000E-4
7.100000E-9	-3.186410E-4
7.200000E-9	-2.466902E-4
7.300000E-9	-2.432640E-4
7.400000E-9	-8.223114E-5
7.500000E-9	1.336214E-4
7.600000E-9	3.083591E-4
7.700000E-9	2.878017E-4
7.800000E-9	-3.426392E-5
7.900000E-9	-6.338542E-4
8.000000E-9	-1.260854E-3
8.100000E-9	-1.658297E-3
8.200000E-9	-1.887854E-3
8.300000E-9	-1.695985E-3
8.400000E-9	-1.230018E-3
8.500000E-9	-6.783952E-4
8.600000E-9	-2.741000E-4
8.700000E-9	-5.824753E-5
8.800000E-9	2.398199E-5
8.900000E-9	-9.936229E-5
9.000000E-9	-2.946574E-4
9.100000E-9	-4.933787E-4
9.200000E-9	-6.955263E-4
9.300000E-9	-8.017394E-4
9.400000E-9	-8.634116E-4
9.500000E-9	-9.353624E-4
9.600000E-9	-8.257231E-4
9.700000E-9	-5.893132E-4
9.800000E-9	-2.261328E-4
9.900000E-9	1.884410E-4
1.000000E-8	5.310640E-4
1.010000E-8	6.372772E-4
1.020000E-8	5.002280E-4
1.030000E-8	2.192771E-4
1.040000E-8	-9.593606E-5
1.050000E-8	-3.186410E-4
1.060000E-8	-3.220672E-4
1.070000E-8	-1.815918E-4
1.080000E-8	3.768691E-5
1.090000E-8	2.089984E-4
1.100000E-8	3.803099E-4
1.110000E-8	3.871624E-4
1.120000E-8	4.419821E-4
1.130000E-8	4.796706E-4
1.140000E-8	4.865230E-4
1.150000E-8	4.454083E-4
1.160000E-8	3.152115E-4
1.170000E-8	1.370476E-4
1.180000E-8	4.111314E-5
1.190000E-8	-4.111638E-5
1.200000E-8	-1.062148E-4
1.210000E-8	-2.706738E-4
1.220000E-8	-4.214279E-4
1.230000E-8	-5.721820E-4
1.240000E-8	-5.790345E-4
1.250000E-8	-3.563295E-4
1.260000E-8	1.027853E-4
1.270000E-8	5.379165E-4
1.280000E-8	7.058018E-4
1.290000E-8	6.372772E-4
1.300000E-8	8.222790E-5
1.310000E-8	-6.955263E-4
1.320000E-8	-1.377346E-3
1.330000E-8	-1.719969E-3
1.340000E-8	-1.737100E-3
1.350000E-8	-1.329379E-3
1.360000E-8	-9.045263E-4
1.370000E-8	-5.207886E-4
1.380000E-8	-3.768869E-4
1.390000E-8	-3.186410E-4
1.400000E-8	-3.117886E-4
1.410000E-8	-2.466902E-4
1.420000E-8	-1.850180E-4
1.430000E-8	-9.936229E-5
1.440000E-8	-8.565737E-5
1.450000E-8	-1.987230E-4
1.460000E-8	-2.501164E-4
1.470000E-8	-3.734607E-4
1.480000E-8	-3.974443E-4
1.490000E-8	-2.878049E-4
1.500000E-8	-5.482130E-5
1.510000E-8	5.139183E-5
1.520000E-8	2.946542E-4
1.530000E-8	5.036542E-4
1.540000E-8	8.428510E-4
1.550000E-8	1.010736E-3
1.560000E-8	1.024441E-3
1.570000E-8	7.400641E-4
1.580000E-8	2.775230E-4
1.590000E-8	-8.565737E-5
1.600000E-8	-4.008705E-4
1.610000E-8	-5.173624E-4
1.620000E-8	-4.796738E-4
1.630000E-8	-4.831001E-4
1.640000E-8	-5.721820E-4
1.650000E-8	-6.372804E-4
1.660000E-8	-6.167230E-4
1.670000E-8	-4.693951E-4
1.680000E-8	-1.644607E-4
1.690000E-8	1.130640E-4
1.700000E-8	2.295558E-4
1.710000E-8	1.610312E-4
1.720000E-8	-1.884443E-4
1.730000E-8	-5.516247E-4
1.740000E-8	-8.120181E-4
1.750000E-8	-8.462804E-4
1.760000E-8	-8.085919E-4
1.770000E-8	-6.441329E-4
1.780000E-8	-3.974443E-4
1.790000E-8	-2.741000E-4
1.800000E-8	-2.124279E-4
1.810000E-8	-2.124279E-4
1.820000E-8	-2.398377E-4
1.830000E-8	-1.576082E-4
1.840000E-8	-2.261328E-4
1.850000E-8	-3.117886E-4
1.860000E-8	-5.173624E-4
1.870000E-8	-7.709034E-4
1.880000E-8	-1.062133E-3
1.890000E-8	-1.158067E-3
1.900000E-8	-1.116953E-3
1.910000E-8	-9.833296E-4
1.920000E-8	-6.818214E-4
1.930000E-8	-4.180017E-4
1.940000E-8	-2.569689E-4
1.950000E-8	-8.223114E-5
1.960000E-8	-3.083769E-5
1.970000E-8	5.139183E-5
1.980000E-8	1.164902E-4
1.990000E-8	1.336214E-4
2.000000E-8	1.233427E-4
2.010000E-8	2.364083E-4
2.020000E-8	2.603919E-4
2.030000E-8	2.740968E-4
2.040000E-8	3.015066E-4
2.050000E-8	2.672443E-4
2.060000E-8	2.878017E-4
2.070000E-8	2.535394E-4
2.080000E-8	1.370476E-4
2.090000E-8	1.027853E-4
2.100000E-8	8.565413E-5
2.110000E-8	-1.620492E-9
2.120000E-8	-6.854081E-6
2.130000E-8	-6.852622E-5
2.140000E-8	-5.139507E-5
2.150000E-8	-5.482130E-5
2.160000E-8	-6.854081E-6
2.170000E-8	-1.620492E-9
2.180000E-8	1.267689E-4
2.190000E-8	1.815886E-4
2.200000E-8	1.439000E-4
2.210000E-8	-3.049361E-4
2.220000E-8	-1.466428E-3
2.230000E-8	-3.738019E-3
2.240000E-8	-7.167675E-3
2.250000E-8	-1.159094E-2
2.260000E-8	-1.639109E-2
2.270000E-8	-2.098223E-2
2.280000E-8	-2.453181E-2
2.290000E-8	-2.680340E-2
2.300000E-8	-2.782099E-2
2.310000E-8	-2.800943E-2
2.320000E-8	-2.781071E-2
2.330000E-8	-2.760514E-2
2.340000E-8	-2.723168E-2
2.350000E-8	-2.666978E-2
2.360000E-8	-2.559737E-2
2.370000E-8	-2.397333E-2
2.380000E-8	-2.192787E-2
2.390000E-8	-1.995437E-2
2.400000E-8	-1.828579E-2
2.410000E-8	-1.731617E-2
2.420000E-8	-1.695299E-2
2.430000E-8	-1.717227E-2
2.440000E-8	-1.759027E-2
2.450000E-8	-1.805281E-2
2.460000E-8	-1.855304E-2
2.470000E-8	-1.914577E-2
2.480000E-8	-1.971453E-2
2.490000E-8	-2.034496E-2
2.500000E-8	-2.095140E-2
2.510000E-8	-2.137282E-2
2.520000E-8	-2.126319E-2
2.530000E-8	-2.068758E-2
2.540000E-8	-1.952609E-2
2.550000E-8	-1.801855E-2
2.560000E-8	-1.646646E-2
2.570000E-8	-1.522274E-2
2.580000E-8	-1.433192E-2
2.590000E-8	-1.385225E-2
2.600000E-8	-1.370492E-2
2.610000E-8	-1.367409E-2
2.620000E-8	-1.391392E-2
2.630000E-8	-1.435933E-2
2.640000E-8	-1.506514E-2
2.650000E-8	-1.610328E-2
2.660000E-8	-1.724079E-2
2.670000E-8	-1.833376E-2
2.680000E-8	-1.909781E-2
2.690000E-8	-1.939246E-2
2.700000E-8	-1.899502E-2
2.710000E-8	-1.813504E-2
2.720000E-8	-1.690845E-2
2.730000E-8	-1.552082E-2
2.740000E-8	-1.418802E-2
2.750000E-8	-1.298541E-2
2.760000E-8	-1.196782E-2
2.770000E-8	-1.125517E-2
2.780000E-8	-1.112497E-2
2.790000E-8	-1.155668E-2
2.800000E-8	-1.277984E-2
2.810000E-8	-1.454092E-2
2.820000E-8	-1.648359E-2
2.830000E-8	-1.805966E-2
2.840000E-8	-1.886482E-2
2.850000E-8	-1.871064E-2
2.860000E-8	-1.776843E-2
2.870000E-8	-1.637395E-2
2.880000E-8	-1.499661E-2
2.890000E-8	-1.388651E-2
2.900000E-8	-1.301968E-2
2.910000E-8	-1.235156E-2
2.920000E-8	-1.179994E-2
2.930000E-8	-1.122433E-2
2.940000E-8	-1.080633E-2
2.950000E-8	-1.075151E-2
2.960000E-8	-1.130313E-2
2.970000E-8	-1.232415E-2
2.980000E-8	-1.377687E-2
2.990000E-8	-1.519533E-2
3.000000E-8	-1.630543E-2
3.010000E-8	-1.683992E-2
3.020000E-8	-1.680909E-2
3.030000E-8	-1.623691E-2
3.040000E-8	-1.540776E-2
3.050000E-8	-1.447925E-2
3.060000E-8	-1.360213E-2
3.070000E-8	-1.273187E-2
3.080000E-8	-1.189245E-2
3.090000E-8	-1.100848E-2
3.100000E-8	-1.025128E-2
3.110000E-8	-9.692806E-3
3.120000E-8	-9.473528E-3
3.130000E-8	-9.809298E-3
3.140000E-8	-1.041231E-2
3.150000E-8	-1.144361E-2
3.160000E-8	-1.249204E-2
3.170000E-8	-1.355074E-2
3.180000E-8	-1.438332E-2
3.190000E-8	-1.493494E-2
3.200000E-8	-1.513023E-2
3.210000E-8	-1.495550E-2
3.220000E-8	-1.442786E-2
3.230000E-8	-1.351305E-2
3.240000E-8	-1.232758E-2
3.250000E-8	-1.111469E-2
3.260000E-8	-1.000117E-2
3.270000E-8	-9.148036E-3
3.280000E-8	-8.688921E-3
3.290000E-8	-8.702626E-3
3.300000E-8	-9.124052E-3
3.310000E-8	-9.860692E-3
3.320000E-8	-1.087143E-2
3.330000E-8	-1.205691E-2
3.340000E-8	-1.322182E-2
3.350000E-8	-1.423941E-2
3.360000E-8	-1.483900E-2
3.370000E-8	-1.501032E-2
3.380000E-8	-1.468482E-2
3.390000E-8	-1.383854E-2
3.400000E-8	-1.263251E-2
3.410000E-8	-1.115238E-2
3.420000E-8	-9.600298E-3
3.430000E-8	-8.281200E-3
3.440000E-8	-7.321855E-3
3.450000E-8	-6.873019E-3
3.460000E-8	-7.058035E-3
3.470000E-8	-7.935150E-3
3.480000E-8	-9.161741E-3
3.490000E-8	-1.045343E-2
3.500000E-8	-1.160807E-2
3.510000E-8	-1.243036E-2
3.520000E-8	-1.291689E-2
3.530000E-8	-1.317043E-2
3.540000E-8	-1.305394E-2
3.550000E-8	-1.277299E-2
3.560000E-8	-1.209459E-2
3.570000E-8	-1.116266E-2
3.580000E-8	-1.000802E-2
3.590000E-8	-8.805413E-3
3.600000E-8	-7.880331E-3
3.610000E-8	-7.356117E-3
3.620000E-8	-7.195085E-3
3.630000E-8	-7.397232E-3
3.640000E-8	-7.880331E-3
3.650000E-8	-8.538167E-3
3.660000E-8	-9.199429E-3
3.670000E-8	-1.008682E-2
3.680000E-8	-1.091940E-2
3.690000E-8	-1.171771E-2
3.700000E-8	-1.233100E-2
3.710000E-8	-1.269418E-2
3.720000E-8	-1.281753E-2
3.730000E-8	-1.275586E-2
3.740000E-8	-1.246120E-2
3.750000E-8	-1.191986E-2
3.760000E-8	-1.109413E-2
3.770000E-8	-9.966905E-3
3.780000E-8	-8.822544E-3
3.790000E-8	-7.911167E-3
3.800000E-8	-7.465757E-3
3.810000E-8	-7.496593E-3
3.820000E-8	-8.085904E-3
3.830000E-8	-9.034970E-3
3.840000E-8	-1.005599E-2
3.850000E-8	-1.087828E-2
3.860000E-8	-1.149158E-2
3.870000E-8	-1.183077E-2
3.880000E-8	-1.189930E-2
3.890000E-8	-1.176225E-2
3.900000E-8	-1.141620E-2
3.910000E-8	-1.082004E-2
3.920000E-8	-9.918938E-3
3.930000E-8	-8.767724E-3
3.940000E-8	-7.452052E-3
3.950000E-8	-6.287134E-3
3.960000E-8	-5.413445E-3
3.970000E-8	-5.159904E-3
3.980000E-8	-5.413445E-3
3.990000E-8	-6.163789E-3
4.000000E-8	-7.328708E-3
4.010000E-8	-8.582708E-3
4.020000E-8	-9.737347E-3
4.030000E-8	-1.075151E-2
4.040000E-8	-1.156010E-2
4.050000E-8	-1.202950E-2
4.060000E-8	-1.213571E-2
4.070000E-8	-1.184791E-2
4.080000E-8	-1.103931E-2
4.090000E-8	-9.816151E-3
4.100000E-8	-8.260642E-3
4.110000E-8	-6.674298E-3
4.120000E-8	-5.358625E-3
4.130000E-8	-4.652822E-3
4.140000E-8	-4.594576E-3
4.150000E-8	-5.238707E-3
4.160000E-8	-6.215183E-3
4.170000E-8	-7.239626E-3
4.180000E-8	-8.147577E-3
4.190000E-8	-8.884216E-3
4.200000E-8	-9.476954E-3
4.210000E-8	-1.007654E-2
4.220000E-8	-1.049454E-2
4.230000E-8	-1.061104E-2
4.240000E-8	-1.039176E-2
4.250000E-8	-9.590019E-3
4.260000E-8	-8.360003E-3
4.270000E-8	-6.917560E-3
4.280000E-8	-5.766347E-3
4.290000E-8	-5.050265E-3
4.300000E-8	-5.002297E-3
4.310000E-8	-5.464839E-3
4.320000E-8	-6.139806E-3
4.330000E-8	-6.873019E-3
4.340000E-8	-7.249904E-3
4.350000E-8	-7.558265E-3
4.360000E-8	-7.835790E-3
4.370000E-8	-8.455937E-3
4.380000E-8	-9.247396E-3
4.390000E-8	-1.015535E-2
4.400000E-8	-1.085772E-2
4.410000E-8	-1.112840E-2
4.420000E-8	-1.067271E-2
4.430000E-8	-9.682528E-3
4.440000E-8	-8.353150E-3
4.450000E-8	-7.082019E-3
4.460000E-8	-6.061003E-3
4.470000E-8	-5.375757E-3
4.480000E-8	-4.974888E-3
4.490000E-8	-4.830986E-3
4.500000E-8	-4.957756E-3
4.510000E-8	-5.478543E-3
4.520000E-8	-6.352232E-3
4.530000E-8	-7.500019E-3
4.540000E-8	-8.788282E-3
4.550000E-8	-9.936069E-3
4.560000E-8	-1.065215E-2
4.570000E-8	-1.067613E-2
4.580000E-8	-1.027184E-2
4.590000E-8	-9.343331E-3
4.600000E-8	-8.144150E-3
4.610000E-8	-6.965527E-3
4.620000E-8	-5.995904E-3
4.630000E-8	-5.427150E-3
4.640000E-8	-5.197593E-3
4.650000E-8	-5.307232E-3
4.660000E-8	-5.612166E-3
4.670000E-8	-6.143232E-3
4.680000E-8	-6.568085E-3
4.690000E-8	-7.195085E-3
4.700000E-8	-7.952282E-3
4.710000E-8	-8.719757E-3
4.720000E-8	-9.384446E-3
4.730000E-8	-9.788741E-3
4.740000E-8	-9.781888E-3
4.750000E-8	-9.274806E-3
4.760000E-8	-8.366855E-3
4.770000E-8	-7.147117E-3
4.780000E-8	-5.872560E-3
4.790000E-8	-4.772740E-3
4.800000E-8	-4.018969E-3
4.810000E-8	-3.669494E-3
4.820000E-8	-3.696904E-3
4.830000E-8	-4.005265E-3
4.840000E-8	-4.628838E-3
4.850000E-8	-5.334642E-3
4.860000E-8	-6.146658E-3
4.870000E-8	-7.078593E-3
4.880000E-8	-7.887183E-3
4.890000E-8	-8.524462E-3
4.900000E-8	-8.791708E-3
4.910000E-8	-8.730036E-3
4.920000E-8	-8.178413E-3
4.930000E-8	-7.530855E-3
4.940000E-8	-6.835331E-3
4.950000E-8	-6.170642E-3
4.960000E-8	-5.615593E-3
4.970000E-8	-5.194166E-3
4.980000E-8	-4.916642E-3
4.990000E-8	-4.652822E-3
5.000000E-8	-4.676806E-3
5.010000E-8	-4.796724E-3
5.020000E-8	-5.159904E-3
5.030000E-8	-5.660134E-3
5.040000E-8	-6.252871E-3
5.050000E-8	-6.972380E-3
5.060000E-8	-7.719298E-3
5.070000E-8	-8.404544E-3
5.080000E-8	-8.870511E-3
5.090000E-8	-8.812265E-3
5.100000E-8	-8.270921E-3
5.110000E-8	-7.362970E-3
5.120000E-8	-6.270003E-3
5.130000E-8	-5.358625E-3
5.140000E-8	-4.639117E-3
5.150000E-8	-4.231396E-3
5.160000E-8	-3.950445E-3
5.170000E-8	-3.744871E-3
5.180000E-8	-3.529019E-3
5.190000E-8	-3.535871E-3
5.200000E-8	-4.080642E-3
5.210000E-8	-5.125642E-3
5.220000E-8	-6.513265E-3
5.230000E-8	-7.890609E-3
5.240000E-8	-8.815691E-3
5.250000E-8	-9.082937E-3
5.260000E-8	-8.682068E-3
5.270000E-8	-7.859773E-3
5.280000E-8	-6.900429E-3
5.290000E-8	-6.102117E-3
5.300000E-8	-5.444281E-3
5.310000E-8	-4.889232E-3
5.320000E-8	-4.337609E-3
5.330000E-8	-3.717461E-3
5.340000E-8	-3.227510E-3
5.350000E-8	-3.066477E-3
5.360000E-8	-3.292609E-3
5.370000E-8	-4.087494E-3
5.380000E-8	-5.296953E-3
5.390000E-8	-6.598921E-3
5.400000E-8	-7.661052E-3
5.410000E-8	-8.205823E-3
5.420000E-8	-8.055068E-3
5.430000E-8	-7.445199E-3
5.440000E-8	-6.602347E-3
5.450000E-8	-5.845150E-3
5.460000E-8	-5.324363E-3
5.470000E-8	-4.988593E-3
5.480000E-8	-4.762461E-3
5.490000E-8	-4.371871E-3
5.500000E-8	-3.936740E-3
5.510000E-8	-3.570133E-3
5.520000E-8	-3.412527E-3
5.530000E-8	-3.566707E-3
5.540000E-8	-4.173150E-3
5.550000E-8	-4.998871E-3
5.560000E-8	-5.910248E-3
5.570000E-8	-6.722265E-3
5.580000E-8	-7.438347E-3
5.590000E-8	-7.972839E-3
5.600000E-8	-8.219527E-3
5.610000E-8	-8.065347E-3
5.620000E-8	-7.633642E-3
5.630000E-8	-6.862740E-3
5.640000E-8	-5.879412E-3
5.650000E-8	-4.830986E-3
5.660000E-8	-3.902478E-3
5.670000E-8	-3.251494E-3
5.680000E-8	-2.973969E-3
5.690000E-8	-3.145281E-3
5.700000E-8	-3.559855E-3
5.710000E-8	-4.183428E-3
5.720000E-8	-4.687084E-3
5.730000E-8	-5.050265E-3
5.740000E-8	-5.324363E-3
5.750000E-8	-5.536789E-3
5.760000E-8	-5.845150E-3
5.770000E-8	-6.276855E-3
5.780000E-8	-6.578363E-3
5.790000E-8	-6.506412E-3
5.800000E-8	-5.899970E-3
5.810000E-8	-4.827560E-3
5.820000E-8	-3.570133E-3
5.830000E-8	-2.384658E-3
5.840000E-8	-1.702838E-3
5.850000E-8	-1.682281E-3
5.860000E-8	-2.247609E-3
5.870000E-8	-3.117871E-3
5.880000E-8	-4.029248E-3
5.890000E-8	-4.793297E-3
5.900000E-8	-5.341494E-3
5.910000E-8	-5.547068E-3
5.920000E-8	-5.660134E-3
5.930000E-8	-5.663560E-3
5.940000E-8	-5.780052E-3
5.950000E-8	-5.735511E-3
5.960000E-8	-5.553920E-3
5.970000E-8	-5.118789E-3
5.980000E-8	-4.460953E-3
5.990000E-8	-3.662642E-3
6.000000E-8	-2.963691E-3
6.010000E-8	-2.675887E-3
6.020000E-8	-2.761543E-3
6.030000E-8	-3.162412E-3
6.040000E-8	-3.830527E-3
6.050000E-8	-4.615133E-3
6.060000E-8	-5.358625E-3
6.070000E-8	-5.971921E-3
6.080000E-8	-6.290560E-3
6.090000E-8	-6.369363E-3
6.100000E-8	-6.283707E-3
6.110000E-8	-6.033593E-3
6.120000E-8	-5.783478E-3
6.130000E-8	-5.499101E-3
6.140000E-8	-5.262691E-3
6.150000E-8	-4.807002E-3
6.160000E-8	-4.365019E-3
6.170000E-8	-3.792838E-3
6.180000E-8	-3.179543E-3
6.190000E-8	-2.809510E-3
6.200000E-8	-2.761543E-3
6.210000E-8	-3.018510E-3
6.220000E-8	-3.542723E-3
6.230000E-8	-4.183428E-3
6.240000E-8	-4.693937E-3
6.250000E-8	-5.135920E-3
6.260000E-8	-5.416871E-3
6.270000E-8	-5.509379E-3
6.280000E-8	-5.622445E-3
6.290000E-8	-5.598461E-3
6.300000E-8	-5.478543E-3
6.310000E-8	-5.187314E-3
6.320000E-8	-4.615133E-3
6.330000E-8	-3.871642E-3
6.340000E-8	-3.097314E-3
6.350000E-8	-2.484018E-3
6.360000E-8	-1.939248E-3
6.370000E-8	-1.791920E-3
6.380000E-8	-2.011199E-3
6.390000E-8	-2.549117E-3
6.400000E-8	-3.361133E-3
6.410000E-8	-4.323904E-3
6.420000E-8	-5.214724E-3
6.430000E-8	-5.903396E-3
6.440000E-8	-6.211757E-3
6.450000E-8	-6.201478E-3
6.460000E-8	-5.776625E-3
6.470000E-8	-5.074248E-3
6.480000E-8	-4.214265E-3
6.490000E-8	-3.405674E-3
6.500000E-8	-2.665609E-3
6.510000E-8	-2.230477E-3
6.520000E-8	-2.007772E-3
6.530000E-8	-2.110559E-3
6.540000E-8	-2.388084E-3
6.550000E-8	-2.737559E-3
6.560000E-8	-3.063051E-3
6.570000E-8	-3.467346E-3
6.580000E-8	-3.936740E-3
6.590000E-8	-4.330756E-3
6.600000E-8	-4.601429E-3
6.610000E-8	-4.789871E-3
6.620000E-8	-4.717920E-3
6.630000E-8	-4.416412E-3
6.640000E-8	-4.077215E-3
6.650000E-8	-3.714035E-3
6.660000E-8	-3.395396E-3
6.670000E-8	-3.230937E-3
6.680000E-8	-3.121297E-3
6.690000E-8	-3.028789E-3
6.700000E-8	-2.902018E-3
6.710000E-8	-2.823215E-3
6.720000E-8	-2.912297E-3
6.730000E-8	-3.087035E-3
6.740000E-8	-3.347428E-3
6.750000E-8	-3.669494E-3
6.760000E-8	-4.032674E-3
6.770000E-8	-4.327330E-3
6.780000E-8	-4.539756E-3
6.790000E-8	-4.796724E-3
6.800000E-8	-4.830986E-3
6.810000E-8	-4.844691E-3
6.820000E-8	-4.567166E-3
6.830000E-8	-4.176576E-3
6.840000E-8	-3.611248E-3
6.850000E-8	-2.997953E-3
6.860000E-8	-2.312707E-3
6.870000E-8	-1.740526E-3
6.880000E-8	-1.490412E-3
6.890000E-8	-1.579494E-3
6.900000E-8	-2.072871E-3
6.910000E-8	-2.878035E-3
6.920000E-8	-3.827101E-3
6.930000E-8	-4.587724E-3
6.940000E-8	-5.146199E-3
6.950000E-8	-5.406593E-3
6.960000E-8	-5.279822E-3
6.970000E-8	-5.036560E-3
6.980000E-8	-4.491789E-3
6.990000E-8	-3.991560E-3
7.000000E-8	-3.395396E-3
7.010000E-8	-2.802658E-3
7.020000E-8	-2.216772E-3
7.030000E-8	-1.853592E-3
7.040000E-8	-1.826182E-3
7.050000E-8	-2.028330E-3
7.060000E-8	-2.388084E-3
7.070000E-8	-2.967117E-3
7.080000E-8	-3.412527E-3
7.090000E-8	-3.775707E-3
7.100000E-8	-4.046379E-3
7.110000E-8	-4.275937E-3
7.120000E-8	-4.649396E-3
7.130000E-8	-4.902937E-3
7.140000E-8	-5.016002E-3
7.150000E-8	-4.779593E-3
7.160000E-8	-4.176576E-3
7.170000E-8	-3.344002E-3
7.180000E-8	-2.542264E-3
7.190000E-8	-1.970084E-3
7.200000E-8	-1.692559E-3
7.210000E-8	-1.901559E-3
7.220000E-8	-2.292150E-3
7.230000E-8	-2.771822E-3
7.240000E-8	-3.158986E-3
7.250000E-8	-3.515314E-3
7.260000E-8	-3.751723E-3
7.270000E-8	-3.994986E-3
7.280000E-8	-4.090920E-3
7.290000E-8	-4.032674E-3
7.300000E-8	-3.868215E-3
7.310000E-8	-3.648937E-3
7.320000E-8	-3.453641E-3
7.330000E-8	-3.330297E-3
7.340000E-8	-3.302887E-3
7.350000E-8	-3.261773E-3
7.360000E-8	-3.162412E-3
7.370000E-8	-3.025363E-3
7.380000E-8	-2.717002E-3
7.390000E-8	-2.367527E-3
7.400000E-8	-1.949527E-3
7.410000E-8	-1.719969E-3
7.420000E-8	-1.798772E-3
7.430000E-8	-2.213346E-3
7.440000E-8	-2.908871E-3
7.450000E-8	-3.758576E-3
7.460000E-8	-4.659674E-3
7.470000E-8	-5.255838E-3
7.480000E-8	-5.478543E-3
7.490000E-8	-5.307232E-3
7.500000E-8	-4.611707E-3
7.510000E-8	-3.823674E-3
7.520000E-8	-2.970543E-3
7.530000E-8	-2.271592E-3
7.540000E-8	-1.743953E-3
7.550000E-8	-1.534953E-3
7.560000E-8	-1.593199E-3
7.570000E-8	-1.966658E-3
7.580000E-8	-2.425772E-3
7.590000E-8	-2.939707E-3
7.600000E-8	-3.453641E-3
7.610000E-8	-3.933314E-3
7.620000E-8	-4.313625E-3
7.630000E-8	-4.474658E-3
7.640000E-8	-4.536330E-3
7.650000E-8	-4.351314E-3
7.660000E-8	-4.042953E-3
7.670000E-8	-3.648937E-3
7.680000E-8	-3.179543E-3
7.690000E-8	-2.823215E-3
7.700000E-8	-2.408641E-3
7.710000E-8	-2.042035E-3
7.720000E-8	-1.699412E-3
7.730000E-8	-1.582920E-3
7.740000E-8	-1.654871E-3
7.750000E-8	-2.018051E-3
7.760000E-8	-2.562822E-3
7.770000E-8	-3.145281E-3
7.780000E-8	-3.590691E-3
7.790000E-8	-3.755150E-3
7.800000E-8	-3.690051E-3
7.810000E-8	-3.477625E-3
7.820000E-8	-3.258346E-3
7.830000E-8	-3.004805E-3
7.840000E-8	-2.836920E-3
7.850000E-8	-2.744412E-3
7.860000E-8	-2.809510E-3
7.870000E-8	-2.857477E-3
7.880000E-8	-2.973969E-3
7.890000E-8	-3.004805E-3
7.900000E-8	-3.018510E-3
7.910000E-8	-2.922576E-3
7.920000E-8	-2.747838E-3
7.930000E-8	-2.586805E-3
7.940000E-8	-2.617641E-3
7.950000E-8	-2.782100E-3
7.960000E-8	-3.217232E-3
7.970000E-8	-3.624953E-3
7.980000E-8	-3.868215E-3
7.990000E-8	-3.926461E-3
8.000000E-8	-3.710609E-3
8.010000E-8	-3.302887E-3
8.020000E-8	-2.771822E-3
8.030000E-8	-2.360674E-3
8.040000E-8	-2.137969E-3
8.050000E-8	-1.976936E-3
8.060000E-8	-1.754231E-3
8.070000E-8	-1.538379E-3
8.080000E-8	-1.363641E-3
8.090000E-8	-1.452723E-3
8.100000E-8	-1.726822E-3
8.110000E-8	-2.257887E-3
8.120000E-8	-2.946559E-3
8.130000E-8	-3.505035E-3
8.140000E-8	-3.912756E-3
8.150000E-8	-3.926461E-3
8.160000E-8	-3.672920E-3
8.170000E-8	-3.292609E-3
8.180000E-8	-2.956838E-3
8.190000E-8	-2.607363E-3
8.200000E-8	-2.357248E-3
8.210000E-8	-2.083149E-3
8.220000E-8	-1.778215E-3
8.230000E-8	-1.391051E-3
8.240000E-8	-1.007313E-3
8.250000E-8	-8.394280E-4
8.260000E-8	-9.936083E-4
8.270000E-8	-1.463002E-3
8.280000E-8	-2.103707E-3
8.290000E-8	-2.836920E-3
8.300000E-8	-3.405674E-3
8.310000E-8	-3.566707E-3
8.320000E-8	-3.529019E-3
8.330000E-8	-3.176117E-3
8.340000E-8	-2.747838E-3
8.350000E-8	-2.346969E-3
8.360000E-8	-2.004346E-3
8.370000E-8	-1.754231E-3
8.380000E-8	-1.627461E-3
8.390000E-8	-1.528100E-3
8.400000E-8	-1.452723E-3
8.410000E-8	-1.534953E-3
8.420000E-8	-1.702838E-3
8.430000E-8	-1.870723E-3
8.440000E-8	-2.175658E-3
8.450000E-8	-2.525133E-3
8.460000E-8	-2.785527E-3
8.470000E-8	-2.932855E-3
8.480000E-8	-3.008232E-3
8.490000E-8	-2.970543E-3
8.500000E-8	-2.857477E-3
8.510000E-8	-2.631346E-3
8.520000E-8	-2.405215E-3
8.530000E-8	-2.179084E-3
8.540000E-8	-1.990641E-3
8.550000E-8	-1.898133E-3
8.560000E-8	-1.843313E-3
8.570000E-8	-1.809051E-3
8.580000E-8	-1.809051E-3
8.590000E-8	-1.822756E-3
8.600000E-8	-1.884428E-3
8.610000E-8	-2.035182E-3
8.620000E-8	-2.257887E-3
8.630000E-8	-2.579953E-3
8.640000E-8	-2.991100E-3
8.650000E-8	-3.426232E-3
8.660000E-8	-3.734592E-3
8.670000E-8	-3.994986E-3
8.680000E-8	-4.066937E-3
8.690000E-8	-4.018969E-3
8.700000E-8	-3.741445E-3
8.710000E-8	-3.344002E-3
8.720000E-8	-2.823215E-3
8.730000E-8	-2.161953E-3
8.740000E-8	-1.497264E-3
8.750000E-8	-8.634116E-4
8.760000E-8	-5.207886E-4
8.770000E-8	-5.070837E-4
8.780000E-8	-6.270017E-4
8.790000E-8	-9.387886E-4
8.800000E-8	-1.384199E-3
8.810000E-8	-1.970084E-3
8.820000E-8	-2.525133E-3
8.830000E-8	-3.073330E-3
8.840000E-8	-3.542723E-3
8.850000E-8	-3.700330E-3
8.860000E-8	-3.594117E-3
8.870000E-8	-3.176117E-3
8.880000E-8	-2.473740E-3
8.890000E-8	-1.723395E-3
8.900000E-8	-1.236871E-3
8.910000E-8	-1.137510E-3
8.920000E-8	-1.435592E-3
8.930000E-8	-1.956379E-3
8.940000E-8	-2.394936E-3
8.950000E-8	-2.696445E-3
8.960000E-8	-2.799232E-3
8.970000E-8	-2.717002E-3
8.980000E-8	-2.658756E-3
8.990000E-8	-2.645051E-3
9.000000E-8	-2.857477E-3
9.010000E-8	-3.121297E-3
9.020000E-8	-3.230937E-3
9.030000E-8	-3.152133E-3
9.040000E-8	-2.802658E-3
9.050000E-8	-2.343543E-3
9.060000E-8	-1.922117E-3
9.070000E-8	-1.733674E-3
9.080000E-8	-1.624035E-3
9.090000E-8	-1.747379E-3
9.100000E-8	-1.946100E-3
9.110000E-8	-2.319559E-3
9.120000E-8	-2.555969E-3
9.130000E-8	-2.812936E-3
9.140000E-8	-2.871182E-3
9.150000E-8	-2.905445E-3
9.160000E-8	-2.984248E-3
9.170000E-8	-3.111018E-3
9.180000E-8	-3.230937E-3
9.190000E-8	-3.296035E-3
9.200000E-8	-3.227510E-3
9.210000E-8	-2.812936E-3
9.220000E-8	-2.199641E-3
9.230000E-8	-1.565789E-3
9.240000E-8	-1.079264E-3
9.250000E-8	-8.497067E-4
9.260000E-8	-7.743296E-4
9.270000E-8	-8.771165E-4
9.280000E-8	-1.010739E-3
9.290000E-8	-1.209461E-3
9.300000E-8	-1.442444E-3
9.310000E-8	-1.778215E-3
9.320000E-8	-2.124264E-3
9.330000E-8	-2.473740E-3
9.340000E-8	-2.634773E-3
9.350000E-8	-2.682740E-3
9.360000E-8	-2.487445E-3
9.370000E-8	-2.244182E-3
9.380000E-8	-2.113986E-3
9.390000E-8	-2.110559E-3
9.400000E-8	-2.203068E-3
9.410000E-8	-2.189363E-3
9.420000E-8	-2.079723E-3
9.430000E-8	-1.922117E-3
9.440000E-8	-1.706264E-3
9.450000E-8	-1.634313E-3
9.460000E-8	-1.761084E-3
9.470000E-8	-2.124264E-3
9.480000E-8	-2.566248E-3
9.490000E-8	-3.008232E-3
9.500000E-8	-3.196674E-3
9.510000E-8	-3.258346E-3
9.520000E-8	-3.052773E-3
9.530000E-8	-2.638199E-3
9.540000E-8	-2.206494E-3
9.550000E-8	-1.689133E-3
9.560000E-8	-1.308821E-3
9.570000E-8	-1.003887E-3
9.580000E-8	-9.627723E-4
9.590000E-8	-1.051854E-3
9.600000E-8	-1.216313E-3
9.610000E-8	-1.435592E-3
9.620000E-8	-1.514395E-3
9.630000E-8	-1.449297E-3
9.640000E-8	-1.243723E-3
9.650000E-8	-1.161494E-3
9.660000E-8	-1.226592E-3
9.670000E-8	-1.466428E-3
9.680000E-8	-1.911838E-3
9.690000E-8	-2.295576E-3
9.700000E-8	-2.442904E-3
9.710000E-8	-2.388084E-3
9.720000E-8	-2.090002E-3
9.730000E-8	-1.846740E-3
9.740000E-8	-1.692559E-3
9.750000E-8	-1.706264E-3
9.760000E-8	-1.819330E-3
9.770000E-8	-1.874149E-3
9.780000E-8	-1.877576E-3
9.790000E-8	-1.901559E-3
9.800000E-8	-1.839887E-3
9.810000E-8	-1.802199E-3
9.820000E-8	-1.809051E-3
9.830000E-8	-1.874149E-3
9.840000E-8	-2.024904E-3
9.850000E-8	-2.309281E-3
9.860000E-8	-2.651904E-3
9.870000E-8	-2.973969E-3
9.880000E-8	-3.165838E-3
9.890000E-8	-3.039068E-3
9.900000E-8	-2.579953E-3
9.910000E-8	-1.802199E-3
9.920000E-8	-1.075838E-3
9.930000E-8	-5.105099E-4
9.940000E-8	-3.803132E-4
9.950000E-8	-6.441329E-4
9.960000E-8	-1.058707E-3
9.970000E-8	-1.569215E-3
9.980000E-8	-1.959805E-3
9.990000E-8	-2.192789E-3
1.000000E-7	-2.158527E-3
1.001000E-7	-2.000920E-3
1.002000E-7	-1.767936E-3
1.003000E-7	-1.589772E-3
1.004000E-7	-1.473281E-3
1.005000E-7	-1.439018E-3
1.006000E-7	-1.569215E-3
1.007000E-7	-1.624035E-3
1.008000E-7	-1.658297E-3
1.009000E-7	-1.634313E-3
1.010000E-7	-1.613756E-3
1.011000E-7	-1.685707E-3
1.012000E-7	-1.826182E-3
1.013000E-7	-2.059166E-3
1.014000E-7	-2.292150E-3
1.015000E-7	-2.511428E-3
1.016000E-7	-2.490871E-3
1.017000E-7	-2.312707E-3
1.018000E-7	-1.970084E-3
1.019000E-7	-1.641166E-3
1.020000E-7	-1.435592E-3
1.021000E-7	-1.469854E-3
1.022000E-7	-1.654871E-3
1.023000E-7	-1.877576E-3
1.024000E-7	-2.062592E-3
1.025000E-7	-2.185936E-3
1.026000E-7	-2.113986E-3
1.027000E-7	-2.004346E-3
1.028000E-7	-1.863871E-3
1.029000E-7	-1.798772E-3
1.030000E-7	-1.805625E-3
1.031000E-7	-1.884428E-3
1.032000E-7	-1.774789E-3
1.033000E-7	-1.702838E-3
1.034000E-7	-1.586346E-3
1.035000E-7	-1.552084E-3
1.036000E-7	-1.661723E-3
1.037000E-7	-1.990641E-3
1.038000E-7	-2.350395E-3
1.039000E-7	-2.617641E-3
1.040000E-7	-2.768395E-3
1.041000E-7	-2.710150E-3
1.042000E-7	-2.511428E-3
1.043000E-7	-2.240756E-3
1.044000E-7	-1.928969E-3
1.045000E-7	-1.541805E-3
1.046000E-7	-1.103248E-3
1.047000E-7	-7.023788E-4
1.048000E-7	-3.803132E-4
1.049000E-7	-3.768869E-4
1.050000E-7	-5.550509E-4
1.051000E-7	-9.524936E-4
1.052000E-7	-1.291690E-3
1.053000E-7	-1.586346E-3
1.054000E-7	-1.648018E-3
1.055000E-7	-1.576067E-3
1.056000E-7	-1.349936E-3
1.057000E-7	-1.223166E-3
1.058000E-7	-1.000461E-3
1.059000E-7	-8.257231E-4
1.060000E-7	-6.612640E-4
1.061000E-7	-7.092312E-4
1.062000E-7	-8.599854E-4
1.063000E-7	-1.202608E-3
1.064000E-7	-1.582920E-3
1.065000E-7	-1.809051E-3
1.066000E-7	-1.915264E-3
1.067000E-7	-1.904986E-3
1.068000E-7	-1.956379E-3
1.069000E-7	-2.079723E-3
1.070000E-7	-2.480592E-3
1.071000E-7	-2.740986E-3
1.072000E-7	-2.840346E-3
1.073000E-7	-2.675887E-3
1.074000E-7	-2.199641E-3
1.075000E-7	-1.610330E-3
1.076000E-7	-1.182051E-3
1.077000E-7	-1.034723E-3
1.078000E-7	-1.151215E-3
1.079000E-7	-1.500690E-3
1.080000E-7	-1.781641E-3
1.081000E-7	-1.932395E-3
1.082000E-7	-1.928969E-3
1.083000E-7	-1.771363E-3
1.084000E-7	-1.740526E-3
1.085000E-7	-1.648018E-3
1.086000E-7	-1.600051E-3
1.087000E-7	-1.445871E-3
1.088000E-7	-1.243723E-3
1.089000E-7	-1.048428E-3
1.090000E-7	-8.325755E-4
1.091000E-7	-7.229362E-4
1.092000E-7	-7.092312E-4
1.093000E-7	-8.360017E-4
1.094000E-7	-1.065559E-3
1.095000E-7	-1.319100E-3
1.096000E-7	-1.648018E-3
1.097000E-7	-1.942674E-3
1.098000E-7	-2.103707E-3
1.099000E-7	-2.144822E-3
1.100000E-7	-2.042035E-3
1.101000E-7	-1.901559E-3
1.102000E-7	-1.946100E-3
1.103000E-7	-2.086576E-3
1.104000E-7	-2.240756E-3
1.105000E-7	-2.360674E-3
1.106000E-7	-2.209920E-3
1.107000E-7	-1.973510E-3
1.108000E-7	-1.706264E-3
1.109000E-7	-1.507543E-3
1.110000E-7	-1.421887E-3
1.111000E-7	-1.363641E-3
1.112000E-7	-1.271133E-3
1.113000E-7	-1.010739E-3
1.114000E-7	-8.188706E-4
1.115000E-7	-6.749689E-4
1.116000E-7	-6.407066E-4
1.117000E-7	-7.880345E-4
1.118000E-7	-1.099821E-3
1.119000E-7	-1.370494E-3
1.120000E-7	-1.555510E-3
1.121000E-7	-1.702838E-3
1.122000E-7	-1.750805E-3
1.123000E-7	-1.833035E-3
1.124000E-7	-1.867297E-3
1.125000E-7	-1.928969E-3
1.126000E-7	-1.918690E-3
1.127000E-7	-1.949527E-3
1.128000E-7	-1.785067E-3
1.129000E-7	-1.579494E-3
1.130000E-7	-1.339658E-3
1.131000E-7	-1.110100E-3
1.132000E-7	-9.901821E-4
1.133000E-7	-1.041576E-3
1.134000E-7	-1.106674E-3
1.135000E-7	-1.339658E-3
1.136000E-7	-1.452723E-3
1.137000E-7	-1.466428E-3
1.138000E-7	-1.391051E-3
1.139000E-7	-1.171772E-3
1.140000E-7	-9.970346E-4
1.141000E-7	-9.148050E-4
1.142000E-7	-9.730509E-4
1.143000E-7	-1.007313E-3
1.144000E-7	-1.062133E-3
1.145000E-7	-1.137510E-3
1.146000E-7	-1.134084E-3
1.147000E-7	-1.158067E-3
1.148000E-7	-1.277985E-3
1.149000E-7	-1.411608E-3
1.150000E-7	-1.552084E-3
1.151000E-7	-1.576067E-3
1.152000E-7	-1.600051E-3
1.153000E-7	-1.548658E-3
1.154000E-7	-1.408182E-3
1.155000E-7	-1.206035E-3
1.156000E-7	-1.000461E-3
1.157000E-7	-8.188706E-4
1.158000E-7	-6.646902E-4
1.159000E-7	-5.961656E-4
1.160000E-7	-7.469198E-4
1.161000E-7	-9.113788E-4
1.162000E-7	-1.171772E-3
1.163000E-7	-1.439018E-3
1.164000E-7	-1.562363E-3
1.165000E-7	-1.428740E-3
1.166000E-7	-1.096395E-3
1.167000E-7	-6.612640E-4
1.168000E-7	-3.152148E-4
1.169000E-7	-4.454261E-5
1.170000E-7	-1.096410E-4
1.171000E-7	-5.276410E-4
1.172000E-7	-1.065559E-3
1.173000E-7	-1.658297E-3
1.174000E-7	-2.117412E-3
1.175000E-7	-2.353822E-3
1.176000E-7	-2.244182E-3
1.177000E-7	-2.069445E-3
1.178000E-7	-1.791920E-3
1.179000E-7	-1.572641E-3
1.180000E-7	-1.456149E-3
1.181000E-7	-1.435592E-3
1.182000E-7	-1.356789E-3
1.183000E-7	-1.216313E-3
1.184000E-7	-1.178625E-3
1.185000E-7	-1.185477E-3
1.186000E-7	-1.394477E-3
1.187000E-7	-1.839887E-3
1.188000E-7	-2.292150E-3
1.189000E-7	-2.593658E-3
1.190000E-7	-2.672461E-3
1.191000E-7	-2.442904E-3
1.192000E-7	-2.151674E-3
1.193000E-7	-1.747379E-3
1.194000E-7	-1.394477E-3
1.195000E-7	-1.099821E-3
1.196000E-7	-9.490673E-4
1.197000E-7	-9.250837E-4
1.198000E-7	-9.182313E-4
1.199000E-7	-9.593460E-4
1.200000E-7	-9.559198E-4
1.201000E-7	-9.216575E-4
1.202000E-7	-9.113788E-4
1.203000E-7	-8.360017E-4
1.204000E-7	-7.537722E-4
1.205000E-7	-7.434935E-4
1.206000E-7	-8.531329E-4
1.207000E-7	-1.058707E-3
1.208000E-7	-1.295117E-3
1.209000E-7	-1.538379E-3
1.210000E-7	-1.740526E-3
1.211000E-7	-1.798772E-3
1.212000E-7	-1.576067E-3
1.213000E-7	-1.212887E-3
1.214000E-7	-8.188706E-4
1.215000E-7	-5.036574E-4
1.216000E-7	-4.831001E-4
1.217000E-7	-7.571985E-4
1.218000E-7	-1.267707E-3
1.219000E-7	-1.850166E-3
1.220000E-7	-2.247609E-3
1.221000E-7	-2.425772E-3
1.222000E-7	-2.247609E-3
1.223000E-7	-1.850166E-3
1.224000E-7	-1.435592E-3
1.225000E-7	-1.072412E-3
1.226000E-7	-8.839690E-4
1.227000E-7	-8.017394E-4
1.228000E-7	-7.948870E-4
1.229000E-7	-9.250837E-4
1.230000E-7	-9.250837E-4
1.231000E-7	-1.014166E-3
1.232000E-7	-1.079264E-3
1.233000E-7	-1.110100E-3
1.234000E-7	-1.134084E-3
1.235000E-7	-1.164920E-3
1.236000E-7	-1.247149E-3
1.237000E-7	-1.322526E-3
1.238000E-7	-1.387625E-3
1.239000E-7	-1.394477E-3
1.240000E-7	-1.356789E-3
1.241000E-7	-1.202608E-3
1.242000E-7	-9.353624E-4
1.243000E-7	-6.544116E-4
1.244000E-7	-5.447722E-4
1.245000E-7	-5.516247E-4
1.246000E-7	-7.160837E-4
1.247000E-7	-1.079264E-3
1.248000E-7	-1.322526E-3
1.249000E-7	-1.490412E-3
1.250000E-7	-1.459576E-3
1.251000E-7	-1.295117E-3
1.252000E-7	-1.027871E-3
1.253000E-7	-8.085919E-4
1.254000E-7	-6.201493E-4
1.255000E-7	-5.070837E-4
1.256000E-7	-4.008705E-4
1.257000E-7	-3.597558E-4
1.258000E-7	-4.454115E-4
1.259000E-7	-5.413460E-4
1.260000E-7	-8.976739E-4
1.261000E-7	-1.295117E-3
1.262000E-7	-1.682281E-3
1.263000E-7	-1.819330E-3
1.264000E-7	-1.726822E-3
1.265000E-7	-1.418461E-3
1.266000E-7	-1.031297E-3
1.267000E-7	-8.051657E-4
1.268000E-7	-7.777558E-4
1.269000E-7	-8.188706E-4
1.270000E-7	-1.014166E-3
1.271000E-7	-1.219740E-3
1.272000E-7	-1.271133E-3
1.273000E-7	-1.363641E-3
1.274000E-7	-1.391051E-3
1.275000E-7	-1.411608E-3
1.276000E-7	-1.452723E-3
1.277000E-7	-1.524674E-3
1.278000E-7	-1.534953E-3
1.279000E-7	-1.490412E-3
1.280000E-7	-1.425313E-3
1.281000E-7	-1.343084E-3
1.282000E-7	-1.274559E-3
1.283000E-7	-1.185477E-3
1.284000E-7	-1.230018E-3
1.285000E-7	-1.264280E-3
1.286000E-7	-1.404756E-3
1.287000E-7	-1.456149E-3
1.288000E-7	-1.507543E-3
1.289000E-7	-1.469854E-3
1.290000E-7	-1.322526E-3
1.291000E-7	-1.305395E-3
1.292000E-7	-1.254002E-3
1.293000E-7	-1.264280E-3
1.294000E-7	-1.195756E-3
1.295000E-7	-1.092969E-3
1.296000E-7	-9.593460E-4
1.297000E-7	-9.113788E-4
1.298000E-7	-8.017394E-4
1.299000E-7	-8.222968E-4
1.300000E-7	-8.976739E-4
1.301000E-7	-9.559198E-4
1.302000E-7	-9.696247E-4
1.303000E-7	-7.743296E-4
1.304000E-7	-5.139361E-4
1.305000E-7	-1.473295E-4
1.306000E-7	-3.427851E-6
1.307000E-7	-8.908360E-5
1.308000E-7	-2.775263E-4
1.309000E-7	-7.229362E-4
1.310000E-7	-1.096395E-3
1.311000E-7	-1.230018E-3
1.312000E-7	-1.209461E-3
1.313000E-7	-9.079526E-4
1.314000E-7	-7.126575E-4
1.315000E-7	-6.338542E-4
1.316000E-7	-8.531329E-4
1.317000E-7	-1.175199E-3
1.318000E-7	-1.486985E-3
1.319000E-7	-1.490412E-3
1.320000E-7	-1.288264E-3
1.321000E-7	-1.051854E-3
1.322000E-7	-8.051657E-4
1.323000E-7	-7.366411E-4
1.324000E-7	-8.668378E-4
1.325000E-7	-1.062133E-3
1.326000E-7	-1.219740E-3
1.327000E-7	-1.188903E-3
1.328000E-7	-1.027871E-3
1.329000E-7	-8.085919E-4
1.330000E-7	-7.263624E-4
1.331000E-7	-6.270017E-4
1.332000E-7	-6.167230E-4
1.333000E-7	-6.372804E-4
1.334000E-7	-6.921001E-4
1.335000E-7	-7.366411E-4
1.336000E-7	-8.428542E-4
1.337000E-7	-1.038149E-3
1.338000E-7	-1.373920E-3
1.339000E-7	-1.781641E-3
1.340000E-7	-2.103707E-3
1.341000E-7	-2.292150E-3
1.342000E-7	-2.316133E-3
1.343000E-7	-2.148248E-3
1.344000E-7	-1.901559E-3
1.345000E-7	-1.630887E-3
1.346000E-7	-1.490412E-3
1.347000E-7	-1.497264E-3
1.348000E-7	-1.600051E-3
1.349000E-7	-1.702838E-3
1.350000E-7	-1.620608E-3
1.351000E-7	-1.565789E-3
1.352000E-7	-1.349936E-3
1.353000E-7	-1.171772E-3
1.354000E-7	-1.058707E-3
1.355000E-7	-9.867559E-4
1.356000E-7	-7.880345E-4
1.357000E-7	-5.721820E-4
1.358000E-7	-4.282804E-4
1.359000E-7	-3.871656E-4
1.360000E-7	-4.762476E-4
1.361000E-7	-6.921001E-4
1.362000E-7	-9.148050E-4
1.363000E-7	-1.120379E-3
1.364000E-7	-1.158067E-3
1.365000E-7	-1.045002E-3
1.366000E-7	-9.216575E-4
1.367000E-7	-9.285100E-4
1.368000E-7	-1.158067E-3
1.369000E-7	-1.349936E-3
1.370000E-7	-1.534953E-3
1.371000E-7	-1.558936E-3
1.372000E-7	-1.528100E-3
1.373000E-7	-1.500690E-3
1.374000E-7	-1.459576E-3
1.375000E-7	-1.507543E-3
1.376000E-7	-1.620608E-3
1.377000E-7	-1.555510E-3
1.378000E-7	-1.394477E-3
1.379000E-7	-1.045002E-3
1.380000E-7	-5.961656E-4
1.381000E-7	-2.603951E-4
1.382000E-7	-2.227066E-4
1.383000E-7	-3.768869E-4
1.384000E-7	-7.126575E-4
1.385000E-7	-1.092969E-3
1.386000E-7	-1.373920E-3
1.387000E-7	-1.504117E-3
1.388000E-7	-1.504117E-3
1.389000E-7	-1.370494E-3
1.390000E-7	-1.188903E-3
1.391000E-7	-9.764772E-4
1.392000E-7	-9.627723E-4
1.393000E-7	-9.799034E-4
1.394000E-7	-1.027871E-3
1.395000E-7	-1.027871E-3
1.396000E-7	-1.082690E-3
1.397000E-7	-1.048428E-3
1.398000E-7	-9.250837E-4
1.399000E-7	-8.976739E-4
1.400000E-7	-9.285100E-4
1.401000E-7	-1.062133E-3
1.402000E-7	-1.140936E-3
1.403000E-7	-1.127231E-3
1.404000E-7	-1.051854E-3
1.405000E-7	-1.010739E-3
1.406000E-7	-1.003887E-3
1.407000E-7	-9.764772E-4
1.408000E-7	-1.096395E-3
1.409000E-7	-1.168346E-3
1.410000E-7	-1.226592E-3
1.411000E-7	-1.264280E-3
1.412000E-7	-1.188903E-3
1.413000E-7	-9.661985E-4
1.414000E-7	-7.229362E-4
1.415000E-7	-4.351328E-4
1.416000E-7	-2.124279E-4
1.417000E-7	-1.850180E-4
1.418000E-7	-3.254935E-4
1.419000E-7	-6.646902E-4
1.420000E-7	-8.976739E-4
1.421000E-7	-1.147789E-3
1.422000E-7	-1.000461E-3
1.423000E-7	-7.811821E-4
1.424000E-7	-4.865263E-4
1.425000E-7	-3.837394E-4
1.426000E-7	-6.132968E-4
1.427000E-7	-8.908214E-4
1.428000E-7	-1.230018E-3
1.429000E-7	-1.428740E-3
1.430000E-7	-1.531526E-3
1.431000E-7	-1.397903E-3
1.432000E-7	-1.195756E-3
1.433000E-7	-9.250837E-4
1.434000E-7	-7.092312E-4
1.435000E-7	-5.790345E-4
1.436000E-7	-6.338542E-4
1.437000E-7	-7.777558E-4
1.438000E-7	-9.490673E-4
1.439000E-7	-1.147789E-3
1.440000E-7	-1.267707E-3
1.441000E-7	-1.230018E-3
1.442000E-7	-1.099821E-3
1.443000E-7	-8.771165E-4
1.444000E-7	-6.955263E-4
1.445000E-7	-6.064443E-4
1.446000E-7	-5.550509E-4
1.447000E-7	-6.475591E-4
1.448000E-7	-7.674771E-4
1.449000E-7	-9.867559E-4
1.450000E-7	-1.140936E-3
1.451000E-7	-1.284838E-3
1.452000E-7	-1.332805E-3
1.453000E-7	-1.250576E-3
1.454000E-7	-1.164920E-3
1.455000E-7	-1.075838E-3
1.456000E-7	-1.010739E-3
1.457000E-7	-1.045002E-3
1.458000E-7	-1.062133E-3
1.459000E-7	-1.233444E-3
1.460000E-7	-1.476707E-3
1.461000E-7	-1.582920E-3
1.462000E-7	-1.678854E-3
1.463000E-7	-1.425313E-3
1.464000E-7	-1.092969E-3
1.465000E-7	-6.064443E-4
1.466000E-7	-2.364115E-4
1.467000E-7	-4.454261E-5
1.468000E-7	-7.880491E-5
1.469000E-7	-3.768869E-4
1.470000E-7	-7.058050E-4
1.471000E-7	-8.565591E-4
1.472000E-7	-7.983132E-4
1.473000E-7	-6.544116E-4
1.474000E-7	-4.111492E-4
1.475000E-7	-2.329853E-4
1.476000E-7	-1.301984E-4
1.477000E-7	-1.952967E-4
1.478000E-7	-4.317066E-4
1.479000E-7	-6.304279E-4
1.480000E-7	-1.000461E-3
1.481000E-7	-1.199182E-3
1.482000E-7	-1.360215E-3
1.483000E-7	-1.343084E-3
1.484000E-7	-1.021018E-3
1.485000E-7	-5.858870E-4
1.486000E-7	-1.199197E-4
1.487000E-7	2.398345E-4
1.488000E-7	3.117853E-4
1.489000E-7	1.164902E-4
1.490000E-7	-3.700345E-4
1.491000E-7	-7.366411E-4
1.492000E-7	-9.559198E-4
1.493000E-7	-9.250837E-4
1.494000E-7	-7.948870E-4
1.495000E-7	-7.948870E-4
1.496000E-7	-9.661985E-4
1.497000E-7	-1.322526E-3
1.498000E-7	-1.761084E-3
1.499000E-7	-1.997494E-3
1.500000E-7	-1.874149E-3
1.501000E-7	-1.469854E-3
1.502000E-7	-9.182313E-4
1.503000E-7	-3.426246E-4
1.504000E-7	-5.824753E-5
1.505000E-7	6.850840E-6
1.506000E-7	-2.192803E-4
1.507000E-7	-5.447722E-4
1.508000E-7	-8.222968E-4
1.509000E-7	-9.867559E-4
1.510000E-7	-9.627723E-4
1.511000E-7	-8.188706E-4
1.512000E-7	-6.407066E-4
1.513000E-7	-4.693951E-4
1.514000E-7	-5.550509E-4
1.515000E-7	-8.154444E-4
1.516000E-7	-1.144362E-3
1.517000E-7	-1.490412E-3
1.518000E-7	-1.606904E-3
1.519000E-7	-1.469854E-3
1.520000E-7	-1.154641E-3
1.521000E-7	-7.640509E-4
1.522000E-7	-4.488378E-4
1.523000E-7	-2.878049E-4
1.524000E-7	-3.186410E-4
1.525000E-7	-4.865263E-4
1.526000E-7	-5.858870E-4
1.527000E-7	-7.743296E-4
1.528000E-7	-7.537722E-4
1.529000E-7	-7.023788E-4
1.530000E-7	-6.407066E-4
1.531000E-7	-5.721820E-4
1.532000E-7	-5.824607E-4
1.533000E-7	-5.653296E-4
1.534000E-7	-5.619033E-4
1.535000E-7	-6.235755E-4
1.536000E-7	-7.400673E-4
1.537000E-7	-9.593460E-4
1.538000E-7	-1.154641E-3
1.539000E-7	-1.418461E-3
1.540000E-7	-1.596625E-3
1.541000E-7	-1.617182E-3
1.542000E-7	-1.394477E-3
1.543000E-7	-1.158067E-3
1.544000E-7	-8.805427E-4
1.545000E-7	-7.366411E-4
1.546000E-7	-7.297886E-4
1.547000E-7	-7.571985E-4
1.548000E-7	-8.085919E-4
1.549000E-7	-7.366411E-4
1.550000E-7	-5.756083E-4
1.551000E-7	-2.466902E-4
1.552000E-7	3.424610E-6
1.553000E-7	1.267689E-4
1.554000E-7	-8.223114E-5
1.555000E-7	-5.173624E-4
1.556000E-7	-1.092969E-3
1.557000E-7	-1.630887E-3
1.558000E-7	-1.983789E-3
1.559000E-7	-2.007772E-3
1.560000E-7	-1.850166E-3
1.561000E-7	-1.538379E-3
1.562000E-7	-1.089543E-3
1.563000E-7	-5.927394E-4
1.564000E-7	-2.329853E-4
1.565000E-7	1.370330E-5
1.566000E-7	-1.620492E-9
1.567000E-7	-1.370508E-4
1.568000E-7	-4.351328E-4
1.569000E-7	-5.995919E-4
1.570000E-7	-6.441329E-4
1.571000E-7	-4.556902E-4
1.572000E-7	-1.747394E-4
1.573000E-7	-1.507557E-4
1.574000E-7	-2.638213E-4
1.575000E-7	-5.447722E-4
1.576000E-7	-9.113788E-4
1.577000E-7	-1.195756E-3
1.578000E-7	-1.171772E-3
1.579000E-7	-9.387886E-4
1.580000E-7	-5.584771E-4
1.581000E-7	-2.912312E-4
1.582000E-7	-1.850180E-4
1.583000E-7	-4.693951E-4
1.584000E-7	-9.799034E-4
1.585000E-7	-1.531526E-3
1.586000E-7	-1.956379E-3
1.587000E-7	-2.059166E-3
1.588000E-7	-1.829608E-3
1.589000E-7	-1.411608E-3
1.590000E-7	-8.702640E-4
1.591000E-7	-5.516247E-4
1.592000E-7	-4.180017E-4
1.593000E-7	-5.687558E-4
1.594000E-7	-8.188706E-4
1.595000E-7	-1.007313E-3
1.596000E-7	-9.456411E-4
1.597000E-7	-6.646902E-4
1.598000E-7	-3.563295E-4
1.599000E-7	-1.096410E-4
1.600000E-7	-1.404771E-4
1.601000E-7	-3.803132E-4
1.602000E-7	-6.921001E-4
1.603000E-7	-1.014166E-3
1.604000E-7	-1.051854E-3
1.605000E-7	-9.661985E-4
1.606000E-7	-6.921001E-4
1.607000E-7	-5.070837E-4
1.608000E-7	-2.878049E-4
1.609000E-7	-2.638213E-4
1.610000E-7	-3.700345E-4
1.611000E-7	-4.625427E-4
1.612000E-7	-5.927394E-4
1.613000E-7	-5.721820E-4
1.614000E-7	-4.419853E-4
1.615000E-7	-3.117886E-4
1.616000E-7	-2.398377E-4
1.617000E-7	-2.809525E-4
1.618000E-7	-5.447722E-4
1.619000E-7	-9.661985E-4
1.620000E-7	-1.380772E-3
1.621000E-7	-1.620608E-3
1.622000E-7	-1.586346E-3
1.623000E-7	-1.288264E-3
1.624000E-7	-9.250837E-4
1.625000E-7	-5.344935E-4
1.626000E-7	-3.049361E-4
1.627000E-7	-1.541820E-4
1.628000E-7	-1.096410E-4
1.629000E-7	-1.713131E-4
1.630000E-7	-3.494771E-4
1.631000E-7	-5.995919E-4
1.632000E-7	-8.771165E-4
1.633000E-7	-1.230018E-3
1.634000E-7	-1.486985E-3
1.635000E-7	-1.445871E-3
1.636000E-7	-1.209461E-3
1.637000E-7	-8.051657E-4
1.638000E-7	-4.591164E-4
1.639000E-7	-2.980836E-4
1.640000E-7	-4.351328E-4
1.641000E-7	-7.537722E-4
1.642000E-7	-1.168346E-3
1.643000E-7	-1.600051E-3
1.644000E-7	-1.819330E-3
1.645000E-7	-1.860445E-3
1.646000E-7	-1.781641E-3
1.647000E-7	-1.689133E-3
1.648000E-7	-1.675428E-3
1.649000E-7	-1.617182E-3
1.650000E-7	-1.493838E-3
1.651000E-7	-1.288264E-3
1.652000E-7	-9.661985E-4
1.653000E-7	-5.721820E-4
1.654000E-7	-4.008705E-4
1.655000E-7	-4.351328E-4
1.656000E-7	-6.852476E-4
1.657000E-7	-1.099821E-3
1.658000E-7	-1.469854E-3
1.659000E-7	-1.678854E-3
1.660000E-7	-1.740526E-3
1.661000E-7	-1.634313E-3
1.662000E-7	-1.493838E-3
1.663000E-7	-1.353362E-3
1.664000E-7	-1.250576E-3
1.665000E-7	-1.058707E-3
1.666000E-7	-9.113788E-4
1.667000E-7	-6.886739E-4
1.668000E-7	-5.344935E-4
1.669000E-7	-5.070837E-4
1.670000E-7	-6.783952E-4
1.671000E-7	-8.942477E-4
1.672000E-7	-1.151215E-3
1.673000E-7	-1.271133E-3
1.674000E-7	-1.260854E-3
1.675000E-7	-1.161494E-3
1.676000E-7	-8.428542E-4
1.677000E-7	-5.310673E-4
1.678000E-7	-2.569689E-4
1.679000E-7	-9.936229E-5
1.680000E-7	-1.199197E-4
1.681000E-7	-2.569689E-4
1.682000E-7	-5.619033E-4
1.683000E-7	-8.976739E-4
1.684000E-7	-1.127231E-3
1.685000E-7	-1.188903E-3
1.686000E-7	-1.137510E-3
1.687000E-7	-1.007313E-3
1.688000E-7	-8.291493E-4
1.689000E-7	-5.927394E-4
1.690000E-7	-4.591164E-4
1.691000E-7	-4.077230E-4
1.692000E-7	-3.460509E-4
1.693000E-7	-3.803132E-4
1.694000E-7	-4.180017E-4
1.695000E-7	-6.304279E-4
1.696000E-7	-9.901821E-4
1.697000E-7	-1.367067E-3
1.698000E-7	-1.627461E-3
1.699000E-7	-1.853592E-3
1.700000E-7	-1.833035E-3
1.701000E-7	-1.562363E-3
1.702000E-7	-1.175199E-3
1.703000E-7	-7.914608E-4
1.704000E-7	-5.995919E-4
1.705000E-7	-5.721820E-4
1.706000E-7	-7.332148E-4
1.707000E-7	-9.148050E-4
1.708000E-7	-1.068985E-3
1.709000E-7	-1.185477E-3
1.710000E-7	-1.106674E-3
1.711000E-7	-9.285100E-4
1.712000E-7	-7.195099E-4
1.713000E-7	-5.002312E-4
1.714000E-7	-3.871656E-4
1.715000E-7	-3.494771E-4
1.716000E-7	-4.659689E-4
1.717000E-7	-5.653296E-4
1.718000E-7	-7.263624E-4
1.719000E-7	-7.469198E-4
1.720000E-7	-6.921001E-4
1.721000E-7	-5.550509E-4
1.722000E-7	-3.015099E-4
1.723000E-7	-2.261328E-4
1.724000E-7	-2.432640E-4
1.725000E-7	-4.248541E-4
1.726000E-7	-7.263624E-4
1.727000E-7	-1.031297E-3
1.728000E-7	-1.134084E-3
1.729000E-7	-1.038149E-3
1.730000E-7	-8.668378E-4
1.731000E-7	-6.064443E-4
1.732000E-7	-4.077230E-4
1.733000E-7	-3.631820E-4
1.734000E-7	-5.550509E-4
1.735000E-7	-9.867559E-4
1.736000E-7	-1.425313E-3
1.737000E-7	-1.870723E-3
1.738000E-7	-2.179084E-3
1.739000E-7	-2.247609E-3
1.740000E-7	-1.959805E-3
1.741000E-7	-1.480133E-3
1.742000E-7	-9.250837E-4
1.743000E-7	-4.419853E-4
1.744000E-7	-2.227066E-4
1.745000E-7	-2.192803E-4
1.746000E-7	-4.351328E-4
1.747000E-7	-7.743296E-4
1.748000E-7	-1.086117E-3
1.749000E-7	-1.325953E-3
1.750000E-7	-1.442444E-3
1.751000E-7	-1.315674E-3
1.752000E-7	-1.120379E-3
1.753000E-7	-8.394280E-4
1.754000E-7	-6.989525E-4
1.755000E-7	-7.297886E-4
1.756000E-7	-8.839690E-4
1.757000E-7	-1.062133E-3
1.758000E-7	-1.021018E-3
1.759000E-7	-8.017394E-4
1.760000E-7	-4.762476E-4
1.761000E-7	-1.747394E-4
1.762000E-7	1.027707E-5
1.763000E-7	1.027707E-5
1.764000E-7	-2.227066E-4
1.765000E-7	-4.762476E-4
1.766000E-7	-5.173624E-4
1.767000E-7	-4.728214E-4
1.768000E-7	-4.077230E-4
1.769000E-7	-3.734607E-4
1.770000E-7	-6.955263E-4
1.771000E-7	-1.021018E-3
1.772000E-7	-1.250576E-3
1.773000E-7	-1.223166E-3
1.774000E-7	-1.096395E-3
1.775000E-7	-8.531329E-4
1.776000E-7	-5.413460E-4
1.777000E-7	-4.591164E-4
1.778000E-7	-6.098706E-4
1.779000E-7	-9.353624E-4
1.780000E-7	-1.301969E-3
1.781000E-7	-1.569215E-3
1.782000E-7	-1.606904E-3
1.783000E-7	-1.473281E-3
1.784000E-7	-1.134084E-3
1.785000E-7	-6.646902E-4
1.786000E-7	-1.439033E-4
1.787000E-7	1.713099E-4
1.788000E-7	2.535394E-4
1.789000E-7	7.880167E-5
1.790000E-7	-2.329853E-4
1.791000E-7	-4.728214E-4
1.792000E-7	-5.653296E-4
1.793000E-7	-6.235755E-4
1.794000E-7	-5.002312E-4
1.795000E-7	-3.391984E-4
1.796000E-7	-1.884443E-4
1.797000E-7	-2.192803E-4
1.798000E-7	-3.391984E-4
1.799000E-7	-5.619033E-4
1.800000E-7	-6.886739E-4
1.801000E-7	-8.222968E-4
1.802000E-7	-1.034723E-3
1.803000E-7	-1.055280E-3
1.804000E-7	-1.045002E-3
1.805000E-7	-9.250837E-4
1.806000E-7	-6.646902E-4
1.807000E-7	-3.494771E-4
1.808000E-7	6.167052E-5
1.809000E-7	3.391952E-4
1.810000E-7	4.899493E-4
1.811000E-7	4.077198E-4
1.812000E-7	2.192771E-4
1.813000E-7	-2.124279E-4
1.814000E-7	-6.646902E-4
1.815000E-7	-9.456411E-4
1.816000E-7	-1.003887E-3
1.817000E-7	-9.319362E-4
1.818000E-7	-7.092312E-4
1.819000E-7	-5.173624E-4
1.820000E-7	-2.980836E-4
1.821000E-7	-1.439033E-4
1.822000E-7	-1.404771E-4
1.823000E-7	-1.952967E-4
1.824000E-7	-1.301984E-4
1.825000E-7	-7.537868E-5
1.826000E-7	-1.199197E-4
1.827000E-7	-2.946574E-4
1.828000E-7	-5.070837E-4
1.829000E-7	-7.469198E-4
1.830000E-7	-9.319362E-4
1.831000E-7	-9.285100E-4
1.832000E-7	-8.120181E-4
1.833000E-7	-5.619033E-4
1.834000E-7	-3.905918E-4
1.835000E-7	-3.734607E-4
1.836000E-7	-5.207886E-4
1.837000E-7	-6.064443E-4
1.838000E-7	-6.441329E-4
1.839000E-7	-5.002312E-4
1.840000E-7	-1.747394E-4
1.841000E-7	1.747361E-4
1.842000E-7	3.563263E-4
1.843000E-7	2.364083E-4
1.844000E-7	4.796560E-5
1.845000E-7	-3.734607E-4
1.846000E-7	-6.475591E-4
1.847000E-7	-8.873952E-4
1.848000E-7	-8.394280E-4
1.849000E-7	-7.503460E-4
1.850000E-7	-5.002312E-4
1.851000E-7	-3.460509E-4
1.852000E-7	-2.843787E-4
1.853000E-7	-4.522640E-4
1.854000E-7	-6.132968E-4
1.855000E-7	-6.989525E-4
1.856000E-7	-7.195099E-4
1.857000E-7	-5.379197E-4
1.858000E-7	-3.186410E-4
1.859000E-7	-1.096410E-4
1.860000E-7	-4.454261E-5
1.861000E-7	-1.199197E-4
1.862000E-7	-3.871656E-4
1.863000E-7	-5.687558E-4
1.864000E-7	-8.839690E-4
1.865000E-7	-1.116953E-3
1.866000E-7	-1.291690E-3
1.867000E-7	-1.373920E-3
1.868000E-7	-1.298543E-3
1.869000E-7	-1.086117E-3
1.870000E-7	-7.092312E-4
1.871000E-7	-2.741000E-4
1.872000E-7	9.250659E-5
1.873000E-7	2.535394E-4
1.874000E-7	2.501132E-4
1.875000E-7	1.473263E-4
1.876000E-7	-2.124279E-4
1.877000E-7	-6.509853E-4
1.878000E-7	-1.045002E-3
1.879000E-7	-1.490412E-3
1.880000E-7	-1.627461E-3
1.881000E-7	-1.466428E-3
1.882000E-7	-1.099821E-3
1.883000E-7	-6.304279E-4
1.884000E-7	-3.563295E-4
1.885000E-7	-3.631820E-4
1.886000E-7	-6.270017E-4
1.887000E-7	-9.079526E-4
1.888000E-7	-1.003887E-3
1.889000E-7	-8.462804E-4
1.890000E-7	-4.933787E-4
1.891000E-7	-1.610344E-4
1.892000E-7	-6.852622E-5
1.893000E-7	-1.815918E-4
1.894000E-7	-5.002312E-4
1.895000E-7	-8.291493E-4
1.896000E-7	-1.034723E-3
1.897000E-7	-1.158067E-3
1.898000E-7	-1.243723E-3
1.899000E-7	-1.254002E-3
1.900000E-7	-1.274559E-3
1.901000E-7	-1.188903E-3
1.902000E-7	-9.901821E-4
1.903000E-7	-8.085919E-4
1.904000E-7	-5.653296E-4
1.905000E-7	-4.625427E-4
1.906000E-7	-4.180017E-4
1.907000E-7	-4.317066E-4
1.908000E-7	-4.693951E-4
1.909000E-7	-4.008705E-4
1.910000E-7	-3.871656E-4
1.911000E-7	-2.878049E-4
1.912000E-7	-2.878049E-4
1.913000E-7	-3.015099E-4
1.914000E-7	-3.220672E-4
1.915000E-7	-2.878049E-4
1.916000E-7	-2.741000E-4
1.917000E-7	-2.569689E-4
1.918000E-7	-2.295590E-4
1.919000E-7	-2.809525E-4
1.920000E-7	-3.631820E-4
1.921000E-7	-5.002312E-4
1.922000E-7	-5.961656E-4
1.923000E-7	-5.447722E-4
1.924000E-7	-4.214279E-4
1.925000E-7	-3.220672E-4
1.926000E-7	-2.227066E-4
1.927000E-7	-3.837394E-4
1.928000E-7	-6.064443E-4
1.929000E-7	-7.400673E-4
1.930000E-7	-7.983132E-4
1.931000E-7	-6.544116E-4
1.932000E-7	-4.145755E-4
1.933000E-7	-1.987230E-4
1.934000E-7	-1.404771E-4
1.935000E-7	-2.055754E-4
1.936000E-7	-4.625427E-4
1.937000E-7	-8.531329E-4
1.938000E-7	-1.188903E-3
1.939000E-7	-1.504117E-3
1.940000E-7	-1.555510E-3
1.941000E-7	-1.459576E-3
1.942000E-7	-1.110100E-3
1.943000E-7	-5.481984E-4
1.944000E-7	-6.854081E-6
1.945000E-7	3.597525E-4
1.946000E-7	5.687526E-4
1.947000E-7	5.310640E-4
1.948000E-7	3.220640E-4
1.949000E-7	-6.167376E-5
1.950000E-7	-3.768869E-4
1.951000E-7	-5.790345E-4
1.952000E-7	-7.263624E-4
1.953000E-7	-8.805427E-4
1.954000E-7	-8.839690E-4
1.955000E-7	-8.634116E-4
1.956000E-7	-7.126575E-4
1.957000E-7	-5.584771E-4
1.958000E-7	-3.152148E-4
1.959000E-7	-1.370508E-4
1.960000E-7	2.740822E-5
1.961000E-7	5.139183E-5
1.962000E-7	3.424610E-6
1.963000E-7	-3.083769E-5
1.964000E-7	-2.398523E-5
1.965000E-7	3.424610E-6
1.966000E-7	2.398199E-5
1.967000E-7	-1.620492E-9
1.968000E-7	-7.195245E-5
1.969000E-7	-3.186410E-4
1.970000E-7	-5.413460E-4
1.971000E-7	-6.852476E-4
1.972000E-7	-7.058050E-4
1.973000E-7	-6.098706E-4
1.974000E-7	-4.693951E-4
1.975000E-7	-2.946574E-4
1.976000E-7	-2.364115E-4
1.977000E-7	-2.878049E-4
1.978000E-7	-5.790345E-4
1.979000E-7	-8.873952E-4
1.980000E-7	-1.027871E-3
1.981000E-7	-9.867559E-4
1.982000E-7	-7.126575E-4
1.983000E-7	-4.385591E-4
1.984000E-7	-2.295590E-4
1.985000E-7	-1.747394E-4
1.986000E-7	-3.494771E-4
1.987000E-7	-5.824607E-4
1.988000E-7	-8.668378E-4
1.989000E-7	-9.833296E-4
1.990000E-7	-1.086117E-3
1.991000E-7	-1.110100E-3
1.992000E-7	-1.137510E-3
1.993000E-7	-1.144362E-3
1.994000E-7	-1.055280E-3
1.995000E-7	-8.839690E-4
1.996000E-7	-5.447722E-4
1.997000E-7	-3.563295E-4
1.998000E-7	-2.432640E-4
1.999000E-7	-3.563295E-4
2.000000E-7	-4.865263E-4
2.001000E-7	-5.790345E-4
