Study Name	Beam_cont_045-04_RT_lecroy
Sample Name	2025-03-19
Run Name	spot00
Operator	Elena
Date	3/19/2025
Time	13:51
Sign	FIX
Grating Spacing	03.40um
Channel	3
Number Traces	2000
Files in Batch	6
Batch Number	70
dt	100.000001E-12
time stamp (ms)	2:04:31 PM
	
Time	Amplitude
0.000000E+0	2.295626E-4
1.000000E-10	4.454622E-5
2.000000E-10	-2.843719E-4
3.000000E-10	-4.830932E-4
4.000000E-10	-4.796670E-4
5.000000E-10	-2.226997E-4
6.000000E-10	1.850217E-4
7.000000E-10	6.989562E-4
8.000000E-10	9.627759E-4
9.000000E-10	1.045005E-3
1.000000E-9	1.048432E-3
1.100000E-9	9.079562E-4
1.200000E-9	6.167266E-4
1.300000E-9	2.501200E-4
1.400000E-9	-9.250298E-5
1.500000E-9	-3.117817E-4
1.600000E-9	-4.762407E-4
1.700000E-9	-4.899457E-4
1.800000E-9	-4.419784E-4
1.900000E-9	-4.214211E-4
2.000000E-9	-4.556834E-4
2.100000E-9	-5.893063E-4
2.200000E-9	-6.304211E-4
2.300000E-9	-6.852408E-4
2.400000E-9	-6.132899E-4
2.500000E-9	-5.790276E-4
2.600000E-9	-4.659620E-4
2.700000E-9	-3.803063E-4
2.800000E-9	-4.179948E-4
2.900000E-9	-3.974374E-4
3.000000E-9	-2.843719E-4
3.100000E-9	-1.644538E-4
3.200000E-9	-3.425707E-5
3.300000E-9	7.195606E-5
3.400000E-9	2.946610E-4
3.500000E-9	3.666118E-4
3.600000E-9	3.289233E-4
3.700000E-9	1.815954E-4
3.800000E-9	-8.907675E-5
3.900000E-9	-3.152079E-4
4.000000E-9	-4.933719E-4
4.100000E-9	-5.824539E-4
4.200000E-9	-6.201424E-4
4.300000E-9	-6.167162E-4
4.400000E-9	-4.008637E-4
4.500000E-9	-1.301915E-4
4.600000E-9	2.055790E-4
4.700000E-9	6.886775E-4
4.800000E-9	1.144366E-3
4.900000E-9	1.473284E-3
5.000000E-9	1.610333E-3
5.100000E-9	1.411612E-3
5.200000E-9	1.144366E-3
5.300000E-9	6.783988E-4
5.400000E-9	2.912348E-4
5.500000E-9	-3.420997E-6
5.600000E-9	-1.062079E-4
5.700000E-9	-2.192735E-4
5.800000E-9	-1.713063E-4
5.900000E-9	-5.824068E-5
6.000000E-9	1.062184E-4
6.100000E-9	2.364151E-4
6.200000E-9	2.261364E-4
6.300000E-9	1.130708E-4
6.400000E-9	-1.233390E-4
6.500000E-9	-3.974374E-4
6.600000E-9	-5.516178E-4
6.700000E-9	-6.064375E-4
6.800000E-9	-3.631751E-4
6.900000E-9	7.538229E-5
7.000000E-9	5.790381E-4
7.100000E-9	8.839726E-4
7.200000E-9	9.593496E-4
7.300000E-9	8.291529E-4
7.400000E-9	5.344971E-4
7.500000E-9	3.803168E-4
7.600000E-9	3.220709E-4
7.700000E-9	3.631856E-4
7.800000E-9	5.105135E-4
7.900000E-9	5.070873E-4
8.000000E-9	4.351364E-4
8.100000E-9	3.529069E-4
8.200000E-9	4.762512E-4
8.300000E-9	6.578414E-4
8.400000E-9	8.771201E-4
8.500000E-9	9.901857E-4
8.600000E-9	8.771201E-4
8.700000E-9	3.700381E-4
8.800000E-9	-6.509314E-5
8.900000E-9	-5.207817E-4
9.000000E-9	-7.434867E-4
9.100000E-9	-7.708965E-4
9.200000E-9	-3.871588E-4
9.300000E-9	-1.164866E-4
9.400000E-9	5.482491E-5
9.500000E-9	2.809561E-4
9.600000E-9	5.242184E-4
9.700000E-9	6.509889E-4
9.800000E-9	7.606283E-4
9.900000E-9	7.846119E-4
1.000000E-8	6.646939E-4
1.010000E-8	3.426282E-4
1.020000E-8	-1.507489E-4
1.030000E-8	-4.796670E-4
1.040000E-8	-6.955195E-4
1.050000E-8	-5.721752E-4
1.060000E-8	-3.289128E-4
1.070000E-8	5.233460E-9
1.080000E-8	2.261364E-4
1.090000E-8	3.015135E-4
1.100000E-8	1.439069E-4
1.110000E-8	-7.537183E-5
1.120000E-8	-1.370440E-4
1.130000E-8	-1.027346E-5
1.140000E-8	4.043004E-4
1.150000E-8	8.154480E-4
1.160000E-8	1.003891E-3
1.170000E-8	9.456447E-4
1.180000E-8	4.625463E-4
1.190000E-8	-1.267653E-4
1.200000E-8	-6.132899E-4
1.210000E-8	-9.113720E-4
1.220000E-8	-9.422080E-4
1.230000E-8	-7.366342E-4
1.240000E-8	-6.098637E-4
1.250000E-8	-5.893063E-4
1.260000E-8	-5.653227E-4
1.270000E-8	-6.167162E-4
1.280000E-8	-4.967981E-4
1.290000E-8	-1.336177E-4
1.300000E-8	3.494807E-4
1.310000E-8	6.030217E-4
1.320000E-8	7.263660E-4
1.330000E-8	4.111528E-4
1.340000E-8	-1.438964E-4
1.350000E-8	-6.886670E-4
1.360000E-8	-1.048421E-3
1.370000E-8	-1.116946E-3
1.380000E-8	-8.942408E-4
1.390000E-8	-8.359949E-4
1.400000E-8	-5.824539E-4
1.410000E-8	-4.591096E-4
1.420000E-8	-3.768801E-4
1.430000E-8	-1.815850E-4
1.440000E-8	1.713167E-4
1.450000E-8	5.036610E-4
1.460000E-8	6.612676E-4
1.470000E-8	4.762512E-4
1.480000E-8	-1.027346E-5
1.490000E-8	-6.475522E-4
1.500000E-8	-1.154634E-3
1.510000E-8	-1.411602E-3
1.520000E-8	-1.192323E-3
1.530000E-8	-6.715359E-4
1.540000E-8	4.111999E-5
1.550000E-8	5.276447E-4
1.560000E-8	7.948906E-4
1.570000E-8	7.229398E-4
1.580000E-8	3.803168E-4
1.590000E-8	9.936590E-5
1.600000E-8	-1.027346E-5
1.610000E-8	-3.083084E-5
1.620000E-8	4.454622E-5
1.630000E-8	-1.712592E-5
1.640000E-8	-8.222429E-5
1.650000E-8	-3.426178E-4
1.660000E-8	-5.344867E-4
1.670000E-8	-5.618965E-4
1.680000E-8	-4.728145E-4
1.690000E-8	-3.254866E-4
1.700000E-8	-1.987161E-4
1.710000E-8	-1.267653E-4
1.720000E-8	-3.186342E-4
1.730000E-8	-4.830932E-4
1.740000E-8	-6.304211E-4
1.750000E-8	-6.064375E-4
1.760000E-8	-4.933719E-4
1.770000E-8	-3.220604E-4
1.780000E-8	-1.438964E-4
1.790000E-8	-6.166691E-5
1.800000E-8	-6.509314E-5
1.810000E-8	-1.576013E-4
1.820000E-8	-2.158473E-4
1.830000E-8	-3.289128E-4
1.840000E-8	-3.768801E-4
1.850000E-8	-5.653227E-4
1.860000E-8	-7.400605E-4
1.870000E-8	-7.777490E-4
1.880000E-8	-6.612572E-4
1.890000E-8	-2.158473E-4
1.900000E-8	2.227102E-4
1.910000E-8	5.687594E-4
1.920000E-8	7.195135E-4
1.930000E-8	6.133004E-4
1.940000E-8	4.282840E-4
1.950000E-8	3.631856E-4
1.960000E-8	4.831037E-4
1.970000E-8	7.914644E-4
1.980000E-8	9.113824E-4
1.990000E-8	9.936119E-4
2.000000E-8	8.531365E-4
2.010000E-8	6.749725E-4
2.020000E-8	6.201529E-4
2.030000E-8	5.310709E-4
2.040000E-8	5.482020E-4
2.050000E-8	5.379233E-4
2.060000E-8	4.385627E-4
2.070000E-8	1.473331E-4
2.080000E-8	-2.364046E-4
2.090000E-8	-4.830932E-4
2.100000E-8	-5.379129E-4
2.110000E-8	-4.214211E-4
2.120000E-8	-1.336177E-4
2.130000E-8	1.404807E-4
2.140000E-8	4.111528E-4
2.150000E-8	5.379233E-4
2.160000E-8	4.625463E-4
2.170000E-8	3.117922E-4
2.180000E-8	1.815954E-4
2.190000E-8	2.466938E-4
2.200000E-8	4.282840E-4
2.210000E-8	1.072415E-3
2.220000E-8	2.340120E-3
2.230000E-8	4.621990E-3
2.240000E-8	8.130449E-3
2.250000E-8	1.301283E-2
2.260000E-8	1.889224E-2
2.270000E-8	2.522734E-2
2.280000E-8	3.143224E-2
2.290000E-8	3.722599E-2
2.300000E-8	4.224885E-2
2.310000E-8	4.646311E-2
2.320000E-8	4.965636E-2
2.330000E-8	5.211296E-2
2.340000E-8	5.357596E-2
2.350000E-8	5.428177E-2
2.360000E-8	5.401795E-2
2.370000E-8	5.299693E-2
2.380000E-8	5.120159E-2
2.390000E-8	4.866275E-2
2.400000E-8	4.575731E-2
2.410000E-8	4.272852E-2
2.420000E-8	3.996698E-2
2.430000E-8	3.772965E-2
2.440000E-8	3.636944E-2
2.450000E-8	3.579383E-2
2.460000E-8	3.603709E-2
2.470000E-8	3.687995E-2
2.480000E-8	3.813052E-2
2.490000E-8	3.956954E-2
2.500000E-8	4.091947E-2
2.510000E-8	4.194734E-2
2.520000E-8	4.255036E-2
2.530000E-8	4.261203E-2
2.540000E-8	4.214606E-2
2.550000E-8	4.126895E-2
2.560000E-8	3.991216E-2
2.570000E-8	3.806542E-2
2.580000E-8	3.595829E-2
2.590000E-8	3.375865E-2
2.600000E-8	3.174403E-2
2.610000E-8	3.029130E-2
2.620000E-8	2.968829E-2
2.630000E-8	2.973968E-2
2.640000E-8	3.049688E-2
2.650000E-8	3.176116E-2
2.660000E-8	3.316934E-2
2.670000E-8	3.469401E-2
2.680000E-8	3.620840E-2
2.690000E-8	3.755834E-2
2.700000E-8	3.852111E-2
2.710000E-8	3.903504E-2
2.720000E-8	3.871298E-2
2.730000E-8	3.774336E-2
2.740000E-8	3.602681E-2
2.750000E-8	3.379976E-2
2.760000E-8	3.141511E-2
2.770000E-8	2.928057E-2
2.780000E-8	2.761542E-2
2.790000E-8	2.680683E-2
2.800000E-8	2.660468E-2
2.810000E-8	2.715288E-2
2.820000E-8	2.826298E-2
2.830000E-8	2.976024E-2
2.840000E-8	3.149391E-2
2.850000E-8	3.312822E-2
2.860000E-8	3.444390E-2
2.870000E-8	3.515998E-2
2.880000E-8	3.505719E-2
2.890000E-8	3.415267E-2
2.900000E-8	3.250808E-2
2.910000E-8	3.059281E-2
2.920000E-8	2.863301E-2
2.930000E-8	2.682739E-2
2.940000E-8	2.515196E-2
2.950000E-8	2.386027E-2
2.960000E-8	2.314076E-2
2.970000E-8	2.328124E-2
2.980000E-8	2.416863E-2
2.990000E-8	2.596398E-2
3.000000E-8	2.819788E-2
3.010000E-8	3.034270E-2
3.020000E-8	3.197358E-2
3.030000E-8	3.303229E-2
3.040000E-8	3.343316E-2
3.050000E-8	3.330639E-2
3.060000E-8	3.275819E-2
3.070000E-8	3.186737E-2
3.080000E-8	3.057911E-2
3.090000E-8	2.874265E-2
3.100000E-8	2.675201E-2
3.110000E-8	2.474766E-2
3.120000E-8	2.306539E-2
3.130000E-8	2.208206E-2
3.140000E-8	2.182509E-2
3.150000E-8	2.240070E-2
3.160000E-8	2.368553E-2
3.170000E-8	2.540550E-2
3.180000E-8	2.725909E-2
3.190000E-8	2.890026E-2
3.200000E-8	2.995211E-2
3.210000E-8	3.041465E-2
3.220000E-8	3.029130E-2
3.230000E-8	2.965403E-2
3.240000E-8	2.879404E-2
3.250000E-8	2.785868E-2
3.260000E-8	2.692675E-2
3.270000E-8	2.567960E-2
3.280000E-8	2.425771E-2
3.290000E-8	2.269878E-2
3.300000E-8	2.141052E-2
3.310000E-8	2.045802E-2
3.320000E-8	2.017365E-2
3.330000E-8	2.062591E-2
3.340000E-8	2.169832E-2
3.350000E-8	2.325725E-2
3.360000E-8	2.501834E-2
3.370000E-8	2.665265E-2
3.380000E-8	2.801971E-2
3.390000E-8	2.894822E-2
3.400000E-8	2.929085E-2
3.410000E-8	2.870153E-2
3.420000E-8	2.731734E-2
3.430000E-8	2.527188E-2
3.440000E-8	2.290778E-2
3.450000E-8	2.076296E-2
3.460000E-8	1.911494E-2
3.470000E-8	1.822412E-2
3.480000E-8	1.802540E-2
3.490000E-8	1.855989E-2
3.500000E-8	1.962202E-2
3.510000E-8	2.117411E-2
3.520000E-8	2.301399E-2
3.530000E-8	2.484017E-2
3.540000E-8	2.657727E-2
3.550000E-8	2.766339E-2
3.560000E-8	2.810537E-2
3.570000E-8	2.773534E-2
3.580000E-8	2.685480E-2
3.590000E-8	2.536096E-2
3.600000E-8	2.352107E-2
3.610000E-8	2.149617E-2
3.620000E-8	1.959804E-2
3.630000E-8	1.810763E-2
3.640000E-8	1.715171E-2
3.650000E-8	1.687761E-2
3.660000E-8	1.705578E-2
3.670000E-8	1.775130E-2
3.680000E-8	1.876889E-2
3.690000E-8	2.016680E-2
3.700000E-8	2.169832E-2
3.710000E-8	2.332578E-2
3.720000E-8	2.452496E-2
3.730000E-8	2.529586E-2
3.740000E-8	2.535068E-2
3.750000E-8	2.483332E-2
3.760000E-8	2.375748E-2
3.770000E-8	2.220540E-2
3.780000E-8	2.064989E-2
3.790000E-8	1.907383E-2
3.800000E-8	1.780612E-2
3.810000E-8	1.701809E-2
3.820000E-8	1.663778E-2
3.830000E-8	1.672001E-2
3.840000E-8	1.732645E-2
3.850000E-8	1.820357E-2
3.860000E-8	1.933422E-2
3.870000E-8	2.056081E-2
3.880000E-8	2.172230E-2
3.890000E-8	2.274332E-2
3.900000E-8	2.347653E-2
3.910000E-8	2.369581E-2
3.920000E-8	2.328466E-2
3.930000E-8	2.231504E-2
3.940000E-8	2.099252E-2
3.950000E-8	1.933422E-2
3.960000E-8	1.760398E-2
3.970000E-8	1.602448E-2
3.980000E-8	1.494522E-2
3.990000E-8	1.434563E-2
4.000000E-8	1.459575E-2
4.010000E-8	1.558250E-2
4.020000E-8	1.711402E-2
4.030000E-8	1.909439E-2
4.040000E-8	2.102335E-2
4.050000E-8	2.271934E-2
4.060000E-8	2.406584E-2
4.070000E-8	2.472711E-2
4.080000E-8	2.482989E-2
4.090000E-8	2.424058E-2
4.100000E-8	2.293176E-2
4.110000E-8	2.102678E-2
4.120000E-8	1.889224E-2
4.130000E-8	1.673371E-2
4.140000E-8	1.491781E-2
4.150000E-8	1.371863E-2
4.160000E-8	1.327322E-2
4.170000E-8	1.361927E-2
4.180000E-8	1.451352E-2
4.190000E-8	1.569214E-2
4.200000E-8	1.723394E-2
4.210000E-8	1.871407E-2
4.220000E-8	2.023532E-2
4.230000E-8	2.153386E-2
4.240000E-8	2.233902E-2
4.250000E-8	2.243153E-2
4.260000E-8	2.180111E-2
4.270000E-8	2.034496E-2
4.280000E-8	1.843998E-2
4.290000E-8	1.657268E-2
4.300000E-8	1.504116E-2
4.310000E-8	1.415034E-2
4.320000E-8	1.398245E-2
4.330000E-8	1.408866E-2
4.340000E-8	1.422571E-2
4.350000E-8	1.441758E-2
4.360000E-8	1.490753E-2
4.370000E-8	1.565788E-2
4.380000E-8	1.683993E-2
4.390000E-8	1.833719E-2
4.400000E-8	1.975565E-2
4.410000E-8	2.088973E-2
4.420000E-8	2.142080E-2
4.430000E-8	2.117068E-2
4.440000E-8	2.011540E-2
4.450000E-8	1.865240E-2
4.460000E-8	1.702494E-2
4.470000E-8	1.540091E-2
4.480000E-8	1.407153E-2
4.490000E-8	1.326294E-2
4.500000E-8	1.295458E-2
4.510000E-8	1.309163E-2
4.520000E-8	1.356445E-2
4.530000E-8	1.428053E-2
4.540000E-8	1.549684E-2
4.550000E-8	1.695299E-2
4.560000E-8	1.849822E-2
4.570000E-8	1.985158E-2
4.580000E-8	2.076981E-2
4.590000E-8	2.105761E-2
4.600000E-8	2.057452E-2
4.610000E-8	1.946099E-2
4.620000E-8	1.792947E-2
4.630000E-8	1.611357E-2
4.640000E-8	1.437647E-2
4.650000E-8	1.296143E-2
4.660000E-8	1.198153E-2
4.670000E-8	1.148815E-2
4.680000E-8	1.159094E-2
4.690000E-8	1.217340E-2
4.700000E-8	1.311904E-2
4.710000E-8	1.429081E-2
4.720000E-8	1.579835E-2
4.730000E-8	1.726135E-2
4.740000E-8	1.877575E-2
4.750000E-8	1.998863E-2
4.760000E-8	2.069443E-2
4.770000E-8	2.071499E-2
4.780000E-8	1.986871E-2
4.790000E-8	1.832348E-2
4.800000E-8	1.638081E-2
4.810000E-8	1.420515E-2
4.820000E-8	1.223850E-2
4.830000E-8	1.075837E-2
4.840000E-8	9.918941E-3
4.850000E-8	9.744203E-3
4.860000E-8	1.029240E-2
4.870000E-8	1.141278E-2
4.880000E-8	1.294088E-2
4.890000E-8	1.468825E-2
4.900000E-8	1.642193E-2
4.910000E-8	1.769306E-2
4.920000E-8	1.850507E-2
4.930000E-8	1.874834E-2
4.940000E-8	1.863527E-2
4.950000E-8	1.811106E-2
4.960000E-8	1.734016E-2
4.970000E-8	1.620950E-2
4.980000E-8	1.498291E-2
4.990000E-8	1.343425E-2
5.000000E-8	1.197811E-2
5.010000E-8	1.083032E-2
5.020000E-8	1.007312E-2
5.030000E-8	9.918941E-3
5.040000E-8	1.052881E-2
5.050000E-8	1.169373E-2
5.060000E-8	1.314302E-2
5.070000E-8	1.464029E-2
5.080000E-8	1.589771E-2
5.090000E-8	1.672686E-2
5.100000E-8	1.706263E-2
5.110000E-8	1.702494E-2
5.120000E-8	1.652129E-2
5.130000E-8	1.577437E-2
5.140000E-8	1.476020E-2
5.150000E-8	1.366381E-2
5.160000E-8	1.246806E-2
5.170000E-8	1.145732E-2
5.180000E-8	1.050825E-2
5.190000E-8	1.004571E-2
5.200000E-8	1.009711E-2
5.210000E-8	1.089199E-2
5.220000E-8	1.220424E-2
5.230000E-8	1.392078E-2
5.240000E-8	1.558935E-2
5.250000E-8	1.694614E-2
5.260000E-8	1.780270E-2
5.270000E-8	1.806994E-2
5.280000E-8	1.774788E-2
5.290000E-8	1.707976E-2
5.300000E-8	1.600393E-2
5.310000E-8	1.462315E-2
5.320000E-8	1.303338E-2
5.330000E-8	1.125517E-2
5.340000E-8	9.805876E-3
5.350000E-8	8.795138E-3
5.360000E-8	8.497056E-3
5.370000E-8	8.969875E-3
5.380000E-8	1.026499E-2
5.390000E-8	1.176568E-2
5.400000E-8	1.347537E-2
5.410000E-8	1.493152E-2
5.420000E-8	1.589771E-2
5.430000E-8	1.646989E-2
5.440000E-8	1.646647E-2
5.450000E-8	1.615468E-2
5.460000E-8	1.542832E-2
5.470000E-8	1.441073E-2
5.480000E-8	1.313274E-2
5.490000E-8	1.176911E-2
5.500000E-8	1.044315E-2
5.510000E-8	9.459826E-3
5.520000E-8	9.096646E-3
5.530000E-8	9.250826E-3
5.540000E-8	9.668826E-3
5.550000E-8	1.020332E-2
5.560000E-8	1.062817E-2
5.570000E-8	1.113183E-2
5.580000E-8	1.186504E-2
5.590000E-8	1.280725E-2
5.600000E-8	1.398930E-2
5.610000E-8	1.510968E-2
5.620000E-8	1.576066E-2
5.630000E-8	1.553111E-2
5.640000E-8	1.458547E-2
5.650000E-8	1.316015E-2
5.660000E-8	1.165261E-2
5.670000E-8	1.039519E-2
5.680000E-8	9.528351E-3
5.690000E-8	8.997285E-3
5.700000E-8	8.815695E-3
5.710000E-8	9.052105E-3
5.720000E-8	9.483810E-3
5.730000E-8	1.019304E-2
5.740000E-8	1.109414E-2
5.750000E-8	1.206376E-2
5.760000E-8	1.306422E-2
5.770000E-8	1.390707E-2
5.780000E-8	1.467112E-2
5.790000E-8	1.511996E-2
5.800000E-8	1.519534E-2
5.810000E-8	1.470538E-2
5.820000E-8	1.376317E-2
5.830000E-8	1.233786E-2
5.840000E-8	1.070697E-2
5.850000E-8	9.141187E-3
5.860000E-8	7.904318E-3
5.870000E-8	7.315006E-3
5.880000E-8	7.517154E-3
5.890000E-8	8.192121E-3
5.900000E-8	9.343335E-3
5.910000E-8	1.051511E-2
5.920000E-8	1.157381E-2
5.930000E-8	1.242694E-2
5.940000E-8	1.305052E-2
5.950000E-8	1.345481E-2
5.960000E-8	1.355760E-2
5.970000E-8	1.317729E-2
5.980000E-8	1.238925E-2
5.990000E-8	1.133055E-2
6.000000E-8	1.021702E-2
6.010000E-8	9.192580E-3
6.020000E-8	8.524466E-3
6.030000E-8	8.216105E-3
6.040000E-8	8.246941E-3
6.050000E-8	8.284629E-3
6.060000E-8	8.592990E-3
6.070000E-8	9.130908E-3
6.080000E-8	9.905236E-3
6.090000E-8	1.098792E-2
6.100000E-8	1.218025E-2
6.110000E-8	1.323896E-2
6.120000E-8	1.374604E-2
6.130000E-8	1.372206E-2
6.140000E-8	1.325266E-2
6.150000E-8	1.248861E-2
6.160000E-8	1.167660E-2
6.170000E-8	1.064873E-2
6.180000E-8	9.812728E-3
6.190000E-8	8.942466E-3
6.200000E-8	8.151006E-3
6.210000E-8	7.561695E-3
6.220000E-8	7.311580E-3
6.230000E-8	7.407515E-3
6.240000E-8	7.887187E-3
6.250000E-8	8.678646E-3
6.260000E-8	9.737351E-3
6.270000E-8	1.085773E-2
6.280000E-8	1.212886E-2
6.290000E-8	1.307450E-2
6.300000E-8	1.359186E-2
6.310000E-8	1.350278E-2
6.320000E-8	1.289291E-2
6.330000E-8	1.196097E-2
6.340000E-8	1.082004E-2
6.350000E-8	9.846990E-3
6.360000E-8	8.993859E-3
6.370000E-8	8.288056E-3
6.380000E-8	7.647351E-3
6.390000E-8	7.160826E-3
6.400000E-8	6.938121E-3
6.410000E-8	7.020351E-3
6.420000E-8	7.544564E-3
6.430000E-8	8.466220E-3
6.440000E-8	9.644843E-3
6.450000E-8	1.082347E-2
6.460000E-8	1.180337E-2
6.470000E-8	1.233101E-2
6.480000E-8	1.240981E-2
6.490000E-8	1.201237E-2
6.500000E-8	1.117979E-2
6.510000E-8	9.994318E-3
6.520000E-8	8.538170E-3
6.530000E-8	7.136842E-3
6.540000E-8	6.016465E-3
6.550000E-8	5.396318E-3
6.560000E-8	5.355203E-3
6.570000E-8	5.848580E-3
6.580000E-8	6.616055E-3
6.590000E-8	7.486318E-3
6.600000E-8	8.466220E-3
6.610000E-8	9.319351E-3
6.620000E-8	1.014850E-2
6.630000E-8	1.073096E-2
6.640000E-8	1.116609E-2
6.650000E-8	1.121406E-2
6.660000E-8	1.083717E-2
6.670000E-8	1.000460E-2
6.680000E-8	9.010990E-3
6.690000E-8	7.976269E-3
6.700000E-8	7.102580E-3
6.710000E-8	6.485859E-3
6.720000E-8	6.280285E-3
6.730000E-8	6.252875E-3
6.740000E-8	6.287137E-3
6.750000E-8	6.694859E-3
6.760000E-8	7.373252E-3
6.770000E-8	8.363433E-3
6.780000E-8	9.535203E-3
6.790000E-8	1.057335E-2
6.800000E-8	1.134768E-2
6.810000E-8	1.163891E-2
6.820000E-8	1.148473E-2
6.830000E-8	1.103932E-2
6.840000E-8	1.039176E-2
6.850000E-8	9.685958E-3
6.860000E-8	8.963023E-3
6.870000E-8	8.147580E-3
6.880000E-8	7.308154E-3
6.890000E-8	6.622908E-3
6.900000E-8	6.156941E-3
6.910000E-8	6.023318E-3
6.920000E-8	6.235744E-3
6.930000E-8	6.855892E-3
6.940000E-8	7.719301E-3
6.950000E-8	8.589564E-3
6.960000E-8	9.500941E-3
6.970000E-8	1.023415E-2
6.980000E-8	1.068642E-2
6.990000E-8	1.090570E-2
7.000000E-8	1.068984E-2
7.010000E-8	1.010738E-2
7.020000E-8	9.281662E-3
7.030000E-8	8.246941E-3
7.040000E-8	7.301301E-3
7.050000E-8	6.362514E-3
7.060000E-8	5.612170E-3
7.070000E-8	5.070826E-3
7.080000E-8	4.868678E-3
7.090000E-8	5.187317E-3
7.100000E-8	5.954793E-3
7.110000E-8	7.181383E-3
7.120000E-8	8.497056E-3
7.130000E-8	9.764761E-3
7.140000E-8	1.053224E-2
7.150000E-8	1.068642E-2
7.160000E-8	1.022045E-2
7.170000E-8	9.422138E-3
7.180000E-8	8.383990E-3
7.190000E-8	7.397236E-3
7.200000E-8	6.643465E-3
7.210000E-8	6.112400E-3
7.220000E-8	5.680695E-3
7.230000E-8	5.430580E-3
7.240000E-8	5.290104E-3
7.250000E-8	5.269547E-3
7.260000E-8	5.457990E-3
7.270000E-8	5.786908E-3
7.280000E-8	6.300842E-3
7.290000E-8	6.756531E-3
7.300000E-8	7.369826E-3
7.310000E-8	7.870056E-3
7.320000E-8	8.270925E-3
7.330000E-8	8.421679E-3
7.340000E-8	8.383990E-3
7.350000E-8	8.188695E-3
7.360000E-8	7.887187E-3
7.370000E-8	7.671334E-3
7.380000E-8	7.517154E-3
7.390000E-8	7.106006E-3
7.400000E-8	6.705137E-3
7.410000E-8	6.300842E-3
7.420000E-8	6.033596E-3
7.430000E-8	5.937662E-3
7.440000E-8	6.239170E-3
7.450000E-8	6.818203E-3
7.460000E-8	7.503449E-3
7.470000E-8	8.277777E-3
7.480000E-8	9.000712E-3
7.490000E-8	9.579744E-3
7.500000E-8	9.850417E-3
7.510000E-8	1.001488E-2
7.520000E-8	9.775039E-3
7.530000E-8	9.065810E-3
7.540000E-8	8.109892E-3
7.550000E-8	7.099154E-3
7.560000E-8	6.153514E-3
7.570000E-8	5.451137E-3
7.580000E-8	5.074252E-3
7.590000E-8	4.985170E-3
7.600000E-8	5.286678E-3
7.610000E-8	5.941088E-3
7.620000E-8	6.636613E-3
7.630000E-8	7.260187E-3
7.640000E-8	7.750138E-3
7.650000E-8	8.031088E-3
7.660000E-8	8.178416E-3
7.670000E-8	8.212679E-3
7.680000E-8	8.198974E-3
7.690000E-8	7.993400E-3
7.700000E-8	7.661056E-3
7.710000E-8	7.078596E-3
7.720000E-8	6.475580E-3
7.730000E-8	5.927383E-3
7.740000E-8	5.574481E-3
7.750000E-8	5.430580E-3
7.760000E-8	5.488826E-3
7.770000E-8	5.769777E-3
7.780000E-8	6.283711E-3
7.790000E-8	6.886728E-3
7.800000E-8	7.678187E-3
7.810000E-8	8.401121E-3
7.820000E-8	8.877367E-3
7.830000E-8	8.897925E-3
7.840000E-8	8.651236E-3
7.850000E-8	8.312039E-3
7.860000E-8	7.983121E-3
7.870000E-8	7.582252E-3
7.880000E-8	7.126564E-3
7.890000E-8	6.629760E-3
7.900000E-8	6.119252E-3
7.910000E-8	5.704678E-3
7.920000E-8	5.619022E-3
7.930000E-8	5.780055E-3
7.940000E-8	6.064432E-3
7.950000E-8	6.496137E-3
7.960000E-8	6.917564E-3
7.970000E-8	7.119711E-3
7.980000E-8	7.349269E-3
7.990000E-8	7.619941E-3
8.000000E-8	7.818662E-3
8.010000E-8	7.942006E-3
8.020000E-8	7.996826E-3
8.030000E-8	7.846072E-3
8.040000E-8	7.506875E-3
8.050000E-8	7.129990E-3
8.060000E-8	6.831908E-3
8.070000E-8	6.533826E-3
8.080000E-8	6.317973E-3
8.090000E-8	5.927383E-3
8.100000E-8	5.601891E-3
8.110000E-8	5.139350E-3
8.120000E-8	4.793301E-3
8.130000E-8	4.707645E-3
8.140000E-8	4.961186E-3
8.150000E-8	5.629301E-3
8.160000E-8	6.533826E-3
8.170000E-8	7.356121E-3
8.180000E-8	7.918023E-3
8.190000E-8	8.140728E-3
8.200000E-8	8.133875E-3
8.210000E-8	7.914597E-3
8.220000E-8	7.722728E-3
8.230000E-8	7.438351E-3
8.240000E-8	7.040908E-3
8.250000E-8	6.451596E-3
8.260000E-8	5.797186E-3
8.270000E-8	5.087957E-3
8.280000E-8	4.656252E-3
8.290000E-8	4.481514E-3
8.300000E-8	4.683662E-3
8.310000E-8	5.214727E-3
8.320000E-8	5.824596E-3
8.330000E-8	6.434465E-3
8.340000E-8	6.927842E-3
8.350000E-8	7.438351E-3
8.360000E-8	7.602810E-3
8.370000E-8	7.479465E-3
8.380000E-8	7.051187E-3
8.390000E-8	6.276859E-3
8.400000E-8	5.464842E-3
8.410000E-8	4.882383E-3
8.420000E-8	4.676809E-3
8.430000E-8	4.920072E-3
8.440000E-8	5.499104E-3
8.450000E-8	6.091842E-3
8.460000E-8	6.550957E-3
8.470000E-8	6.629760E-3
8.480000E-8	6.602350E-3
8.490000E-8	6.468728E-3
8.500000E-8	6.537252E-3
8.510000E-8	6.646891E-3
8.520000E-8	6.780514E-3
8.530000E-8	6.842187E-3
8.540000E-8	6.797646E-3
8.550000E-8	6.616055E-3
8.560000E-8	6.396777E-3
8.570000E-8	5.995908E-3
8.580000E-8	5.560777E-3
8.590000E-8	5.009154E-3
8.600000E-8	4.498645E-3
8.610000E-8	4.132039E-3
8.620000E-8	4.073793E-3
8.630000E-8	4.180006E-3
8.640000E-8	4.669957E-3
8.650000E-8	5.255842E-3
8.660000E-8	5.865711E-3
8.670000E-8	6.297416E-3
8.680000E-8	6.653744E-3
8.690000E-8	6.876449E-3
8.700000E-8	7.037482E-3
8.710000E-8	6.958678E-3
8.720000E-8	6.684580E-3
8.730000E-8	6.324826E-3
8.740000E-8	6.119252E-3
8.750000E-8	5.828023E-3
8.760000E-8	5.588186E-3
8.770000E-8	5.344924E-3
8.780000E-8	4.947481E-3
8.790000E-8	4.543186E-3
8.800000E-8	4.245104E-3
8.810000E-8	4.108055E-3
8.820000E-8	4.279367E-3
8.830000E-8	4.769317E-3
8.840000E-8	5.499104E-3
8.850000E-8	6.040449E-3
8.860000E-8	6.345383E-3
8.870000E-8	6.359088E-3
8.880000E-8	6.263154E-3
8.890000E-8	6.061006E-3
8.900000E-8	5.975350E-3
8.910000E-8	6.023318E-3
8.920000E-8	5.961645E-3
8.930000E-8	5.896547E-3
8.940000E-8	5.697826E-3
8.950000E-8	5.410022E-3
8.960000E-8	5.201022E-3
8.970000E-8	5.026285E-3
8.980000E-8	4.909793E-3
8.990000E-8	4.930350E-3
9.000000E-8	5.039990E-3
9.010000E-8	5.276399E-3
9.020000E-8	5.732088E-3
9.030000E-8	6.198055E-3
9.040000E-8	6.633187E-3
9.050000E-8	6.735973E-3
9.060000E-8	6.523547E-3
9.070000E-8	5.954793E-3
9.080000E-8	5.338072E-3
9.090000E-8	4.817285E-3
9.100000E-8	4.467809E-3
9.110000E-8	4.351317E-3
9.120000E-8	4.337612E-3
9.130000E-8	4.389006E-3
9.140000E-8	4.416416E-3
9.150000E-8	4.399285E-3
9.160000E-8	4.371875E-3
9.170000E-8	4.382153E-3
9.180000E-8	4.481514E-3
9.190000E-8	4.656252E-3
9.200000E-8	4.882383E-3
9.210000E-8	5.296957E-3
9.220000E-8	5.708104E-3
9.230000E-8	5.985629E-3
9.240000E-8	6.112400E-3
9.250000E-8	5.862285E-3
9.260000E-8	5.334645E-3
9.270000E-8	4.687088E-3
9.280000E-8	4.104629E-3
9.290000E-8	3.645514E-3
9.300000E-8	3.635235E-3
9.310000E-8	3.950448E-3
9.320000E-8	4.567170E-3
9.330000E-8	5.135924E-3
9.340000E-8	5.677268E-3
9.350000E-8	5.944514E-3
9.360000E-8	5.899973E-3
9.370000E-8	5.684121E-3
9.380000E-8	5.564203E-3
9.390000E-8	5.567629E-3
9.400000E-8	5.653285E-3
9.410000E-8	5.533367E-3
9.420000E-8	5.310662E-3
9.430000E-8	5.005727E-3
9.440000E-8	4.639121E-3
9.450000E-8	4.299924E-3
9.460000E-8	4.135465E-3
9.470000E-8	3.892203E-3
9.480000E-8	3.772284E-3
9.490000E-8	3.621530E-3
9.500000E-8	3.700334E-3
9.510000E-8	3.799694E-3
9.520000E-8	4.299924E-3
9.530000E-8	4.834416E-3
9.540000E-8	5.485400E-3
9.550000E-8	5.886268E-3
9.560000E-8	6.150088E-3
9.570000E-8	6.105547E-3
9.580000E-8	5.821170E-3
9.590000E-8	5.348350E-3
9.600000E-8	4.793301E-3
9.610000E-8	4.262235E-3
9.620000E-8	3.837383E-3
9.630000E-8	3.498186E-3
9.640000E-8	3.323448E-3
9.650000E-8	3.093891E-3
9.660000E-8	2.932858E-3
9.670000E-8	3.090465E-3
9.680000E-8	3.662645E-3
9.690000E-8	4.642547E-3
9.700000E-8	5.684121E-3
9.710000E-8	6.526973E-3
9.720000E-8	6.831908E-3
9.730000E-8	6.657170E-3
9.740000E-8	6.167219E-3
9.750000E-8	5.543645E-3
9.760000E-8	5.122219E-3
9.770000E-8	4.954334E-3
9.780000E-8	4.947481E-3
9.790000E-8	4.642547E-3
9.800000E-8	4.197137E-3
9.810000E-8	3.535875E-3
9.820000E-8	2.943137E-3
9.830000E-8	2.686170E-3
9.840000E-8	2.809514E-3
9.850000E-8	3.275481E-3
9.860000E-8	3.878498E-3
9.870000E-8	4.245104E-3
9.880000E-8	4.402711E-3
9.890000E-8	4.447252E-3
9.900000E-8	4.467809E-3
9.910000E-8	4.529481E-3
9.920000E-8	4.748760E-3
9.930000E-8	4.957760E-3
9.940000E-8	4.954334E-3
9.950000E-8	4.652826E-3
9.960000E-8	4.385580E-3
9.970000E-8	4.217694E-3
9.980000E-8	4.293071E-3
9.990000E-8	4.601432E-3
1.000000E-7	4.933776E-3
1.001000E-7	5.231858E-3
1.002000E-7	5.266121E-3
1.003000E-7	5.057121E-3
1.004000E-7	4.697367E-3
1.005000E-7	4.419842E-3
1.006000E-7	4.323908E-3
1.007000E-7	4.303350E-3
1.008000E-7	4.450678E-3
1.009000E-7	4.704219E-3
1.010000E-7	5.163334E-3
1.011000E-7	5.519662E-3
1.012000E-7	5.557350E-3
1.013000E-7	5.218154E-3
1.014000E-7	4.663104E-3
1.015000E-7	3.871645E-3
1.016000E-7	3.237793E-3
1.017000E-7	3.056202E-3
1.018000E-7	3.419383E-3
1.019000E-7	4.104629E-3
1.020000E-7	4.889235E-3
1.021000E-7	5.303809E-3
1.022000E-7	5.293531E-3
1.023000E-7	4.961186E-3
1.024000E-7	4.532908E-3
1.025000E-7	4.248530E-3
1.026000E-7	4.097776E-3
1.027000E-7	4.142317E-3
1.028000E-7	4.162875E-3
1.029000E-7	4.186858E-3
1.030000E-7	3.957301E-3
1.031000E-7	3.707186E-3
1.032000E-7	3.690055E-3
1.033000E-7	3.988137E-3
1.034000E-7	4.365022E-3
1.035000E-7	4.625416E-3
1.036000E-7	4.601432E-3
1.037000E-7	4.046383E-3
1.038000E-7	3.275481E-3
1.039000E-7	2.669038E-3
1.040000E-7	2.439481E-3
1.041000E-7	2.730711E-3
1.042000E-7	3.320022E-3
1.043000E-7	3.919612E-3
1.044000E-7	4.245104E-3
1.045000E-7	4.080645E-3
1.046000E-7	3.686629E-3
1.047000E-7	3.316596E-3
1.048000E-7	3.193252E-3
1.049000E-7	3.344006E-3
1.050000E-7	3.621530E-3
1.051000E-7	4.018973E-3
1.052000E-7	4.344465E-3
1.053000E-7	4.649399E-3
1.054000E-7	4.731629E-3
1.055000E-7	4.663104E-3
1.056000E-7	4.354744E-3
1.057000E-7	3.971006E-3
1.058000E-7	3.635235E-3
1.059000E-7	3.436514E-3
1.060000E-7	3.487907E-3
1.061000E-7	3.813399E-3
1.062000E-7	4.162875E-3
1.063000E-7	4.546612E-3
1.064000E-7	4.841268E-3
1.065000E-7	4.937203E-3
1.066000E-7	4.817285E-3
1.067000E-7	4.676809E-3
1.068000E-7	4.430121E-3
1.069000E-7	4.265662E-3
1.070000E-7	4.073793E-3
1.071000E-7	3.892203E-3
1.072000E-7	3.724317E-3
1.073000E-7	3.799694E-3
1.074000E-7	4.070367E-3
1.075000E-7	4.361596E-3
1.076000E-7	4.567170E-3
1.077000E-7	4.594580E-3
1.078000E-7	4.522629E-3
1.079000E-7	4.313629E-3
1.080000E-7	3.988137E-3
1.081000E-7	3.662645E-3
1.082000E-7	3.350858E-3
1.083000E-7	3.138432E-3
1.084000E-7	3.039071E-3
1.085000E-7	3.182973E-3
1.086000E-7	3.508465E-3
1.087000E-7	3.984711E-3
1.088000E-7	4.426694E-3
1.089000E-7	4.680235E-3
1.090000E-7	4.752186E-3
1.091000E-7	4.717924E-3
1.092000E-7	4.728203E-3
1.093000E-7	4.789875E-3
1.094000E-7	4.844694E-3
1.095000E-7	4.632268E-3
1.096000E-7	4.118334E-3
1.097000E-7	3.265202E-3
1.098000E-7	2.607366E-3
1.099000E-7	2.333268E-3
1.100000E-7	2.549120E-3
1.101000E-7	3.093891E-3
1.102000E-7	3.618104E-3
1.103000E-7	3.947022E-3
1.104000E-7	3.964153E-3
1.105000E-7	3.645514E-3
1.106000E-7	3.299465E-3
1.107000E-7	3.254924E-3
1.108000E-7	3.395399E-3
1.109000E-7	3.758580E-3
1.110000E-7	4.094350E-3
1.111000E-7	4.241678E-3
1.112000E-7	4.138891E-3
1.113000E-7	3.782563E-3
1.114000E-7	3.587268E-3
1.115000E-7	3.361137E-3
1.116000E-7	3.350858E-3
1.117000E-7	3.501612E-3
1.118000E-7	3.703760E-3
1.119000E-7	3.765432E-3
1.120000E-7	3.583842E-3
1.121000E-7	3.258350E-3
1.122000E-7	3.066481E-3
1.123000E-7	3.056202E-3
1.124000E-7	3.388547E-3
1.125000E-7	3.768858E-3
1.126000E-7	4.156022E-3
1.127000E-7	4.176580E-3
1.128000E-7	3.775711E-3
1.129000E-7	3.186399E-3
1.130000E-7	2.614219E-3
1.131000E-7	2.466891E-3
1.132000E-7	2.795809E-3
1.133000E-7	3.470776E-3
1.134000E-7	4.036104E-3
1.135000E-7	4.382153E-3
1.136000E-7	4.207416E-3
1.137000E-7	3.816825E-3
1.138000E-7	3.573563E-3
1.139000E-7	3.453645E-3
1.140000E-7	3.765432E-3
1.141000E-7	4.180006E-3
1.142000E-7	4.539760E-3
1.143000E-7	4.772744E-3
1.144000E-7	4.707645E-3
1.145000E-7	4.546612E-3
1.146000E-7	4.135465E-3
1.147000E-7	3.600973E-3
1.148000E-7	3.093891E-3
1.149000E-7	2.456612E-3
1.150000E-7	2.072874E-3
1.151000E-7	1.898137E-3
1.152000E-7	2.076301E-3
1.153000E-7	2.693022E-3
1.154000E-7	3.491334E-3
1.155000E-7	4.306776E-3
1.156000E-7	4.810432E-3
1.157000E-7	4.765891E-3
1.158000E-7	4.306776E-3
1.159000E-7	3.717465E-3
1.160000E-7	3.220661E-3
1.161000E-7	3.128153E-3
1.162000E-7	3.306317E-3
1.163000E-7	3.744875E-3
1.164000E-7	4.173153E-3
1.165000E-7	4.344465E-3
1.166000E-7	4.293071E-3
1.167000E-7	4.056662E-3
1.168000E-7	3.803121E-3
1.169000E-7	3.529022E-3
1.170000E-7	3.320022E-3
1.171000E-7	3.237793E-3
1.172000E-7	3.330301E-3
1.173000E-7	3.487907E-3
1.174000E-7	3.648940E-3
1.175000E-7	3.751727E-3
1.176000E-7	3.878498E-3
1.177000E-7	3.703760E-3
1.178000E-7	3.381694E-3
1.179000E-7	3.090465E-3
1.180000E-7	2.963694E-3
1.181000E-7	3.111022E-3
1.182000E-7	3.546153E-3
1.183000E-7	4.207416E-3
1.184000E-7	4.601432E-3
1.185000E-7	4.807006E-3
1.186000E-7	4.560317E-3
1.187000E-7	3.947022E-3
1.188000E-7	3.275481E-3
1.189000E-7	2.881465E-3
1.190000E-7	2.960268E-3
1.191000E-7	3.487907E-3
1.192000E-7	4.162875E-3
1.193000E-7	4.666531E-3
1.194000E-7	4.687088E-3
1.195000E-7	4.361596E-3
1.196000E-7	3.803121E-3
1.197000E-7	3.388547E-3
1.198000E-7	3.350858E-3
1.199000E-7	3.563284E-3
1.200000E-7	3.971006E-3
1.201000E-7	4.433547E-3
1.202000E-7	4.598006E-3
1.203000E-7	4.536334E-3
1.204000E-7	4.197137E-3
1.205000E-7	3.816825E-3
1.206000E-7	3.611252E-3
1.207000E-7	3.621530E-3
1.208000E-7	3.782563E-3
1.209000E-7	4.039530E-3
1.210000E-7	4.395858E-3
1.211000E-7	4.574022E-3
1.212000E-7	4.673383E-3
1.213000E-7	4.587727E-3
1.214000E-7	4.399285E-3
1.215000E-7	4.142317E-3
1.216000E-7	3.868219E-3
1.217000E-7	3.693481E-3
1.218000E-7	3.690055E-3
1.219000E-7	3.563284E-3
1.220000E-7	3.491334E-3
1.221000E-7	3.272055E-3
1.222000E-7	3.234366E-3
1.223000E-7	3.289186E-3
1.224000E-7	3.539301E-3
1.225000E-7	3.885350E-3
1.226000E-7	4.193711E-3
1.227000E-7	4.361596E-3
1.228000E-7	4.279367E-3
1.229000E-7	4.073793E-3
1.230000E-7	3.837383E-3
1.231000E-7	3.556432E-3
1.232000E-7	3.265202E-3
1.233000E-7	3.045924E-3
1.234000E-7	2.761547E-3
1.235000E-7	2.436055E-3
1.236000E-7	2.367530E-3
1.237000E-7	2.384661E-3
1.238000E-7	2.460038E-3
1.239000E-7	2.624497E-3
1.240000E-7	2.778678E-3
1.241000E-7	2.860907E-3
1.242000E-7	2.946563E-3
1.243000E-7	3.083612E-3
1.244000E-7	3.275481E-3
1.245000E-7	3.498186E-3
1.246000E-7	3.854514E-3
1.247000E-7	3.950448E-3
1.248000E-7	4.084071E-3
1.249000E-7	3.974432E-3
1.250000E-7	3.731170E-3
1.251000E-7	3.433088E-3
1.252000E-7	3.141858E-3
1.253000E-7	2.895170E-3
1.254000E-7	2.754694E-3
1.255000E-7	2.655334E-3
1.256000E-7	2.597088E-3
1.257000E-7	2.645055E-3
1.258000E-7	2.730711E-3
1.259000E-7	2.915727E-3
1.260000E-7	3.073334E-3
1.261000E-7	3.282334E-3
1.262000E-7	3.529022E-3
1.263000E-7	3.635235E-3
1.264000E-7	3.597547E-3
1.265000E-7	3.357711E-3
1.266000E-7	3.155563E-3
1.267000E-7	2.939711E-3
1.268000E-7	2.867760E-3
1.269000E-7	2.946563E-3
1.270000E-7	3.021940E-3
1.271000E-7	3.100743E-3
1.272000E-7	3.138432E-3
1.273000E-7	2.891743E-3
1.274000E-7	2.723858E-3
1.275000E-7	2.501153E-3
1.276000E-7	2.340120E-3
1.277000E-7	2.268170E-3
1.278000E-7	2.275022E-3
1.279000E-7	2.165383E-3
1.280000E-7	2.117415E-3
1.281000E-7	2.120842E-3
1.282000E-7	2.237333E-3
1.283000E-7	2.405219E-3
1.284000E-7	2.569678E-3
1.285000E-7	2.727284E-3
1.286000E-7	2.686170E-3
1.287000E-7	2.740989E-3
1.288000E-7	2.693022E-3
1.289000E-7	2.624497E-3
1.290000E-7	2.597088E-3
1.291000E-7	2.730711E-3
1.292000E-7	2.830071E-3
1.293000E-7	3.087038E-3
1.294000E-7	3.367989E-3
1.295000E-7	3.546153E-3
1.296000E-7	3.744875E-3
1.297000E-7	3.662645E-3
1.298000E-7	3.405678E-3
1.299000E-7	3.097317E-3
1.300000E-7	2.980825E-3
1.301000E-7	2.970547E-3
1.302000E-7	3.097317E-3
1.303000E-7	3.158989E-3
1.304000E-7	3.097317E-3
1.305000E-7	2.967120E-3
1.306000E-7	2.706727E-3
1.307000E-7	2.600514E-3
1.308000E-7	2.508006E-3
1.309000E-7	2.634776E-3
1.310000E-7	2.840350E-3
1.311000E-7	3.011661E-3
1.312000E-7	3.241219E-3
1.313000E-7	3.296039E-3
1.314000E-7	3.289186E-3
1.315000E-7	3.028793E-3
1.316000E-7	2.555973E-3
1.317000E-7	1.966661E-3
1.318000E-7	1.524678E-3
1.319000E-7	1.260858E-3
1.320000E-7	1.363645E-3
1.321000E-7	1.771366E-3
1.322000E-7	2.350399E-3
1.323000E-7	2.802661E-3
1.324000E-7	2.997957E-3
1.325000E-7	2.994530E-3
1.326000E-7	2.819793E-3
1.327000E-7	2.682743E-3
1.328000E-7	2.658760E-3
1.329000E-7	2.809514E-3
1.330000E-7	3.021940E-3
1.331000E-7	3.087038E-3
1.332000E-7	3.004809E-3
1.333000E-7	2.847202E-3
1.334000E-7	2.555973E-3
1.335000E-7	2.442907E-3
1.336000E-7	2.747842E-3
1.337000E-7	3.248071E-3
1.338000E-7	3.755153E-3
1.339000E-7	3.923039E-3
1.340000E-7	3.611252E-3
1.341000E-7	3.032219E-3
1.342000E-7	2.401792E-3
1.343000E-7	1.908415E-3
1.344000E-7	1.819333E-3
1.345000E-7	2.107137E-3
1.346000E-7	2.542268E-3
1.347000E-7	2.905448E-3
1.348000E-7	3.073334E-3
1.349000E-7	3.018514E-3
1.350000E-7	2.806088E-3
1.351000E-7	2.665612E-3
1.352000E-7	2.566252E-3
1.353000E-7	2.751268E-3
1.354000E-7	2.809514E-3
1.355000E-7	2.775252E-3
1.356000E-7	2.696448E-3
1.357000E-7	2.631350E-3
1.358000E-7	2.710153E-3
1.359000E-7	2.727284E-3
1.360000E-7	3.028793E-3
1.361000E-7	3.299465E-3
1.362000E-7	3.320022E-3
1.363000E-7	3.015088E-3
1.364000E-7	2.449760E-3
1.365000E-7	1.726825E-3
1.366000E-7	1.075841E-3
1.367000E-7	6.749725E-4
1.368000E-7	6.475627E-4
1.369000E-7	9.901857E-4
1.370000E-7	1.582924E-3
1.371000E-7	2.251038E-3
1.372000E-7	2.854055E-3
1.373000E-7	3.241219E-3
1.374000E-7	3.501612E-3
1.375000E-7	3.505039E-3
1.376000E-7	3.254924E-3
1.377000E-7	2.847202E-3
1.378000E-7	2.504579E-3
1.379000E-7	2.381235E-3
1.380000E-7	2.425776E-3
1.381000E-7	2.778678E-3
1.382000E-7	3.155563E-3
1.383000E-7	3.566711E-3
1.384000E-7	3.755153E-3
1.385000E-7	3.690055E-3
1.386000E-7	3.398825E-3
1.387000E-7	3.018514E-3
1.388000E-7	2.847202E-3
1.389000E-7	2.840350E-3
1.390000E-7	3.049350E-3
1.391000E-7	3.460498E-3
1.392000E-7	3.734596E-3
1.393000E-7	3.854514E-3
1.394000E-7	3.857940E-3
1.395000E-7	3.631809E-3
1.396000E-7	3.148711E-3
1.397000E-7	2.586809E-3
1.398000E-7	2.165383E-3
1.399000E-7	2.038612E-3
1.400000E-7	2.179088E-3
1.401000E-7	2.545694E-3
1.402000E-7	3.076760E-3
1.403000E-7	3.439940E-3
1.404000E-7	3.655793E-3
1.405000E-7	3.707186E-3
1.406000E-7	3.439940E-3
1.407000E-7	3.138432E-3
1.408000E-7	2.812940E-3
1.409000E-7	2.542268E-3
1.410000E-7	2.247612E-3
1.411000E-7	2.072874E-3
1.412000E-7	2.103710E-3
1.413000E-7	2.182514E-3
1.414000E-7	2.394940E-3
1.415000E-7	2.477170E-3
1.416000E-7	2.436055E-3
1.417000E-7	2.285301E-3
1.418000E-7	2.110563E-3
1.419000E-7	2.038612E-3
1.420000E-7	2.161956E-3
1.421000E-7	2.501153E-3
1.422000E-7	2.795809E-3
1.423000E-7	2.963694E-3
1.424000E-7	3.097317E-3
1.425000E-7	3.131579E-3
1.426000E-7	3.265202E-3
1.427000E-7	3.350858E-3
1.428000E-7	3.395399E-3
1.429000E-7	3.378268E-3
1.430000E-7	3.203530E-3
1.431000E-7	2.843776E-3
1.432000E-7	2.388088E-3
1.433000E-7	1.867301E-3
1.434000E-7	1.692563E-3
1.435000E-7	1.552087E-3
1.436000E-7	1.562366E-3
1.437000E-7	1.695989E-3
1.438000E-7	1.918694E-3
1.439000E-7	2.090006E-3
1.440000E-7	2.220202E-3
1.441000E-7	2.247612E-3
1.442000E-7	2.216776E-3
1.443000E-7	1.928973E-3
1.444000E-7	1.648022E-3
1.445000E-7	1.483563E-3
1.446000E-7	1.534956E-3
1.447000E-7	1.757661E-3
1.448000E-7	2.343547E-3
1.449000E-7	2.898596E-3
1.450000E-7	3.364563E-3
1.451000E-7	3.460498E-3
1.452000E-7	3.261776E-3
1.453000E-7	3.039071E-3
1.454000E-7	2.860907E-3
1.455000E-7	2.902022E-3
1.456000E-7	3.015088E-3
1.457000E-7	2.895170E-3
1.458000E-7	2.525137E-3
1.459000E-7	1.952956E-3
1.460000E-7	1.586350E-3
1.461000E-7	1.510973E-3
1.462000E-7	1.874153E-3
1.463000E-7	2.456612E-3
1.464000E-7	2.967120E-3
1.465000E-7	3.021940E-3
1.466000E-7	2.662186E-3
1.467000E-7	2.090006E-3
1.468000E-7	1.548661E-3
1.469000E-7	1.154645E-3
1.470000E-7	1.099825E-3
1.471000E-7	1.212891E-3
1.472000E-7	1.425317E-3
1.473000E-7	1.685710E-3
1.474000E-7	1.874153E-3
1.475000E-7	2.076301E-3
1.476000E-7	2.158530E-3
1.477000E-7	2.220202E-3
1.478000E-7	2.329842E-3
1.479000E-7	2.353825E-3
1.480000E-7	2.566252E-3
1.481000E-7	2.703301E-3
1.482000E-7	3.025366E-3
1.483000E-7	3.333727E-3
1.484000E-7	3.710612E-3
1.485000E-7	4.125186E-3
1.486000E-7	4.347891E-3
1.487000E-7	4.412990E-3
1.488000E-7	4.251957E-3
1.489000E-7	3.895629E-3
1.490000E-7	3.320022E-3
1.491000E-7	2.768399E-3
1.492000E-7	2.394940E-3
1.493000E-7	2.230481E-3
1.494000E-7	2.233907E-3
1.495000E-7	2.446333E-3
1.496000E-7	2.785530E-3
1.497000E-7	2.922579E-3
1.498000E-7	3.107596E-3
1.499000E-7	3.155563E-3
1.500000E-7	3.172694E-3
1.501000E-7	3.200104E-3
1.502000E-7	3.203530E-3
1.503000E-7	3.248071E-3
1.504000E-7	3.248071E-3
1.505000E-7	3.186399E-3
1.506000E-7	3.189825E-3
1.507000E-7	3.165842E-3
1.508000E-7	3.251498E-3
1.509000E-7	3.241219E-3
1.510000E-7	3.309743E-3
1.511000E-7	3.176120E-3
1.512000E-7	3.052776E-3
1.513000E-7	2.922579E-3
1.514000E-7	2.830071E-3
1.515000E-7	2.867760E-3
1.516000E-7	2.679317E-3
1.517000E-7	2.343547E-3
1.518000E-7	1.874153E-3
1.519000E-7	1.380776E-3
1.520000E-7	1.164923E-3
1.521000E-7	1.192333E-3
1.522000E-7	1.473284E-3
1.523000E-7	1.743956E-3
1.524000E-7	1.891284E-3
1.525000E-7	1.884432E-3
1.526000E-7	1.887858E-3
1.527000E-7	1.990645E-3
1.528000E-7	2.165383E-3
1.529000E-7	2.494301E-3
1.530000E-7	2.785530E-3
1.531000E-7	2.956842E-3
1.532000E-7	2.912301E-3
1.533000E-7	2.740989E-3
1.534000E-7	2.586809E-3
1.535000E-7	2.453186E-3
1.536000E-7	2.405219E-3
1.537000E-7	2.405219E-3
1.538000E-7	2.288727E-3
1.539000E-7	2.288727E-3
1.540000E-7	2.203071E-3
1.541000E-7	2.206497E-3
1.542000E-7	2.251038E-3
1.543000E-7	2.501153E-3
1.544000E-7	2.830071E-3
1.545000E-7	3.032219E-3
1.546000E-7	3.111022E-3
1.547000E-7	2.963694E-3
1.548000E-7	2.782104E-3
1.549000E-7	2.641629E-3
1.550000E-7	2.593661E-3
1.551000E-7	2.665612E-3
1.552000E-7	2.973973E-3
1.553000E-7	3.145284E-3
1.554000E-7	3.443366E-3
1.555000E-7	3.587268E-3
1.556000E-7	3.597547E-3
1.557000E-7	3.474202E-3
1.558000E-7	3.179547E-3
1.559000E-7	2.884891E-3
1.560000E-7	2.422350E-3
1.561000E-7	1.932399E-3
1.562000E-7	1.459579E-3
1.563000E-7	1.079268E-3
1.564000E-7	9.593496E-4
1.565000E-7	1.154645E-3
1.566000E-7	1.651448E-3
1.567000E-7	2.220202E-3
1.568000E-7	2.614219E-3
1.569000E-7	2.696448E-3
1.570000E-7	2.538842E-3
1.571000E-7	2.134547E-3
1.572000E-7	1.761087E-3
1.573000E-7	1.545235E-3
1.574000E-7	1.685710E-3
1.575000E-7	1.925547E-3
1.576000E-7	2.302432E-3
1.577000E-7	2.586809E-3
1.578000E-7	2.747842E-3
1.579000E-7	2.651907E-3
1.580000E-7	2.364104E-3
1.581000E-7	1.942678E-3
1.582000E-7	1.641169E-3
1.583000E-7	1.538383E-3
1.584000E-7	1.761087E-3
1.585000E-7	2.066022E-3
1.586000E-7	2.418924E-3
1.587000E-7	2.573104E-3
1.588000E-7	2.624497E-3
1.589000E-7	2.394940E-3
1.590000E-7	2.117415E-3
1.591000E-7	1.863874E-3
1.592000E-7	1.754235E-3
1.593000E-7	1.822760E-3
1.594000E-7	2.137973E-3
1.595000E-7	2.504579E-3
1.596000E-7	2.888317E-3
1.597000E-7	3.025366E-3
1.598000E-7	3.100743E-3
1.599000E-7	2.936284E-3
1.600000E-7	2.706727E-3
1.601000E-7	2.579956E-3
1.602000E-7	2.593661E-3
1.603000E-7	2.771825E-3
1.604000E-7	2.980825E-3
1.605000E-7	3.385120E-3
1.606000E-7	3.624957E-3
1.607000E-7	3.731170E-3
1.608000E-7	3.676350E-3
1.609000E-7	3.391973E-3
1.610000E-7	3.162416E-3
1.611000E-7	2.795809E-3
1.612000E-7	2.484022E-3
1.613000E-7	2.233907E-3
1.614000E-7	2.175661E-3
1.615000E-7	2.206497E-3
1.616000E-7	2.254465E-3
1.617000E-7	2.326415E-3
1.618000E-7	2.456612E-3
1.619000E-7	2.579956E-3
1.620000E-7	2.566252E-3
1.621000E-7	2.518284E-3
1.622000E-7	2.525137E-3
1.623000E-7	2.627924E-3
1.624000E-7	2.830071E-3
1.625000E-7	3.042497E-3
1.626000E-7	3.165842E-3
1.627000E-7	3.138432E-3
1.628000E-7	3.025366E-3
1.629000E-7	2.675891E-3
1.630000E-7	2.305858E-3
1.631000E-7	2.011202E-3
1.632000E-7	1.952956E-3
1.633000E-7	2.035186E-3
1.634000E-7	2.484022E-3
1.635000E-7	2.977399E-3
1.636000E-7	3.309743E-3
1.637000E-7	3.330301E-3
1.638000E-7	3.021940E-3
1.639000E-7	2.600514E-3
1.640000E-7	2.446333E-3
1.641000E-7	2.545694E-3
1.642000E-7	2.980825E-3
1.643000E-7	3.474202E-3
1.644000E-7	3.888776E-3
1.645000E-7	3.878498E-3
1.646000E-7	3.484481E-3
1.647000E-7	2.857481E-3
1.648000E-7	2.209924E-3
1.649000E-7	1.826186E-3
1.650000E-7	1.493842E-3
1.651000E-7	1.319104E-3
1.652000E-7	1.284841E-3
1.653000E-7	1.319104E-3
1.654000E-7	1.497268E-3
1.655000E-7	1.579497E-3
1.656000E-7	1.798776E-3
1.657000E-7	1.833038E-3
1.658000E-7	1.709694E-3
1.659000E-7	1.510973E-3
1.660000E-7	1.552087E-3
1.661000E-7	1.809055E-3
1.662000E-7	2.285301E-3
1.663000E-7	2.819793E-3
1.664000E-7	3.224088E-3
1.665000E-7	3.241219E-3
1.666000E-7	2.987678E-3
1.667000E-7	2.456612E-3
1.668000E-7	2.028333E-3
1.669000E-7	1.764514E-3
1.670000E-7	1.781645E-3
1.671000E-7	1.850169E-3
1.672000E-7	1.994071E-3
1.673000E-7	1.946104E-3
1.674000E-7	1.716546E-3
1.675000E-7	1.445874E-3
1.676000E-7	1.288268E-3
1.677000E-7	1.445874E-3
1.678000E-7	1.894710E-3
1.679000E-7	2.466891E-3
1.680000E-7	2.932858E-3
1.681000E-7	3.097317E-3
1.682000E-7	2.782104E-3
1.683000E-7	2.346973E-3
1.684000E-7	1.826186E-3
1.685000E-7	1.627464E-3
1.686000E-7	1.836465E-3
1.687000E-7	2.199645E-3
1.688000E-7	2.621071E-3
1.689000E-7	2.675891E-3
1.690000E-7	2.398366E-3
1.691000E-7	1.990645E-3
1.692000E-7	1.603481E-3
1.693000E-7	1.651448E-3
1.694000E-7	2.124268E-3
1.695000E-7	2.826645E-3
1.696000E-7	3.429661E-3
1.697000E-7	3.755153E-3
1.698000E-7	3.738022E-3
1.699000E-7	3.542727E-3
1.700000E-7	3.104170E-3
1.701000E-7	2.878038E-3
1.702000E-7	2.658760E-3
1.703000E-7	2.555973E-3
1.704000E-7	2.576530E-3
1.705000E-7	2.545694E-3
1.706000E-7	2.740989E-3
1.707000E-7	2.977399E-3
1.708000E-7	3.169268E-3
1.709000E-7	3.275481E-3
1.710000E-7	3.251498E-3
1.711000E-7	2.980825E-3
1.712000E-7	2.627924E-3
1.713000E-7	2.453186E-3
1.714000E-7	2.487448E-3
1.715000E-7	2.576530E-3
1.716000E-7	2.696448E-3
1.717000E-7	2.833497E-3
1.718000E-7	2.823219E-3
1.719000E-7	2.679317E-3
1.720000E-7	2.436055E-3
1.721000E-7	2.158530E-3
1.722000E-7	1.994071E-3
1.723000E-7	1.795350E-3
1.724000E-7	1.661727E-3
1.725000E-7	1.593202E-3
1.726000E-7	1.685710E-3
1.727000E-7	1.952956E-3
1.728000E-7	2.432629E-3
1.729000E-7	2.967120E-3
1.730000E-7	3.367989E-3
1.731000E-7	3.419383E-3
1.732000E-7	3.145284E-3
1.733000E-7	2.634776E-3
1.734000E-7	2.161956E-3
1.735000E-7	1.836465E-3
1.736000E-7	1.764514E-3
1.737000E-7	1.874153E-3
1.738000E-7	2.103710E-3
1.739000E-7	2.319563E-3
1.740000E-7	2.579956E-3
1.741000E-7	2.806088E-3
1.742000E-7	2.775252E-3
1.743000E-7	2.641629E-3
1.744000E-7	2.418924E-3
1.745000E-7	2.175661E-3
1.746000E-7	1.994071E-3
1.747000E-7	1.881006E-3
1.748000E-7	2.021481E-3
1.749000E-7	2.185940E-3
1.750000E-7	2.326415E-3
1.751000E-7	2.292153E-3
1.752000E-7	2.018055E-3
1.753000E-7	1.750809E-3
1.754000E-7	1.576071E-3
1.755000E-7	1.661727E-3
1.756000E-7	1.935825E-3
1.757000E-7	2.281874E-3
1.758000E-7	2.432629E-3
1.759000E-7	2.309284E-3
1.760000E-7	2.011202E-3
1.761000E-7	1.692563E-3
1.762000E-7	1.565792E-3
1.763000E-7	1.719973E-3
1.764000E-7	1.987219E-3
1.765000E-7	2.346973E-3
1.766000E-7	2.521711E-3
1.767000E-7	2.549120E-3
1.768000E-7	2.480596E-3
1.769000E-7	2.127694E-3
1.770000E-7	1.812481E-3
1.771000E-7	1.404760E-3
1.772000E-7	1.116956E-3
1.773000E-7	1.161497E-3
1.774000E-7	1.322530E-3
1.775000E-7	1.723399E-3
1.776000E-7	2.120842E-3
1.777000E-7	2.364104E-3
1.778000E-7	2.360678E-3
1.779000E-7	2.172235E-3
1.780000E-7	2.131120E-3
1.781000E-7	2.007776E-3
1.782000E-7	1.922120E-3
1.783000E-7	1.932399E-3
1.784000E-7	1.942678E-3
1.785000E-7	2.011202E-3
1.786000E-7	2.158530E-3
1.787000E-7	2.076301E-3
1.788000E-7	1.966661E-3
1.789000E-7	1.805628E-3
1.790000E-7	1.634317E-3
1.791000E-7	1.548661E-3
1.792000E-7	1.695989E-3
1.793000E-7	2.052317E-3
1.794000E-7	2.675891E-3
1.795000E-7	3.111022E-3
1.796000E-7	3.395399E-3
1.797000E-7	3.306317E-3
1.798000E-7	2.984252E-3
1.799000E-7	2.449760E-3
1.800000E-7	1.881006E-3
1.801000E-7	1.418464E-3
1.802000E-7	1.243727E-3
1.803000E-7	1.264284E-3
1.804000E-7	1.565792E-3
1.805000E-7	1.870727E-3
1.806000E-7	2.048891E-3
1.807000E-7	2.055743E-3
1.808000E-7	1.802202E-3
1.809000E-7	1.452727E-3
1.810000E-7	1.110104E-3
1.811000E-7	9.387923E-4
1.812000E-7	9.833333E-4
1.813000E-7	1.442448E-3
1.814000E-7	1.994071E-3
1.815000E-7	2.597088E-3
1.816000E-7	2.984252E-3
1.817000E-7	3.193252E-3
1.818000E-7	3.141858E-3
1.819000E-7	2.782104E-3
1.820000E-7	2.490874E-3
1.821000E-7	2.264743E-3
1.822000E-7	2.305858E-3
1.823000E-7	2.415497E-3
1.824000E-7	2.734137E-3
1.825000E-7	2.987678E-3
1.826000E-7	3.275481E-3
1.827000E-7	3.261776E-3
1.828000E-7	3.100743E-3
1.829000E-7	2.747842E-3
1.830000E-7	2.367530E-3
1.831000E-7	1.863874E-3
1.832000E-7	1.641169E-3
1.833000E-7	1.593202E-3
1.834000E-7	1.788497E-3
1.835000E-7	2.031760E-3
1.836000E-7	2.432629E-3
1.837000E-7	2.778678E-3
1.838000E-7	2.980825E-3
1.839000E-7	3.141858E-3
1.840000E-7	3.141858E-3
1.841000E-7	3.210383E-3
1.842000E-7	3.323448E-3
1.843000E-7	3.539301E-3
1.844000E-7	3.638662E-3
1.845000E-7	3.782563E-3
1.846000E-7	3.683203E-3
1.847000E-7	3.535875E-3
1.848000E-7	3.152137E-3
1.849000E-7	2.764973E-3
1.850000E-7	2.456612E-3
1.851000E-7	2.466891E-3
1.852000E-7	2.833497E-3
1.853000E-7	3.237793E-3
1.854000E-7	3.696907E-3
1.855000E-7	3.892203E-3
1.856000E-7	3.964153E-3
1.857000E-7	3.772284E-3
1.858000E-7	3.306317E-3
1.859000E-7	2.747842E-3
1.860000E-7	2.182514E-3
1.861000E-7	1.826186E-3
1.862000E-7	1.449301E-3
1.863000E-7	1.391055E-3
1.864000E-7	1.528104E-3
1.865000E-7	1.860448E-3
1.866000E-7	2.319563E-3
1.867000E-7	2.730711E-3
1.868000E-7	2.915727E-3
1.869000E-7	2.775252E-3
1.870000E-7	2.549120E-3
1.871000E-7	2.346973E-3
1.872000E-7	2.247612E-3
1.873000E-7	2.305858E-3
1.874000E-7	2.374383E-3
1.875000E-7	2.247612E-3
1.876000E-7	1.860448E-3
1.877000E-7	1.576071E-3
1.878000E-7	1.281415E-3
1.879000E-7	1.195760E-3
1.880000E-7	1.456153E-3
1.881000E-7	1.771366E-3
1.882000E-7	1.987219E-3
1.883000E-7	1.836465E-3
1.884000E-7	1.521251E-3
1.885000E-7	1.161497E-3
1.886000E-7	1.137514E-3
1.887000E-7	1.401333E-3
1.888000E-7	1.966661E-3
1.889000E-7	2.514858E-3
1.890000E-7	2.898596E-3
1.891000E-7	2.946563E-3
1.892000E-7	2.802661E-3
1.893000E-7	2.535415E-3
1.894000E-7	2.285301E-3
1.895000E-7	2.292153E-3
1.896000E-7	2.480596E-3
1.897000E-7	2.706727E-3
1.898000E-7	2.871186E-3
1.899000E-7	2.915727E-3
1.900000E-7	2.727284E-3
1.901000E-7	2.573104E-3
1.902000E-7	2.460038E-3
1.903000E-7	2.480596E-3
1.904000E-7	2.531989E-3
1.905000E-7	2.665612E-3
1.906000E-7	2.833497E-3
1.907000E-7	2.771825E-3
1.908000E-7	2.583383E-3
1.909000E-7	2.429202E-3
1.910000E-7	2.261317E-3
1.911000E-7	2.066022E-3
1.912000E-7	1.925547E-3
1.913000E-7	1.826186E-3
1.914000E-7	1.918694E-3
1.915000E-7	2.148251E-3
1.916000E-7	2.364104E-3
1.917000E-7	2.723858E-3
1.918000E-7	3.008235E-3
1.919000E-7	2.943137E-3
1.920000E-7	2.453186E-3
1.921000E-7	1.709694E-3
1.922000E-7	1.192333E-3
1.923000E-7	8.908250E-4
1.924000E-7	1.003891E-3
1.925000E-7	1.569219E-3
1.926000E-7	2.292153E-3
1.927000E-7	2.672465E-3
1.928000E-7	2.730711E-3
1.929000E-7	2.357251E-3
1.930000E-7	1.983792E-3
1.931000E-7	1.904989E-3
1.932000E-7	2.213350E-3
1.933000E-7	2.871186E-3
1.934000E-7	3.412530E-3
1.935000E-7	3.683203E-3
1.936000E-7	3.631809E-3
1.937000E-7	3.244645E-3
1.938000E-7	2.836924E-3
1.939000E-7	2.576530E-3
1.940000E-7	2.346973E-3
1.941000E-7	2.233907E-3
1.942000E-7	1.908415E-3
1.943000E-7	1.565792E-3
1.944000E-7	1.240301E-3
1.945000E-7	1.065563E-3
1.946000E-7	1.233448E-3
1.947000E-7	1.565792E-3
1.948000E-7	2.048891E-3
1.949000E-7	2.364104E-3
1.950000E-7	2.501153E-3
1.951000E-7	2.436055E-3
1.952000E-7	2.285301E-3
1.953000E-7	2.086579E-3
1.954000E-7	2.131120E-3
1.955000E-7	2.158530E-3
1.956000E-7	2.316137E-3
1.957000E-7	2.487448E-3
1.958000E-7	2.651907E-3
1.959000E-7	2.696448E-3
1.960000E-7	2.641629E-3
1.961000E-7	2.449760E-3
1.962000E-7	2.179088E-3
1.963000E-7	1.850169E-3
1.964000E-7	1.709694E-3
1.965000E-7	1.716546E-3
1.966000E-7	1.767940E-3
1.967000E-7	1.884432E-3
1.968000E-7	2.096858E-3
1.969000E-7	2.340120E-3
1.970000E-7	2.494301E-3
1.971000E-7	2.597088E-3
1.972000E-7	2.672465E-3
1.973000E-7	2.542268E-3
1.974000E-7	2.484022E-3
1.975000E-7	2.364104E-3
1.976000E-7	2.285301E-3
1.977000E-7	2.227055E-3
1.978000E-7	2.319563E-3
1.979000E-7	2.261317E-3
1.980000E-7	2.185940E-3
1.981000E-7	2.048891E-3
1.982000E-7	1.867301E-3
1.983000E-7	1.682284E-3
1.984000E-7	1.603481E-3
1.985000E-7	1.562366E-3
1.986000E-7	1.596628E-3
1.987000E-7	1.685710E-3
1.988000E-7	1.798776E-3
1.989000E-7	1.778219E-3
1.990000E-7	1.846743E-3
1.991000E-7	1.781645E-3
1.992000E-7	1.637743E-3
1.993000E-7	1.360219E-3
1.994000E-7	1.140940E-3
1.995000E-7	9.799070E-4
1.996000E-7	1.106678E-3
1.997000E-7	1.387628E-3
1.998000E-7	1.771366E-3
1.999000E-7	2.168809E-3
2.000000E-7	2.432629E-3
2.001000E-7	2.627924E-3
