Study Name	Beam_cont_045-04_RT_lecroy
Sample Name	2025-03-19
Run Name	spot00
Operator	Elena
Date	3/19/2025
Time	13:51
Sign	FIX
Grating Spacing	03.40um
Channel	3
Number Traces	2000
Files in Batch	6
Batch Number	48
dt	100.000001E-12
time stamp (ms)	2:00:19 PM
	
Time	Amplitude
0.000000E+0	-5.242080E-4
1.000000E-10	-5.036506E-4
2.000000E-10	-3.220604E-4
3.000000E-10	-1.062079E-4
4.000000E-10	1.164971E-4
5.000000E-10	2.466938E-4
6.000000E-10	3.734643E-4
7.000000E-10	4.899561E-4
8.000000E-10	5.310709E-4
9.000000E-10	3.563332E-4
1.000000E-9	1.541856E-4
1.100000E-9	1.439069E-4
1.200000E-9	2.364151E-4
1.300000E-9	4.351364E-4
1.400000E-9	7.023824E-4
1.500000E-9	9.182349E-4
1.600000E-9	1.226596E-3
1.700000E-9	1.343087E-3
1.800000E-9	1.271137E-3
1.900000E-9	1.209464E-3
2.000000E-9	1.027874E-3
2.100000E-9	5.653332E-4
2.200000E-9	-3.420997E-6
2.300000E-9	-5.687490E-4
2.400000E-9	-9.559129E-4
2.500000E-9	-1.007306E-3
2.600000E-9	-8.805359E-4
2.700000E-9	-5.481916E-4
2.800000E-9	-1.781587E-4
2.900000E-9	1.781692E-4
3.000000E-9	5.482020E-4
3.100000E-9	9.045300E-4
3.200000E-9	1.202612E-3
3.300000E-9	1.349940E-3
3.400000E-9	1.116956E-3
3.500000E-9	5.105135E-4
3.600000E-9	-2.501096E-4
3.700000E-9	-8.359949E-4
3.800000E-9	-9.010933E-4
3.900000E-9	-4.419784E-4
4.000000E-9	1.987266E-4
4.100000E-9	7.709070E-4
4.200000E-9	1.072415E-3
4.300000E-9	9.490709E-4
4.400000E-9	4.180053E-4
4.500000E-9	-1.610276E-4
4.600000E-9	-5.653227E-4
4.700000E-9	-7.057982E-4
4.800000E-9	-7.023719E-4
4.900000E-9	-5.242080E-4
5.000000E-9	-3.083555E-4
5.100000E-9	-1.747325E-4
5.200000E-9	-4.796199E-5
5.300000E-9	1.644643E-4
5.400000E-9	2.672512E-4
5.500000E-9	4.625463E-4
5.600000E-9	6.030217E-4
5.700000E-9	7.229398E-4
5.800000E-9	7.023824E-4
5.900000E-9	5.995955E-4
6.000000E-9	4.728250E-4
6.100000E-9	4.145791E-4
6.200000E-9	5.824643E-4
6.300000E-9	7.640545E-4
6.400000E-9	9.079562E-4
6.500000E-9	9.422185E-4
6.600000E-9	5.207922E-4
6.700000E-9	-3.420997E-6
6.800000E-9	-5.139293E-4
6.900000E-9	-8.462736E-4
7.000000E-9	-9.045195E-4
7.100000E-9	-8.051588E-4
7.200000E-9	-6.852408E-4
7.300000E-9	-5.824539E-4
7.400000E-9	-5.516178E-4
7.500000E-9	-4.659620E-4
7.600000E-9	-3.391915E-4
7.700000E-9	-1.541751E-4
7.800000E-9	-5.138822E-5
7.900000E-9	-2.603882E-4
8.000000E-9	-4.659620E-4
8.100000E-9	-7.126506E-4
8.200000E-9	-8.120113E-4
8.300000E-9	-5.687490E-4
8.400000E-9	-2.432571E-4
8.500000E-9	6.167737E-5
8.600000E-9	3.152184E-4
8.700000E-9	3.289233E-4
8.800000E-9	1.576118E-4
8.900000E-9	3.431463E-6
9.000000E-9	-3.425707E-5
9.100000E-9	-1.062079E-4
9.200000E-9	-6.509314E-5
9.300000E-9	-1.678800E-4
9.400000E-9	-2.432571E-4
9.500000E-9	-2.740932E-4
9.600000E-9	-3.254866E-4
9.700000E-9	-2.740932E-4
9.800000E-9	5.825114E-5
9.900000E-9	3.666118E-4
1.000000E-8	5.447758E-4
1.010000E-8	6.441365E-4
1.020000E-8	5.619070E-4
1.030000E-8	4.317102E-4
1.040000E-8	2.741036E-4
1.050000E-8	2.090053E-4
1.060000E-8	3.289233E-4
1.070000E-8	6.030217E-4
1.080000E-8	6.338578E-4
1.090000E-8	3.803168E-4
1.100000E-8	-1.233390E-4
1.110000E-8	-7.640441E-4
1.120000E-8	-1.209454E-3
1.130000E-8	-1.418454E-3
1.140000E-8	-1.308815E-3
1.150000E-8	-1.055274E-3
1.160000E-8	-6.852408E-4
1.170000E-8	-5.070768E-4
1.180000E-8	-3.391915E-4
1.190000E-8	-1.644538E-4
1.200000E-8	-3.768330E-5
1.210000E-8	2.741036E-4
1.220000E-8	3.837430E-4
1.230000E-8	3.734643E-4
1.240000E-8	1.302020E-4
1.250000E-8	-2.021423E-4
1.260000E-8	-6.304211E-4
1.270000E-8	-1.068979E-3
1.280000E-8	-1.247142E-3
1.290000E-8	-1.236864E-3
1.300000E-8	-9.559129E-4
1.310000E-8	-5.550440E-4
1.320000E-8	-2.740932E-4
1.330000E-8	-9.592921E-5
1.340000E-8	-9.250298E-5
1.350000E-8	-3.700276E-4
1.360000E-8	-6.749621E-4
1.370000E-8	-7.914539E-4
1.380000E-8	-7.983064E-4
1.390000E-8	-6.338473E-4
1.400000E-8	-4.179948E-4
1.410000E-8	-2.158473E-4
1.420000E-8	-1.610276E-4
1.430000E-8	-2.775194E-4
1.440000E-8	-4.591096E-4
1.450000E-8	-4.179948E-4
1.460000E-8	-3.768330E-5
1.470000E-8	4.419889E-4
1.480000E-8	9.593496E-4
1.490000E-8	1.051858E-3
1.500000E-8	9.148086E-4
1.510000E-8	4.180053E-4
1.520000E-8	-1.369969E-5
1.530000E-8	-3.015030E-4
1.540000E-8	-2.775194E-4
1.550000E-8	-2.055215E-5
1.560000E-8	2.192840E-4
1.570000E-8	2.398413E-4
1.580000E-8	-1.267653E-4
1.590000E-8	-6.886670E-4
1.600000E-8	-1.188897E-3
1.610000E-8	-1.339651E-3
1.620000E-8	-1.068979E-3
1.630000E-8	-4.591096E-4
1.640000E-8	3.392020E-4
1.650000E-8	9.011037E-4
1.660000E-8	1.024448E-3
1.670000E-8	8.394316E-4
1.680000E-8	3.494807E-4
1.690000E-8	-3.083084E-5
1.700000E-8	-1.027817E-4
1.710000E-8	-9.935544E-5
1.720000E-8	1.747430E-4
1.730000E-8	5.379233E-4
1.740000E-8	7.537758E-4
1.750000E-8	7.332185E-4
1.760000E-8	7.297922E-4
1.770000E-8	6.133004E-4
1.780000E-8	6.064479E-4
1.790000E-8	5.653332E-4
1.800000E-8	5.619070E-4
1.810000E-8	4.693987E-4
1.820000E-8	4.180053E-4
1.830000E-8	3.083659E-4
1.840000E-8	3.117922E-4
1.850000E-8	5.139397E-4
1.860000E-8	7.846119E-4
1.870000E-8	1.130661E-3
1.880000E-8	1.257432E-3
1.890000E-8	1.195760E-3
1.900000E-8	9.627759E-4
1.910000E-8	6.372840E-4
1.920000E-8	3.940217E-4
1.930000E-8	1.953003E-4
1.940000E-8	1.439069E-4
1.950000E-8	1.027921E-4
1.960000E-8	4.797245E-5
1.970000E-8	-2.055215E-5
1.980000E-8	-3.425707E-5
1.990000E-8	-2.397838E-5
2.000000E-8	2.056261E-5
2.010000E-8	1.541856E-4
2.020000E-8	2.809561E-4
2.030000E-8	4.625463E-4
2.040000E-8	6.407102E-4
2.050000E-8	6.578414E-4
2.060000E-8	6.544152E-4
2.070000E-8	5.482020E-4
2.080000E-8	4.693987E-4
2.090000E-8	5.379233E-4
2.100000E-8	5.790381E-4
2.110000E-8	3.905955E-4
2.120000E-8	1.096446E-4
2.130000E-8	-4.316997E-4
2.140000E-8	-1.099815E-3
2.150000E-8	-1.459569E-3
2.160000E-8	-1.589765E-3
2.170000E-8	-1.277979E-3
2.180000E-8	-7.366342E-4
2.190000E-8	-2.638145E-4
2.200000E-8	1.987266E-4
2.210000E-8	7.572021E-4
2.220000E-8	1.966661E-3
2.230000E-8	4.409563E-3
2.240000E-8	8.445662E-3
2.250000E-8	1.398588E-2
2.260000E-8	2.038607E-2
2.270000E-8	2.702268E-2
2.280000E-8	3.321045E-2
2.290000E-8	3.876780E-2
2.300000E-8	4.354054E-2
2.310000E-8	4.755950E-2
2.320000E-8	5.080414E-2
2.330000E-8	5.335669E-2
2.340000E-8	5.494988E-2
2.350000E-8	5.551521E-2
2.360000E-8	5.488136E-2
2.370000E-8	5.331557E-2
2.380000E-8	5.106796E-2
2.390000E-8	4.841949E-2
2.400000E-8	4.554145E-2
2.410000E-8	4.269083E-2
2.420000E-8	4.011431E-2
2.430000E-8	3.801060E-2
2.440000E-8	3.647222E-2
2.450000E-8	3.567049E-2
2.460000E-8	3.568419E-2
2.470000E-8	3.630776E-2
2.480000E-8	3.753436E-2
2.490000E-8	3.908301E-2
2.500000E-8	4.066936E-2
2.510000E-8	4.197475E-2
2.520000E-8	4.291354E-2
2.530000E-8	4.308485E-2
2.540000E-8	4.271139E-2
2.550000E-8	4.163555E-2
2.560000E-8	4.010060E-2
2.570000E-8	3.828127E-2
2.580000E-8	3.635916E-2
2.590000E-8	3.448158E-2
2.600000E-8	3.288496E-2
2.610000E-8	3.172004E-2
2.620000E-8	3.117870E-2
2.630000E-8	3.112730E-2
2.640000E-8	3.156244E-2
2.650000E-8	3.237103E-2
2.660000E-8	3.352909E-2
2.670000E-8	3.483106E-2
2.680000E-8	3.612960E-2
2.690000E-8	3.730822E-2
2.700000E-8	3.822988E-2
2.710000E-8	3.857936E-2
2.720000E-8	3.827442E-2
2.730000E-8	3.722599E-2
2.740000E-8	3.548890E-2
2.750000E-8	3.321045E-2
2.760000E-8	3.065106E-2
2.770000E-8	2.823557E-2
2.780000E-8	2.632030E-2
2.790000E-8	2.499093E-2
2.800000E-8	2.453181E-2
2.810000E-8	2.492583E-2
2.820000E-8	2.633744E-2
2.830000E-8	2.835891E-2
2.840000E-8	3.077440E-2
2.850000E-8	3.306998E-2
2.860000E-8	3.492014E-2
2.870000E-8	3.597199E-2
2.880000E-8	3.612275E-2
2.890000E-8	3.523193E-2
2.900000E-8	3.356678E-2
2.910000E-8	3.133973E-2
2.920000E-8	2.884544E-2
2.930000E-8	2.645393E-2
2.940000E-8	2.445301E-2
2.950000E-8	2.310650E-2
2.960000E-8	2.269878E-2
2.970000E-8	2.297973E-2
2.980000E-8	2.396648E-2
2.990000E-8	2.530614E-2
3.000000E-8	2.677599E-2
3.010000E-8	2.824585E-2
3.020000E-8	2.967458E-2
3.030000E-8	3.089432E-2
3.040000E-8	3.182626E-2
3.050000E-8	3.223055E-2
3.060000E-8	3.179199E-2
3.070000E-8	3.050373E-2
3.080000E-8	2.864671E-2
3.090000E-8	2.659783E-2
3.100000E-8	2.472711E-2
3.110000E-8	2.338745E-2
3.120000E-8	2.275703E-2
3.130000E-8	2.247265E-2
3.140000E-8	2.240070E-2
3.150000E-8	2.258571E-2
3.160000E-8	2.289750E-2
3.170000E-8	2.373693E-2
3.180000E-8	2.496694E-2
3.190000E-8	2.641966E-2
3.200000E-8	2.815676E-2
3.210000E-8	2.948614E-2
3.220000E-8	3.023991E-2
3.230000E-8	3.021935E-2
3.240000E-8	2.962662E-2
3.250000E-8	2.842058E-2
3.260000E-8	2.694730E-2
3.270000E-8	2.518622E-2
3.280000E-8	2.327096E-2
3.290000E-8	2.157155E-2
3.300000E-8	2.034153E-2
3.310000E-8	1.970083E-2
3.320000E-8	1.989612E-2
3.330000E-8	2.081778E-2
3.340000E-8	2.234588E-2
3.350000E-8	2.417891E-2
3.360000E-8	2.601194E-2
3.370000E-8	2.756060E-2
3.380000E-8	2.854735E-2
3.390000E-8	2.892767E-2
3.400000E-8	2.868783E-2
3.410000E-8	2.781757E-2
3.420000E-8	2.631688E-2
3.430000E-8	2.444273E-2
3.440000E-8	2.238014E-2
3.450000E-8	2.045802E-2
3.460000E-8	1.907040E-2
3.470000E-8	1.825839E-2
3.480000E-8	1.788150E-2
3.490000E-8	1.807337E-2
3.500000E-8	1.873120E-2
3.510000E-8	1.980704E-2
3.520000E-8	2.119809E-2
3.530000E-8	2.284611E-2
3.540000E-8	2.458663E-2
3.550000E-8	2.602222E-2
3.560000E-8	2.682396E-2
3.570000E-8	2.684109E-2
3.580000E-8	2.601537E-2
3.590000E-8	2.460719E-2
3.600000E-8	2.269193E-2
3.610000E-8	2.093427E-2
3.620000E-8	1.935820E-2
3.630000E-8	1.831663E-2
3.640000E-8	1.781640E-2
3.650000E-8	1.788835E-2
3.660000E-8	1.835432E-2
3.670000E-8	1.903614E-2
3.680000E-8	1.995437E-2
3.690000E-8	2.076981E-2
3.700000E-8	2.159896E-2
3.710000E-8	2.245894E-2
3.720000E-8	2.316132E-2
3.730000E-8	2.370609E-2
3.740000E-8	2.393222E-2
3.750000E-8	2.384314E-2
3.760000E-8	2.336347E-2
3.770000E-8	2.242125E-2
3.780000E-8	2.111929E-2
3.790000E-8	1.955007E-2
3.800000E-8	1.777186E-2
3.810000E-8	1.611357E-2
3.820000E-8	1.497606E-2
3.830000E-8	1.470196E-2
3.840000E-8	1.522617E-2
3.850000E-8	1.656240E-2
3.860000E-8	1.821727E-2
3.870000E-8	2.006401E-2
3.880000E-8	2.176684E-2
3.890000E-8	2.336689E-2
3.900000E-8	2.469627E-2
3.910000E-8	2.558366E-2
3.920000E-8	2.578239E-2
3.930000E-8	2.509371E-2
3.940000E-8	2.344570E-2
3.950000E-8	2.115012E-2
3.960000E-8	1.853248E-2
3.970000E-8	1.613070E-2
3.980000E-8	1.444156E-2
3.990000E-8	1.361242E-2
4.000000E-8	1.363640E-2
4.010000E-8	1.440730E-2
4.020000E-8	1.567843E-2
4.030000E-8	1.719283E-2
4.040000E-8	1.879288E-2
4.050000E-8	2.027643E-2
4.060000E-8	2.142080E-2
4.070000E-8	2.205465E-2
4.080000E-8	2.221225E-2
4.090000E-8	2.181481E-2
4.100000E-8	2.089316E-2
4.110000E-8	1.978648E-2
4.120000E-8	1.853591E-2
4.130000E-8	1.741211E-2
4.140000E-8	1.629858E-2
4.150000E-8	1.551055E-2
4.160000E-8	1.504458E-2
4.170000E-8	1.496235E-2
4.180000E-8	1.531868E-2
4.190000E-8	1.628488E-2
4.200000E-8	1.748063E-2
4.210000E-8	1.880658E-2
4.220000E-8	2.007429E-2
4.230000E-8	2.110558E-2
4.240000E-8	2.167091E-2
4.250000E-8	2.188676E-2
4.260000E-8	2.162637E-2
4.270000E-8	2.084176E-2
4.280000E-8	1.968027E-2
4.290000E-8	1.820357E-2
4.300000E-8	1.660352E-2
4.310000E-8	1.515079E-2
4.320000E-8	1.407838E-2
4.330000E-8	1.334174E-2
4.340000E-8	1.312247E-2
4.350000E-8	1.323553E-2
4.360000E-8	1.359529E-2
4.370000E-8	1.434220E-2
4.380000E-8	1.540434E-2
4.390000E-8	1.678853E-2
4.400000E-8	1.834404E-2
4.410000E-8	1.972139E-2
4.420000E-8	2.074240E-2
4.430000E-8	2.117068E-2
4.440000E-8	2.086232E-2
4.450000E-8	1.977278E-2
4.460000E-8	1.824811E-2
4.470000E-8	1.662065E-2
4.480000E-8	1.511996E-2
4.490000E-8	1.382827E-2
4.500000E-8	1.285865E-2
4.510000E-8	1.227276E-2
4.520000E-8	1.217340E-2
4.530000E-8	1.256399E-2
4.540000E-8	1.343083E-2
4.550000E-8	1.467797E-2
4.560000E-8	1.614783E-2
4.570000E-8	1.762453E-2
4.580000E-8	1.898475E-2
4.590000E-8	2.005373E-2
4.600000E-8	2.073212E-2
4.610000E-8	2.088630E-2
4.620000E-8	2.016337E-2
4.630000E-8	1.868666E-2
4.640000E-8	1.660009E-2
4.650000E-8	1.442786E-2
4.660000E-8	1.237897E-2
4.670000E-8	1.096052E-2
4.680000E-8	1.029240E-2
4.690000E-8	1.046371E-2
4.700000E-8	1.120035E-2
4.710000E-8	1.235156E-2
4.720000E-8	1.386938E-2
4.730000E-8	1.556879E-2
4.740000E-8	1.729904E-2
4.750000E-8	1.876889E-2
4.760000E-8	1.971453E-2
4.770000E-8	1.977620E-2
4.780000E-8	1.905327E-2
4.790000E-8	1.769648E-2
4.800000E-8	1.582919E-2
4.810000E-8	1.391735E-2
4.820000E-8	1.218368E-2
4.830000E-8	1.078920E-2
4.840000E-8	1.012109E-2
4.850000E-8	1.008340E-2
4.860000E-8	1.056992E-2
4.870000E-8	1.144361E-2
4.880000E-8	1.240296E-2
4.890000E-8	1.333147E-2
4.900000E-8	1.433193E-2
4.910000E-8	1.537007E-2
4.920000E-8	1.644248E-2
4.930000E-8	1.732988E-2
4.940000E-8	1.796030E-2
4.950000E-8	1.787122E-2
4.960000E-8	1.713458E-2
4.970000E-8	1.592170E-2
4.980000E-8	1.443129E-2
4.990000E-8	1.293060E-2
5.000000E-8	1.171086E-2
5.010000E-8	1.085773E-2
5.020000E-8	1.035407E-2
5.030000E-8	1.026156E-2
5.040000E-8	1.045686E-2
5.050000E-8	1.120720E-2
5.060000E-8	1.221794E-2
5.070000E-8	1.360214E-2
5.080000E-8	1.493837E-2
5.090000E-8	1.619579E-2
5.100000E-8	1.708319E-2
5.110000E-8	1.752517E-2
5.120000E-8	1.739155E-2
5.130000E-8	1.668232E-2
5.140000E-8	1.568186E-2
5.150000E-8	1.429424E-2
5.160000E-8	1.273188E-2
5.170000E-8	1.127915E-2
5.180000E-8	1.015535E-2
5.190000E-8	9.449548E-3
5.200000E-8	9.240548E-3
5.210000E-8	9.648269E-3
5.220000E-8	1.049455E-2
5.230000E-8	1.172456E-2
5.240000E-8	1.317386E-2
5.250000E-8	1.461973E-2
5.260000E-8	1.574696E-2
5.270000E-8	1.657268E-2
5.280000E-8	1.685706E-2
5.290000E-8	1.665834E-2
5.300000E-8	1.585660E-2
5.310000E-8	1.472594E-2
5.320000E-8	1.328693E-2
5.330000E-8	1.175540E-2
5.340000E-8	1.045686E-2
5.350000E-8	9.398154E-3
5.360000E-8	8.791711E-3
5.370000E-8	8.798564E-3
5.380000E-8	9.322777E-3
5.390000E-8	1.020332E-2
5.400000E-8	1.146417E-2
5.410000E-8	1.277984E-2
5.420000E-8	1.412293E-2
5.430000E-8	1.521589E-2
5.440000E-8	1.602448E-2
5.450000E-8	1.627460E-2
5.460000E-8	1.603134E-2
5.470000E-8	1.534609E-2
5.480000E-8	1.426683E-2
5.490000E-8	1.284152E-2
5.500000E-8	1.136824E-2
5.510000E-8	9.977187E-3
5.520000E-8	8.771154E-3
5.530000E-8	7.989974E-3
5.540000E-8	7.661056E-3
5.550000E-8	7.726154E-3
5.560000E-8	8.243515E-3
5.570000E-8	9.130908E-3
5.580000E-8	1.020674E-2
5.590000E-8	1.153270E-2
5.600000E-8	1.293402E-2
5.610000E-8	1.430109E-2
5.620000E-8	1.538378E-2
5.630000E-8	1.600393E-2
5.640000E-8	1.591142E-2
5.650000E-8	1.508227E-2
5.660000E-8	1.368094E-2
5.670000E-8	1.198496E-2
5.680000E-8	1.016563E-2
5.690000E-8	8.500482E-3
5.700000E-8	7.225924E-3
5.710000E-8	6.509842E-3
5.720000E-8	6.523547E-3
5.730000E-8	7.153974E-3
5.740000E-8	8.418252E-3
5.750000E-8	9.953203E-3
5.760000E-8	1.141620E-2
5.770000E-8	1.265650E-2
5.780000E-8	1.349250E-2
5.790000E-8	1.392078E-2
5.800000E-8	1.391735E-2
5.810000E-8	1.359529E-2
5.820000E-8	1.294773E-2
5.830000E-8	1.174512E-2
5.840000E-8	1.015535E-2
5.850000E-8	8.407974E-3
5.860000E-8	6.992941E-3
5.870000E-8	6.242596E-3
5.880000E-8	6.235744E-3
5.890000E-8	6.876449E-3
5.900000E-8	7.667908E-3
5.910000E-8	8.606695E-3
5.920000E-8	9.452974E-3
5.930000E-8	1.044658E-2
5.940000E-8	1.143676E-2
5.950000E-8	1.246806E-2
5.960000E-8	1.334860E-2
5.970000E-8	1.382827E-2
5.980000E-8	1.361584E-2
5.990000E-8	1.278327E-2
6.000000E-8	1.143676E-2
6.010000E-8	9.980613E-3
6.020000E-8	8.592990E-3
6.030000E-8	7.554842E-3
6.040000E-8	6.814777E-3
6.050000E-8	6.674301E-3
6.060000E-8	6.893580E-3
6.070000E-8	7.517154E-3
6.080000E-8	8.411400E-3
6.090000E-8	9.363892E-3
6.100000E-8	1.027527E-2
6.110000E-8	1.106673E-2
6.120000E-8	1.165261E-2
6.130000E-8	1.214599E-2
6.140000E-8	1.247833E-2
6.150000E-8	1.256742E-2
6.160000E-8	1.234471E-2
6.170000E-8	1.184106E-2
6.180000E-8	1.116952E-2
6.190000E-8	1.022730E-2
6.200000E-8	9.196007E-3
6.210000E-8	8.260646E-3
6.220000E-8	7.400662E-3
6.230000E-8	6.924416E-3
6.240000E-8	6.873023E-3
6.250000E-8	7.400662E-3
6.260000E-8	8.455941E-3
6.270000E-8	9.771613E-3
6.280000E-8	1.110784E-2
6.290000E-8	1.219396E-2
6.300000E-8	1.277642E-2
6.310000E-8	1.295115E-2
6.320000E-8	1.280040E-2
6.330000E-8	1.224878E-2
6.340000E-8	1.151899E-2
6.350000E-8	1.067614E-2
6.360000E-8	9.672253E-3
6.370000E-8	8.651236E-3
6.380000E-8	7.589105E-3
6.390000E-8	6.694859E-3
6.400000E-8	6.163793E-3
6.410000E-8	6.088416E-3
6.420000E-8	6.482432E-3
6.430000E-8	7.421219E-3
6.440000E-8	8.640957E-3
6.450000E-8	9.918941E-3
6.460000E-8	1.098792E-2
6.470000E-8	1.162863E-2
6.480000E-8	1.182393E-2
6.490000E-8	1.158066E-2
6.500000E-8	1.096737E-2
6.510000E-8	1.018961E-2
6.520000E-8	9.473531E-3
6.530000E-8	8.760875E-3
6.540000E-8	7.904318E-3
6.550000E-8	7.119711E-3
6.560000E-8	6.386498E-3
6.570000E-8	5.896547E-3
6.580000E-8	5.735514E-3
6.590000E-8	6.088416E-3
6.600000E-8	6.807924E-3
6.610000E-8	7.736433E-3
6.620000E-8	8.606695E-3
6.630000E-8	9.322777E-3
6.640000E-8	9.781892E-3
6.650000E-8	1.012794E-2
6.660000E-8	1.021360E-2
6.670000E-8	1.014850E-2
6.680000E-8	9.754482E-3
6.690000E-8	9.223416E-3
6.700000E-8	8.462793E-3
6.710000E-8	7.637072E-3
6.720000E-8	6.897006E-3
6.730000E-8	6.407055E-3
6.740000E-8	6.143236E-3
6.750000E-8	6.228891E-3
6.760000E-8	6.451596E-3
6.770000E-8	6.924416E-3
6.780000E-8	7.424646E-3
6.790000E-8	8.010531E-3
6.800000E-8	8.589564E-3
6.810000E-8	9.130908E-3
6.820000E-8	9.542056E-3
6.830000E-8	9.823007E-3
6.840000E-8	9.812728E-3
6.850000E-8	9.545482E-3
6.860000E-8	9.161744E-3
6.870000E-8	8.555302E-3
6.880000E-8	7.839220E-3
6.890000E-8	7.092301E-3
6.900000E-8	6.324826E-3
6.910000E-8	5.656711E-3
6.920000E-8	5.413449E-3
6.930000E-8	5.591613E-3
6.940000E-8	5.965072E-3
6.950000E-8	6.681154E-3
6.960000E-8	7.404088E-3
6.970000E-8	8.205826E-3
6.980000E-8	8.987007E-3
6.990000E-8	9.737351E-3
7.000000E-8	1.026842E-2
7.010000E-8	1.072068E-2
7.020000E-8	1.047742E-2
7.030000E-8	9.816154E-3
7.040000E-8	8.575859E-3
7.050000E-8	7.150547E-3
7.060000E-8	5.831449E-3
7.070000E-8	4.974891E-3
7.080000E-8	4.632268E-3
7.090000E-8	4.906367E-3
7.100000E-8	5.550498E-3
7.110000E-8	6.314547E-3
7.120000E-8	7.106006E-3
7.130000E-8	7.849498E-3
7.140000E-8	8.476498E-3
7.150000E-8	9.076089E-3
7.160000E-8	9.476957E-3
7.170000E-8	9.747630E-3
7.180000E-8	9.682531E-3
7.190000E-8	9.339908E-3
7.200000E-8	8.517613E-3
7.210000E-8	7.472613E-3
7.220000E-8	6.434465E-3
7.230000E-8	5.577908E-3
7.240000E-8	5.036563E-3
7.250000E-8	4.872104E-3
7.260000E-8	5.022858E-3
7.270000E-8	5.464842E-3
7.280000E-8	6.064432E-3
7.290000E-8	6.718842E-3
7.300000E-8	7.338990E-3
7.310000E-8	8.051646E-3
7.320000E-8	8.733466E-3
7.330000E-8	9.165171E-3
7.340000E-8	9.542056E-3
7.350000E-8	9.716794E-3
7.360000E-8	9.709941E-3
7.370000E-8	9.545482E-3
7.380000E-8	9.175449E-3
7.390000E-8	8.658089E-3
7.400000E-8	8.003679E-3
7.410000E-8	7.181383E-3
7.420000E-8	6.420760E-3
7.430000E-8	5.896547E-3
7.440000E-8	5.615596E-3
7.450000E-8	5.800613E-3
7.460000E-8	6.228891E-3
7.470000E-8	6.746252E-3
7.480000E-8	7.256760E-3
7.490000E-8	7.729580E-3
7.500000E-8	8.123597E-3
7.510000E-8	8.342875E-3
7.520000E-8	8.551875E-3
7.530000E-8	8.555302E-3
7.540000E-8	8.575859E-3
7.550000E-8	8.240088E-3
7.560000E-8	7.825515E-3
7.570000E-8	7.112859E-3
7.580000E-8	6.328252E-3
7.590000E-8	5.341498E-3
7.600000E-8	4.447252E-3
7.610000E-8	3.868219E-3
7.620000E-8	3.789416E-3
7.630000E-8	4.334186E-3
7.640000E-8	5.368908E-3
7.650000E-8	6.694859E-3
7.660000E-8	7.952285E-3
7.670000E-8	8.928761E-3
7.680000E-8	9.257679E-3
7.690000E-8	9.072662E-3
7.700000E-8	8.490203E-3
7.710000E-8	7.914597E-3
7.720000E-8	7.503449E-3
7.730000E-8	7.489744E-3
7.740000E-8	7.510301E-3
7.750000E-8	7.345842E-3
7.760000E-8	6.924416E-3
7.770000E-8	6.256301E-3
7.780000E-8	5.454563E-3
7.790000E-8	4.889235E-3
7.800000E-8	4.690514E-3
7.810000E-8	4.961186E-3
7.820000E-8	5.564203E-3
7.830000E-8	6.372793E-3
7.840000E-8	7.047760E-3
7.850000E-8	7.568547E-3
7.860000E-8	7.945433E-3
7.870000E-8	8.068777E-3
7.880000E-8	7.938580E-3
7.890000E-8	7.654203E-3
7.900000E-8	7.171105E-3
7.910000E-8	6.581793E-3
7.920000E-8	5.852006E-3
7.930000E-8	5.266121E-3
7.940000E-8	4.765891E-3
7.950000E-8	4.519203E-3
7.960000E-8	4.731629E-3
7.970000E-8	5.396318E-3
7.980000E-8	6.386498E-3
7.990000E-8	7.410941E-3
8.000000E-8	8.236662E-3
8.010000E-8	8.719761E-3
8.020000E-8	8.808843E-3
8.030000E-8	8.630679E-3
8.040000E-8	8.332597E-3
8.050000E-8	8.144154E-3
8.060000E-8	7.942006E-3
8.070000E-8	7.664482E-3
8.080000E-8	7.393810E-3
8.090000E-8	6.886728E-3
8.100000E-8	6.386498E-3
8.110000E-8	5.831449E-3
8.120000E-8	5.440859E-3
8.130000E-8	5.416875E-3
8.140000E-8	5.430580E-3
8.150000E-8	5.690973E-3
8.160000E-8	5.995908E-3
8.170000E-8	6.331678E-3
8.180000E-8	6.636613E-3
8.190000E-8	6.818203E-3
8.200000E-8	6.975810E-3
8.210000E-8	7.078596E-3
8.220000E-8	6.934695E-3
8.230000E-8	6.653744E-3
8.240000E-8	6.270006E-3
8.250000E-8	5.649859E-3
8.260000E-8	4.992022E-3
8.270000E-8	4.584301E-3
8.280000E-8	4.375301E-3
8.290000E-8	4.395858E-3
8.300000E-8	4.615137E-3
8.310000E-8	4.961186E-3
8.320000E-8	5.262695E-3
8.330000E-8	5.629301E-3
8.340000E-8	5.934236E-3
8.350000E-8	6.389924E-3
8.360000E-8	6.790793E-3
8.370000E-8	7.116285E-3
8.380000E-8	7.126564E-3
8.390000E-8	6.910711E-3
8.400000E-8	6.482432E-3
8.410000E-8	5.961645E-3
8.420000E-8	5.523088E-3
8.430000E-8	5.338072E-3
8.440000E-8	5.427154E-3
8.450000E-8	5.666990E-3
8.460000E-8	5.725236E-3
8.470000E-8	5.625875E-3
8.480000E-8	5.382613E-3
8.490000E-8	5.105088E-3
8.500000E-8	4.926924E-3
8.510000E-8	5.016006E-3
8.520000E-8	5.334645E-3
8.530000E-8	5.985629E-3
8.540000E-8	6.482432E-3
8.550000E-8	6.780514E-3
8.560000E-8	6.794219E-3
8.570000E-8	6.739400E-3
8.580000E-8	6.544105E-3
8.590000E-8	6.276859E-3
8.600000E-8	5.893121E-3
8.610000E-8	5.344924E-3
8.620000E-8	4.820711E-3
8.630000E-8	4.443826E-3
8.640000E-8	4.221121E-3
8.650000E-8	4.265662E-3
8.660000E-8	4.608285E-3
8.670000E-8	4.909793E-3
8.680000E-8	5.180465E-3
8.690000E-8	5.382613E-3
8.700000E-8	5.543645E-3
8.710000E-8	5.725236E-3
8.720000E-8	5.889695E-3
8.730000E-8	6.108973E-3
8.740000E-8	6.143236E-3
8.750000E-8	6.030170E-3
8.760000E-8	5.701252E-3
8.770000E-8	5.338072E-3
8.780000E-8	4.981744E-3
8.790000E-8	4.741908E-3
8.800000E-8	4.851547E-3
8.810000E-8	4.872104E-3
8.820000E-8	4.988596E-3
8.830000E-8	4.981744E-3
8.840000E-8	5.036563E-3
8.850000E-8	5.122219E-3
8.860000E-8	5.351777E-3
8.870000E-8	5.923957E-3
8.880000E-8	6.574941E-3
8.890000E-8	7.153974E-3
8.900000E-8	7.328711E-3
8.910000E-8	7.291023E-3
8.920000E-8	6.910711E-3
8.930000E-8	6.403629E-3
8.940000E-8	5.766350E-3
8.950000E-8	5.245563E-3
8.960000E-8	4.748760E-3
8.970000E-8	4.341039E-3
8.980000E-8	3.960727E-3
8.990000E-8	4.015547E-3
9.000000E-8	4.344465E-3
9.010000E-8	5.115367E-3
9.020000E-8	6.026744E-3
9.030000E-8	6.790793E-3
9.040000E-8	7.016924E-3
9.050000E-8	6.869596E-3
9.060000E-8	6.369367E-3
9.070000E-8	5.793760E-3
9.080000E-8	5.386039E-3
9.090000E-8	5.211301E-3
9.100000E-8	5.382613E-3
9.110000E-8	5.471695E-3
9.120000E-8	5.300383E-3
9.130000E-8	4.981744E-3
9.140000E-8	4.550039E-3
9.150000E-8	4.108055E-3
9.160000E-8	3.833957E-3
9.170000E-8	4.087498E-3
9.180000E-8	4.484940E-3
9.190000E-8	5.063973E-3
9.200000E-8	5.619022E-3
9.210000E-8	6.235744E-3
9.220000E-8	6.691432E-3
9.230000E-8	7.068318E-3
9.240000E-8	7.088875E-3
9.250000E-8	6.883301E-3
9.260000E-8	6.389924E-3
9.270000E-8	5.595039E-3
9.280000E-8	4.858399E-3
9.290000E-8	4.255383E-3
9.300000E-8	4.029252E-3
9.310000E-8	4.077219E-3
9.320000E-8	4.416416E-3
9.330000E-8	4.854973E-3
9.340000E-8	5.146203E-3
9.350000E-8	5.231858E-3
9.360000E-8	5.177039E-3
9.370000E-8	5.070826E-3
9.380000E-8	4.920072E-3
9.390000E-8	4.916645E-3
9.400000E-8	4.957760E-3
9.410000E-8	4.992022E-3
9.420000E-8	4.848121E-3
9.430000E-8	4.577449E-3
9.440000E-8	4.375301E-3
9.450000E-8	4.358170E-3
9.460000E-8	4.491793E-3
9.470000E-8	4.536334E-3
9.480000E-8	4.440399E-3
9.490000E-8	4.193711E-3
9.500000E-8	3.741448E-3
9.510000E-8	3.487907E-3
9.520000E-8	3.487907E-3
9.530000E-8	4.166301E-3
9.540000E-8	5.016006E-3
9.550000E-8	5.834875E-3
9.560000E-8	6.468728E-3
9.570000E-8	6.650318E-3
9.580000E-8	6.472154E-3
9.590000E-8	6.074711E-3
9.600000E-8	5.454563E-3
9.610000E-8	4.748760E-3
9.620000E-8	4.149170E-3
9.630000E-8	3.762006E-3
9.640000E-8	3.724317E-3
9.650000E-8	4.070367E-3
9.660000E-8	4.471235E-3
9.670000E-8	4.878957E-3
9.680000E-8	4.872104E-3
9.690000E-8	4.464383E-3
9.700000E-8	3.789416E-3
9.710000E-8	3.275481E-3
9.720000E-8	3.220661E-3
9.730000E-8	3.638662E-3
9.740000E-8	4.275940E-3
9.750000E-8	4.944055E-3
9.760000E-8	5.495678E-3
9.770000E-8	5.595039E-3
9.780000E-8	5.324367E-3
9.790000E-8	4.769317E-3
9.800000E-8	4.162875E-3
9.810000E-8	3.796268E-3
9.820000E-8	3.614678E-3
9.830000E-8	3.621530E-3
9.840000E-8	3.762006E-3
9.850000E-8	3.875071E-3
9.860000E-8	3.991563E-3
9.870000E-8	3.971006E-3
9.880000E-8	4.012121E-3
9.890000E-8	4.203989E-3
9.900000E-8	4.515776E-3
9.910000E-8	4.992022E-3
9.920000E-8	5.389465E-3
9.930000E-8	5.793760E-3
9.940000E-8	5.958219E-3
9.950000E-8	5.896547E-3
9.960000E-8	5.512809E-3
9.970000E-8	4.940629E-3
9.980000E-8	4.358170E-3
9.990000E-8	3.940170E-3
1.000000E-7	3.762006E-3
1.001000E-7	3.940170E-3
1.002000E-7	4.310203E-3
1.003000E-7	4.632268E-3
1.004000E-7	4.765891E-3
1.005000E-7	4.574022E-3
1.006000E-7	4.200563E-3
1.007000E-7	3.785989E-3
1.008000E-7	3.481055E-3
1.009000E-7	3.570137E-3
1.010000E-7	4.025826E-3
1.011000E-7	4.669957E-3
1.012000E-7	5.173613E-3
1.013000E-7	5.478547E-3
1.014000E-7	5.399744E-3
1.015000E-7	4.937203E-3
1.016000E-7	4.317055E-3
1.017000E-7	3.792842E-3
1.018000E-7	3.419383E-3
1.019000E-7	3.292612E-3
1.020000E-7	3.412530E-3
1.021000E-7	3.631809E-3
1.022000E-7	3.892203E-3
1.023000E-7	4.156022E-3
1.024000E-7	4.382153E-3
1.025000E-7	4.704219E-3
1.026000E-7	4.985170E-3
1.027000E-7	5.053695E-3
1.028000E-7	5.043416E-3
1.029000E-7	5.087957E-3
1.030000E-7	4.961186E-3
1.031000E-7	4.752186E-3
1.032000E-7	4.553465E-3
1.033000E-7	4.303350E-3
1.034000E-7	4.012121E-3
1.035000E-7	3.724317E-3
1.036000E-7	3.597547E-3
1.037000E-7	3.809973E-3
1.038000E-7	4.368449E-3
1.039000E-7	5.009154E-3
1.040000E-7	5.598465E-3
1.041000E-7	5.995908E-3
1.042000E-7	6.115826E-3
1.043000E-7	6.122678E-3
1.044000E-7	5.821170E-3
1.045000E-7	5.430580E-3
1.046000E-7	4.947481E-3
1.047000E-7	4.502071E-3
1.048000E-7	4.056662E-3
1.049000E-7	3.782563E-3
1.050000E-7	3.583842E-3
1.051000E-7	3.395399E-3
1.052000E-7	3.220661E-3
1.053000E-7	3.244645E-3
1.054000E-7	3.535875E-3
1.055000E-7	4.060088E-3
1.056000E-7	4.419842E-3
1.057000E-7	4.693940E-3
1.058000E-7	4.574022E-3
1.059000E-7	4.108055E-3
1.060000E-7	3.597547E-3
1.061000E-7	3.316596E-3
1.062000E-7	3.230940E-3
1.063000E-7	3.529022E-3
1.064000E-7	3.707186E-3
1.065000E-7	3.703760E-3
1.066000E-7	3.391973E-3
1.067000E-7	2.984252E-3
1.068000E-7	2.675891E-3
1.069000E-7	2.460038E-3
1.070000E-7	2.590235E-3
1.071000E-7	2.857481E-3
1.072000E-7	3.296039E-3
1.073000E-7	3.707186E-3
1.074000E-7	4.073793E-3
1.075000E-7	4.289645E-3
1.076000E-7	4.132039E-3
1.077000E-7	3.744875E-3
1.078000E-7	3.135006E-3
1.079000E-7	2.460038E-3
1.080000E-7	1.877579E-3
1.081000E-7	1.726825E-3
1.082000E-7	1.963235E-3
1.083000E-7	2.336694E-3
1.084000E-7	2.771825E-3
1.085000E-7	3.172694E-3
1.086000E-7	3.316596E-3
1.087000E-7	3.244645E-3
1.088000E-7	3.391973E-3
1.089000E-7	3.559858E-3
1.090000E-7	3.953875E-3
1.091000E-7	4.464383E-3
1.092000E-7	4.872104E-3
1.093000E-7	5.002301E-3
1.094000E-7	4.776170E-3
1.095000E-7	4.341039E-3
1.096000E-7	3.936744E-3
1.097000E-7	3.690055E-3
1.098000E-7	3.628383E-3
1.099000E-7	3.631809E-3
1.100000E-7	3.779137E-3
1.101000E-7	3.796268E-3
1.102000E-7	3.792842E-3
1.103000E-7	3.878498E-3
1.104000E-7	3.816825E-3
1.105000E-7	3.806547E-3
1.106000E-7	3.659219E-3
1.107000E-7	3.587268E-3
1.108000E-7	3.525596E-3
1.109000E-7	3.587268E-3
1.110000E-7	3.977858E-3
1.111000E-7	4.543186E-3
1.112000E-7	5.043416E-3
1.113000E-7	5.399744E-3
1.114000E-7	5.320940E-3
1.115000E-7	5.087957E-3
1.116000E-7	4.546612E-3
1.117000E-7	4.125186E-3
1.118000E-7	3.823678E-3
1.119000E-7	3.563284E-3
1.120000E-7	3.378268E-3
1.121000E-7	3.097317E-3
1.122000E-7	2.943137E-3
1.123000E-7	2.823219E-3
1.124000E-7	2.926006E-3
1.125000E-7	3.148711E-3
1.126000E-7	3.587268E-3
1.127000E-7	3.936744E-3
1.128000E-7	4.104629E-3
1.129000E-7	4.149170E-3
1.130000E-7	4.114907E-3
1.131000E-7	4.049809E-3
1.132000E-7	4.025826E-3
1.133000E-7	4.005268E-3
1.134000E-7	3.840809E-3
1.135000E-7	3.621530E-3
1.136000E-7	3.220661E-3
1.137000E-7	2.847202E-3
1.138000E-7	2.648481E-3
1.139000E-7	2.597088E-3
1.140000E-7	2.860907E-3
1.141000E-7	3.296039E-3
1.142000E-7	3.796268E-3
1.143000E-7	4.121760E-3
1.144000E-7	4.203989E-3
1.145000E-7	3.919612E-3
1.146000E-7	3.631809E-3
1.147000E-7	3.426235E-3
1.148000E-7	3.378268E-3
1.149000E-7	3.412530E-3
1.150000E-7	3.542727E-3
1.151000E-7	3.439940E-3
1.152000E-7	3.165842E-3
1.153000E-7	2.857481E-3
1.154000E-7	2.737563E-3
1.155000E-7	2.908875E-3
1.156000E-7	3.309743E-3
1.157000E-7	3.803121E-3
1.158000E-7	4.142317E-3
1.159000E-7	4.173153E-3
1.160000E-7	3.950448E-3
1.161000E-7	3.460498E-3
1.162000E-7	3.073334E-3
1.163000E-7	2.898596E-3
1.164000E-7	3.076760E-3
1.165000E-7	3.357711E-3
1.166000E-7	3.768858E-3
1.167000E-7	4.200563E-3
1.168000E-7	4.327334E-3
1.169000E-7	4.217694E-3
1.170000E-7	3.806547E-3
1.171000E-7	3.357711E-3
1.172000E-7	2.943137E-3
1.173000E-7	2.675891E-3
1.174000E-7	2.597088E-3
1.175000E-7	2.857481E-3
1.176000E-7	3.080186E-3
1.177000E-7	3.337153E-3
1.178000E-7	3.446793E-3
1.179000E-7	3.645514E-3
1.180000E-7	3.854514E-3
1.181000E-7	4.265662E-3
1.182000E-7	4.502071E-3
1.183000E-7	4.697367E-3
1.184000E-7	4.693940E-3
1.185000E-7	4.392432E-3
1.186000E-7	3.960727E-3
1.187000E-7	3.484481E-3
1.188000E-7	3.152137E-3
1.189000E-7	2.997957E-3
1.190000E-7	3.042497E-3
1.191000E-7	3.224088E-3
1.192000E-7	3.292612E-3
1.193000E-7	3.344006E-3
1.194000E-7	3.265202E-3
1.195000E-7	3.093891E-3
1.196000E-7	2.823219E-3
1.197000E-7	2.751268E-3
1.198000E-7	2.788956E-3
1.199000E-7	3.193252E-3
1.200000E-7	3.587268E-3
1.201000E-7	3.916186E-3
1.202000E-7	3.905907E-3
1.203000E-7	3.511891E-3
1.204000E-7	2.915727E-3
1.205000E-7	2.285301E-3
1.206000E-7	1.987219E-3
1.207000E-7	2.100284E-3
1.208000E-7	2.569678E-3
1.209000E-7	3.224088E-3
1.210000E-7	3.779137E-3
1.211000E-7	3.950448E-3
1.212000E-7	3.611252E-3
1.213000E-7	2.912301E-3
1.214000E-7	2.206497E-3
1.215000E-7	1.850169E-3
1.216000E-7	1.928973E-3
1.217000E-7	2.501153E-3
1.218000E-7	3.258350E-3
1.219000E-7	4.025826E-3
1.220000E-7	4.344465E-3
1.221000E-7	4.251957E-3
1.222000E-7	3.844235E-3
1.223000E-7	3.371416E-3
1.224000E-7	3.049350E-3
1.225000E-7	2.830071E-3
1.226000E-7	2.758120E-3
1.227000E-7	2.792383E-3
1.228000E-7	2.782104E-3
1.229000E-7	2.816366E-3
1.230000E-7	2.905448E-3
1.231000E-7	3.042497E-3
1.232000E-7	3.176120E-3
1.233000E-7	3.364563E-3
1.234000E-7	3.443366E-3
1.235000E-7	3.436514E-3
1.236000E-7	3.210383E-3
1.237000E-7	2.932858E-3
1.238000E-7	2.597088E-3
1.239000E-7	2.309284E-3
1.240000E-7	2.247612E-3
1.241000E-7	2.384661E-3
1.242000E-7	2.713579E-3
1.243000E-7	3.104170E-3
1.244000E-7	3.381694E-3
1.245000E-7	3.491334E-3
1.246000E-7	3.457071E-3
1.247000E-7	3.395399E-3
1.248000E-7	3.333727E-3
1.249000E-7	3.374842E-3
1.250000E-7	3.679776E-3
1.251000E-7	3.861366E-3
1.252000E-7	3.912760E-3
1.253000E-7	3.642088E-3
1.254000E-7	3.254924E-3
1.255000E-7	2.970547E-3
1.256000E-7	2.603940E-3
1.257000E-7	2.511432E-3
1.258000E-7	2.456612E-3
1.259000E-7	2.501153E-3
1.260000E-7	2.586809E-3
1.261000E-7	2.771825E-3
1.262000E-7	2.891743E-3
1.263000E-7	3.111022E-3
1.264000E-7	3.422809E-3
1.265000E-7	3.789416E-3
1.266000E-7	4.121760E-3
1.267000E-7	4.306776E-3
1.268000E-7	4.341039E-3
1.269000E-7	4.125186E-3
1.270000E-7	3.885350E-3
1.271000E-7	3.563284E-3
1.272000E-7	3.467350E-3
1.273000E-7	3.439940E-3
1.274000E-7	3.419383E-3
1.275000E-7	3.282334E-3
1.276000E-7	2.987678E-3
1.277000E-7	2.590235E-3
1.278000E-7	2.206497E-3
1.279000E-7	2.144825E-3
1.280000E-7	2.542268E-3
1.281000E-7	3.069907E-3
1.282000E-7	3.676350E-3
1.283000E-7	3.947022E-3
1.284000E-7	3.809973E-3
1.285000E-7	3.354284E-3
1.286000E-7	2.809514E-3
1.287000E-7	2.408645E-3
1.288000E-7	2.326415E-3
1.289000E-7	2.569678E-3
1.290000E-7	3.018514E-3
1.291000E-7	3.241219E-3
1.292000E-7	3.398825E-3
1.293000E-7	3.248071E-3
1.294000E-7	2.987678E-3
1.295000E-7	2.809514E-3
1.296000E-7	2.693022E-3
1.297000E-7	2.720432E-3
1.298000E-7	2.830071E-3
1.299000E-7	3.015088E-3
1.300000E-7	3.203530E-3
1.301000E-7	3.350858E-3
1.302000E-7	3.511891E-3
1.303000E-7	3.659219E-3
1.304000E-7	3.809973E-3
1.305000E-7	3.700334E-3
1.306000E-7	3.388547E-3
1.307000E-7	2.980825E-3
1.308000E-7	2.771825E-3
1.309000E-7	2.686170E-3
1.310000E-7	2.871186E-3
1.311000E-7	3.131579E-3
1.312000E-7	3.309743E-3
1.313000E-7	3.272055E-3
1.314000E-7	3.004809E-3
1.315000E-7	2.627924E-3
1.316000E-7	2.333268E-3
1.317000E-7	2.216776E-3
1.318000E-7	2.261317E-3
1.319000E-7	2.285301E-3
1.320000E-7	2.199645E-3
1.321000E-7	2.103710E-3
1.322000E-7	1.963235E-3
1.323000E-7	1.695989E-3
1.324000E-7	1.391055E-3
1.325000E-7	1.185481E-3
1.326000E-7	1.106678E-3
1.327000E-7	1.014169E-3
1.328000E-7	1.233448E-3
1.329000E-7	1.435596E-3
1.330000E-7	1.771366E-3
1.331000E-7	1.898137E-3
1.332000E-7	2.216776E-3
1.333000E-7	2.357251E-3
1.334000E-7	2.651907E-3
1.335000E-7	3.021940E-3
1.336000E-7	3.419383E-3
1.337000E-7	3.607825E-3
1.338000E-7	3.587268E-3
1.339000E-7	3.344006E-3
1.340000E-7	2.963694E-3
1.341000E-7	2.669038E-3
1.342000E-7	2.388088E-3
1.343000E-7	2.401792E-3
1.344000E-7	2.449760E-3
1.345000E-7	2.552547E-3
1.346000E-7	2.466891E-3
1.347000E-7	2.370956E-3
1.348000E-7	2.134547E-3
1.349000E-7	2.175661E-3
1.350000E-7	2.453186E-3
1.351000E-7	3.004809E-3
1.352000E-7	3.679776E-3
1.353000E-7	4.299924E-3
1.354000E-7	4.608285E-3
1.355000E-7	4.598006E-3
1.356000E-7	4.262235E-3
1.357000E-7	3.628383E-3
1.358000E-7	3.066481E-3
1.359000E-7	2.600514E-3
1.360000E-7	2.381235E-3
1.361000E-7	2.374383E-3
1.362000E-7	2.309284E-3
1.363000E-7	2.316137E-3
1.364000E-7	2.319563E-3
1.365000E-7	2.230481E-3
1.366000E-7	2.148251E-3
1.367000E-7	2.196219E-3
1.368000E-7	2.364104E-3
1.369000E-7	2.778678E-3
1.370000E-7	3.200104E-3
1.371000E-7	3.573563E-3
1.372000E-7	3.775711E-3
1.373000E-7	3.762006E-3
1.374000E-7	3.587268E-3
1.375000E-7	3.165842E-3
1.376000E-7	2.871186E-3
1.377000E-7	2.603940E-3
1.378000E-7	2.473743E-3
1.379000E-7	2.484022E-3
1.380000E-7	2.566252E-3
1.381000E-7	2.679317E-3
1.382000E-7	2.744415E-3
1.383000E-7	2.699874E-3
1.384000E-7	2.614219E-3
1.385000E-7	2.607366E-3
1.386000E-7	2.655334E-3
1.387000E-7	2.778678E-3
1.388000E-7	2.806088E-3
1.389000E-7	2.771825E-3
1.390000E-7	2.710153E-3
1.391000E-7	2.610793E-3
1.392000E-7	2.569678E-3
1.393000E-7	2.583383E-3
1.394000E-7	2.696448E-3
1.395000E-7	2.638202E-3
1.396000E-7	2.627924E-3
1.397000E-7	2.607366E-3
1.398000E-7	2.422350E-3
1.399000E-7	2.394940E-3
1.400000E-7	2.463465E-3
1.401000E-7	2.514858E-3
1.402000E-7	2.429202E-3
1.403000E-7	2.257891E-3
1.404000E-7	1.956383E-3
1.405000E-7	1.675432E-3
1.406000E-7	1.545235E-3
1.407000E-7	1.716546E-3
1.408000E-7	1.973514E-3
1.409000E-7	2.418924E-3
1.410000E-7	2.627924E-3
1.411000E-7	2.394940E-3
1.412000E-7	1.932399E-3
1.413000E-7	1.223169E-3
1.414000E-7	7.058086E-4
1.415000E-7	6.475627E-4
1.416000E-7	9.319398E-4
1.417000E-7	1.730251E-3
1.418000E-7	2.518284E-3
1.419000E-7	3.230940E-3
1.420000E-7	3.487907E-3
1.421000E-7	3.323448E-3
1.422000E-7	2.864334E-3
1.423000E-7	2.490874E-3
1.424000E-7	2.384661E-3
1.425000E-7	2.429202E-3
1.426000E-7	2.672465E-3
1.427000E-7	2.919153E-3
1.428000E-7	2.970547E-3
1.429000E-7	2.874612E-3
1.430000E-7	2.641629E-3
1.431000E-7	2.415497E-3
1.432000E-7	2.473743E-3
1.433000E-7	2.645055E-3
1.434000E-7	2.888317E-3
1.435000E-7	2.970547E-3
1.436000E-7	2.799235E-3
1.437000E-7	2.425776E-3
1.438000E-7	2.007776E-3
1.439000E-7	1.767940E-3
1.440000E-7	1.884432E-3
1.441000E-7	2.172235E-3
1.442000E-7	2.518284E-3
1.443000E-7	2.665612E-3
1.444000E-7	2.675891E-3
1.445000E-7	2.603940E-3
1.446000E-7	2.617645E-3
1.447000E-7	2.826645E-3
1.448000E-7	3.090465E-3
1.449000E-7	3.292612E-3
1.450000E-7	3.313170E-3
1.451000E-7	3.097317E-3
1.452000E-7	2.621071E-3
1.453000E-7	2.364104E-3
1.454000E-7	2.254465E-3
1.455000E-7	2.281874E-3
1.456000E-7	2.525137E-3
1.457000E-7	2.737563E-3
1.458000E-7	2.919153E-3
1.459000E-7	3.066481E-3
1.460000E-7	3.141858E-3
1.461000E-7	3.152137E-3
1.462000E-7	3.193252E-3
1.463000E-7	3.148711E-3
1.464000E-7	3.135006E-3
1.465000E-7	3.121301E-3
1.466000E-7	3.138432E-3
1.467000E-7	3.138432E-3
1.468000E-7	2.864334E-3
1.469000E-7	2.504579E-3
1.470000E-7	2.141399E-3
1.471000E-7	1.928973E-3
1.472000E-7	2.045465E-3
1.473000E-7	2.449760E-3
1.474000E-7	2.922579E-3
1.475000E-7	3.405678E-3
1.476000E-7	3.590694E-3
1.477000E-7	3.415957E-3
1.478000E-7	2.908875E-3
1.479000E-7	2.275022E-3
1.480000E-7	1.702842E-3
1.481000E-7	1.445874E-3
1.482000E-7	1.439022E-3
1.483000E-7	1.658301E-3
1.484000E-7	1.894710E-3
1.485000E-7	2.144825E-3
1.486000E-7	2.254465E-3
1.487000E-7	2.357251E-3
1.488000E-7	2.360678E-3
1.489000E-7	2.412071E-3
1.490000E-7	2.555973E-3
1.491000E-7	2.857481E-3
1.492000E-7	3.035645E-3
1.493000E-7	3.224088E-3
1.494000E-7	3.333727E-3
1.495000E-7	3.313170E-3
1.496000E-7	3.241219E-3
1.497000E-7	2.970547E-3
1.498000E-7	2.665612E-3
1.499000E-7	2.189366E-3
1.500000E-7	1.863874E-3
1.501000E-7	1.767940E-3
1.502000E-7	1.754235E-3
1.503000E-7	1.922120E-3
1.504000E-7	2.113989E-3
1.505000E-7	2.271596E-3
1.506000E-7	2.425776E-3
1.507000E-7	2.449760E-3
1.508000E-7	2.504579E-3
1.509000E-7	2.549120E-3
1.510000E-7	2.549120E-3
1.511000E-7	2.511432E-3
1.512000E-7	2.576530E-3
1.513000E-7	2.624497E-3
1.514000E-7	2.706727E-3
1.515000E-7	2.778678E-3
1.516000E-7	2.764973E-3
1.517000E-7	2.658760E-3
1.518000E-7	2.401792E-3
1.519000E-7	2.151678E-3
1.520000E-7	2.103710E-3
1.521000E-7	2.206497E-3
1.522000E-7	2.586809E-3
1.523000E-7	3.052776E-3
1.524000E-7	3.337153E-3
1.525000E-7	3.302891E-3
1.526000E-7	3.131579E-3
1.527000E-7	2.579956E-3
1.528000E-7	2.072874E-3
1.529000E-7	1.576071E-3
1.530000E-7	1.274563E-3
1.531000E-7	1.308825E-3
1.532000E-7	1.493842E-3
1.533000E-7	1.829612E-3
1.534000E-7	2.216776E-3
1.535000E-7	2.552547E-3
1.536000E-7	2.655334E-3
1.537000E-7	2.607366E-3
1.538000E-7	2.501153E-3
1.539000E-7	2.432629E-3
1.540000E-7	2.364104E-3
1.541000E-7	2.360678E-3
1.542000E-7	2.151678E-3
1.543000E-7	1.925547E-3
1.544000E-7	1.918694E-3
1.545000E-7	2.035186E-3
1.546000E-7	2.473743E-3
1.547000E-7	2.970547E-3
1.548000E-7	3.446793E-3
1.549000E-7	3.566711E-3
1.550000E-7	3.320022E-3
1.551000E-7	2.847202E-3
1.552000E-7	2.292153E-3
1.553000E-7	2.035186E-3
1.554000E-7	2.076301E-3
1.555000E-7	2.199645E-3
1.556000E-7	2.442907E-3
1.557000E-7	2.573104E-3
1.558000E-7	2.531989E-3
1.559000E-7	2.521711E-3
1.560000E-7	2.418924E-3
1.561000E-7	2.381235E-3
1.562000E-7	2.418924E-3
1.563000E-7	2.412071E-3
1.564000E-7	2.460038E-3
1.565000E-7	2.504579E-3
1.566000E-7	2.473743E-3
1.567000E-7	2.254465E-3
1.568000E-7	2.100284E-3
1.569000E-7	1.976940E-3
1.570000E-7	1.976940E-3
1.571000E-7	2.079727E-3
1.572000E-7	2.172235E-3
1.573000E-7	2.456612E-3
1.574000E-7	2.693022E-3
1.575000E-7	2.939711E-3
1.576000E-7	2.949989E-3
1.577000E-7	2.960268E-3
1.578000E-7	2.854055E-3
1.579000E-7	2.631350E-3
1.580000E-7	2.322989E-3
1.581000E-7	2.011202E-3
1.582000E-7	1.754235E-3
1.583000E-7	1.648022E-3
1.584000E-7	1.552087E-3
1.585000E-7	1.600055E-3
1.586000E-7	1.637743E-3
1.587000E-7	1.764514E-3
1.588000E-7	1.606907E-3
1.589000E-7	1.565792E-3
1.590000E-7	1.510973E-3
1.591000E-7	1.387628E-3
1.592000E-7	1.247153E-3
1.593000E-7	1.226596E-3
1.594000E-7	1.322530E-3
1.595000E-7	1.576071E-3
1.596000E-7	1.846743E-3
1.597000E-7	1.908415E-3
1.598000E-7	1.987219E-3
1.599000E-7	1.976940E-3
1.600000E-7	1.915268E-3
1.601000E-7	1.939251E-3
1.602000E-7	1.839891E-3
1.603000E-7	1.740530E-3
1.604000E-7	1.603481E-3
1.605000E-7	1.521251E-3
1.606000E-7	1.531530E-3
1.607000E-7	1.593202E-3
1.608000E-7	1.788497E-3
1.609000E-7	1.894710E-3
1.610000E-7	2.045465E-3
1.611000E-7	2.110563E-3
1.612000E-7	2.275022E-3
1.613000E-7	2.569678E-3
1.614000E-7	2.867760E-3
1.615000E-7	2.967120E-3
1.616000E-7	2.854055E-3
1.617000E-7	2.394940E-3
1.618000E-7	1.809055E-3
1.619000E-7	1.384202E-3
1.620000E-7	1.192333E-3
1.621000E-7	1.387628E-3
1.622000E-7	1.767940E-3
1.623000E-7	2.172235E-3
1.624000E-7	2.463465E-3
1.625000E-7	2.549120E-3
1.626000E-7	2.590235E-3
1.627000E-7	2.501153E-3
1.628000E-7	2.514858E-3
1.629000E-7	2.466891E-3
1.630000E-7	2.555973E-3
1.631000E-7	2.593661E-3
1.632000E-7	2.641629E-3
1.633000E-7	2.693022E-3
1.634000E-7	2.631350E-3
1.635000E-7	2.679317E-3
1.636000E-7	2.658760E-3
1.637000E-7	2.669038E-3
1.638000E-7	2.665612E-3
1.639000E-7	2.559399E-3
1.640000E-7	2.514858E-3
1.641000E-7	2.494301E-3
1.642000E-7	2.412071E-3
1.643000E-7	2.453186E-3
1.644000E-7	2.494301E-3
1.645000E-7	2.391514E-3
1.646000E-7	2.203071E-3
1.647000E-7	1.860448E-3
1.648000E-7	1.713120E-3
1.649000E-7	1.685710E-3
1.650000E-7	1.826186E-3
1.651000E-7	2.055743E-3
1.652000E-7	2.271596E-3
1.653000E-7	2.233907E-3
1.654000E-7	1.915268E-3
1.655000E-7	1.524678E-3
1.656000E-7	1.233448E-3
1.657000E-7	1.140940E-3
1.658000E-7	1.442448E-3
1.659000E-7	2.062596E-3
1.660000E-7	2.840350E-3
1.661000E-7	3.539301E-3
1.662000E-7	3.785989E-3
1.663000E-7	3.748301E-3
1.664000E-7	3.333727E-3
1.665000E-7	2.641629E-3
1.666000E-7	1.956383E-3
1.667000E-7	1.466432E-3
1.668000E-7	1.315678E-3
1.669000E-7	1.435596E-3
1.670000E-7	1.699415E-3
1.671000E-7	1.870727E-3
1.672000E-7	1.826186E-3
1.673000E-7	1.665153E-3
1.674000E-7	1.439022E-3
1.675000E-7	1.301973E-3
1.676000E-7	1.380776E-3
1.677000E-7	1.600055E-3
1.678000E-7	1.994071E-3
1.679000E-7	2.247612E-3
1.680000E-7	2.278448E-3
1.681000E-7	2.086579E-3
1.682000E-7	1.809055E-3
1.683000E-7	1.695989E-3
1.684000E-7	1.569219E-3
1.685000E-7	1.658301E-3
1.686000E-7	1.839891E-3
1.687000E-7	2.018055E-3
1.688000E-7	2.203071E-3
1.689000E-7	2.216776E-3
1.690000E-7	1.994071E-3
1.691000E-7	1.781645E-3
1.692000E-7	1.589776E-3
1.693000E-7	1.397907E-3
1.694000E-7	1.315678E-3
1.695000E-7	1.329382E-3
1.696000E-7	1.397907E-3
1.697000E-7	1.579497E-3
1.698000E-7	1.692563E-3
1.699000E-7	1.778219E-3
1.700000E-7	1.952956E-3
1.701000E-7	2.158530E-3
1.702000E-7	2.292153E-3
1.703000E-7	2.449760E-3
1.704000E-7	2.603940E-3
1.705000E-7	2.703301E-3
1.706000E-7	2.665612E-3
1.707000E-7	2.542268E-3
1.708000E-7	2.494301E-3
1.709000E-7	2.511432E-3
1.710000E-7	2.487448E-3
1.711000E-7	2.456612E-3
1.712000E-7	2.405219E-3
1.713000E-7	2.158530E-3
1.714000E-7	1.857022E-3
1.715000E-7	1.445874E-3
1.716000E-7	1.140940E-3
1.717000E-7	9.730546E-4
1.718000E-7	1.151219E-3
1.719000E-7	1.507546E-3
1.720000E-7	1.970087E-3
1.721000E-7	2.377809E-3
1.722000E-7	2.600514E-3
1.723000E-7	2.494301E-3
1.724000E-7	2.124268E-3
1.725000E-7	1.706268E-3
1.726000E-7	1.356792E-3
1.727000E-7	1.216317E-3
1.728000E-7	1.473284E-3
1.729000E-7	1.874153E-3
1.730000E-7	2.367530E-3
1.731000E-7	2.693022E-3
1.732000E-7	2.884891E-3
1.733000E-7	2.840350E-3
1.734000E-7	2.559399E-3
1.735000E-7	2.230481E-3
1.736000E-7	1.994071E-3
1.737000E-7	1.819333E-3
1.738000E-7	1.867301E-3
1.739000E-7	2.137973E-3
1.740000E-7	2.391514E-3
1.741000E-7	2.751268E-3
1.742000E-7	2.922579E-3
1.743000E-7	2.857481E-3
1.744000E-7	2.538842E-3
1.745000E-7	2.155104E-3
1.746000E-7	1.754235E-3
1.747000E-7	1.466432E-3
1.748000E-7	1.271137E-3
1.749000E-7	1.233448E-3
1.750000E-7	1.401333E-3
1.751000E-7	1.809055E-3
1.752000E-7	2.333268E-3
1.753000E-7	2.902022E-3
1.754000E-7	3.169268E-3
1.755000E-7	3.237793E-3
1.756000E-7	3.015088E-3
1.757000E-7	2.549120E-3
1.758000E-7	2.148251E-3
1.759000E-7	2.004350E-3
1.760000E-7	2.066022E-3
1.761000E-7	2.230481E-3
1.762000E-7	2.374383E-3
1.763000E-7	2.446333E-3
1.764000E-7	2.319563E-3
1.765000E-7	2.182514E-3
1.766000E-7	2.028333E-3
1.767000E-7	1.932399E-3
1.768000E-7	1.932399E-3
1.769000E-7	2.042038E-3
1.770000E-7	2.230481E-3
1.771000E-7	2.281874E-3
1.772000E-7	2.370956E-3
1.773000E-7	2.398366E-3
1.774000E-7	2.360678E-3
1.775000E-7	2.189366E-3
1.776000E-7	2.024907E-3
1.777000E-7	1.918694E-3
1.778000E-7	1.939251E-3
1.779000E-7	2.055743E-3
1.780000E-7	2.203071E-3
1.781000E-7	2.264743E-3
1.782000E-7	2.007776E-3
1.783000E-7	1.689137E-3
1.784000E-7	1.055284E-3
1.785000E-7	4.419889E-4
1.786000E-7	2.398884E-5
1.787000E-7	8.223475E-5
1.788000E-7	4.865299E-4
1.789000E-7	1.086120E-3
1.790000E-7	1.641169E-3
1.791000E-7	1.850169E-3
1.792000E-7	1.630891E-3
1.793000E-7	1.319104E-3
1.794000E-7	1.024448E-3
1.795000E-7	9.662021E-4
1.796000E-7	1.178628E-3
1.797000E-7	1.617186E-3
1.798000E-7	1.973514E-3
1.799000E-7	2.203071E-3
1.800000E-7	2.168809E-3
1.801000E-7	1.973514E-3
1.802000E-7	1.737104E-3
1.803000E-7	1.730251E-3
1.804000E-7	1.757661E-3
1.805000E-7	1.939251E-3
1.806000E-7	2.048891E-3
1.807000E-7	2.120842E-3
1.808000E-7	2.261317E-3
1.809000E-7	2.340120E-3
1.810000E-7	2.531989E-3
1.811000E-7	2.672465E-3
1.812000E-7	2.699874E-3
1.813000E-7	2.514858E-3
1.814000E-7	2.165383E-3
1.815000E-7	1.620612E-3
1.816000E-7	1.175202E-3
1.817000E-7	1.202612E-3
1.818000E-7	1.641169E-3
1.819000E-7	2.275022E-3
1.820000E-7	2.823219E-3
1.821000E-7	3.090465E-3
1.822000E-7	2.939711E-3
1.823000E-7	2.360678E-3
1.824000E-7	1.637743E-3
1.825000E-7	1.000464E-3
1.826000E-7	6.509889E-4
1.827000E-7	6.749725E-4
1.828000E-7	1.062137E-3
1.829000E-7	1.644596E-3
1.830000E-7	2.018055E-3
1.831000E-7	2.069448E-3
1.832000E-7	1.860448E-3
1.833000E-7	1.493842E-3
1.834000E-7	1.092973E-3
1.835000E-7	1.068989E-3
1.836000E-7	1.319104E-3
1.837000E-7	1.850169E-3
1.838000E-7	2.405219E-3
1.839000E-7	2.651907E-3
1.840000E-7	2.627924E-3
1.841000E-7	2.456612E-3
1.842000E-7	2.103710E-3
1.843000E-7	1.815907E-3
1.844000E-7	1.613760E-3
1.845000E-7	1.319104E-3
1.846000E-7	1.216317E-3
1.847000E-7	1.281415E-3
1.848000E-7	1.480137E-3
1.849000E-7	1.829612E-3
1.850000E-7	2.233907E-3
1.851000E-7	2.689596E-3
1.852000E-7	2.874612E-3
1.853000E-7	2.761547E-3
1.854000E-7	2.374383E-3
1.855000E-7	1.795350E-3
1.856000E-7	1.322530E-3
1.857000E-7	1.000464E-3
1.858000E-7	8.908250E-4
1.859000E-7	1.075841E-3
1.860000E-7	1.528104E-3
1.861000E-7	2.079727E-3
1.862000E-7	2.573104E-3
1.863000E-7	2.717006E-3
1.864000E-7	2.597088E-3
1.865000E-7	2.209924E-3
1.866000E-7	1.822760E-3
1.867000E-7	1.483563E-3
1.868000E-7	1.353366E-3
1.869000E-7	1.514399E-3
1.870000E-7	1.685710E-3
1.871000E-7	1.932399E-3
1.872000E-7	1.956383E-3
1.873000E-7	1.805628E-3
1.874000E-7	1.665153E-3
1.875000E-7	1.579497E-3
1.876000E-7	1.613760E-3
1.877000E-7	1.904989E-3
1.878000E-7	2.161956E-3
1.879000E-7	2.456612E-3
1.880000E-7	2.466891E-3
1.881000E-7	2.394940E-3
1.882000E-7	2.062596E-3
1.883000E-7	1.983792E-3
1.884000E-7	1.966661E-3
1.885000E-7	2.069448E-3
1.886000E-7	2.305858E-3
1.887000E-7	2.415497E-3
1.888000E-7	2.346973E-3
1.889000E-7	2.086579E-3
1.890000E-7	1.764514E-3
1.891000E-7	1.685710E-3
1.892000E-7	1.785071E-3
1.893000E-7	2.113989E-3
1.894000E-7	2.634776E-3
1.895000E-7	3.059629E-3
1.896000E-7	3.268629E-3
1.897000E-7	3.165842E-3
1.898000E-7	2.788956E-3
1.899000E-7	2.449760E-3
1.900000E-7	2.134547E-3
1.901000E-7	2.086579E-3
1.902000E-7	2.206497E-3
1.903000E-7	2.432629E-3
1.904000E-7	2.788956E-3
1.905000E-7	2.898596E-3
1.906000E-7	2.905448E-3
1.907000E-7	2.699874E-3
1.908000E-7	2.151678E-3
1.909000E-7	1.634317E-3
1.910000E-7	1.240301E-3
1.911000E-7	1.161497E-3
1.912000E-7	1.456153E-3
1.913000E-7	1.935825E-3
1.914000E-7	2.408645E-3
1.915000E-7	2.860907E-3
1.916000E-7	3.032219E-3
1.917000E-7	3.093891E-3
1.918000E-7	3.097317E-3
1.919000E-7	3.145284E-3
1.920000E-7	3.210383E-3
1.921000E-7	3.200104E-3
1.922000E-7	3.001383E-3
1.923000E-7	2.655334E-3
1.924000E-7	2.213350E-3
1.925000E-7	1.908415E-3
1.926000E-7	1.750809E-3
1.927000E-7	1.939251E-3
1.928000E-7	2.144825E-3
1.929000E-7	2.405219E-3
1.930000E-7	2.754694E-3
1.931000E-7	3.032219E-3
1.932000E-7	3.138432E-3
1.933000E-7	3.200104E-3
1.934000E-7	3.145284E-3
1.935000E-7	3.104170E-3
1.936000E-7	3.045924E-3
1.937000E-7	2.960268E-3
1.938000E-7	2.823219E-3
1.939000E-7	2.504579E-3
1.940000E-7	2.028333E-3
1.941000E-7	1.600055E-3
1.942000E-7	1.373923E-3
1.943000E-7	1.360219E-3
1.944000E-7	1.665153E-3
1.945000E-7	2.165383E-3
1.946000E-7	2.453186E-3
1.947000E-7	2.521711E-3
1.948000E-7	2.432629E-3
1.949000E-7	2.264743E-3
1.950000E-7	2.257891E-3
1.951000E-7	2.432629E-3
1.952000E-7	2.699874E-3
1.953000E-7	2.874612E-3
1.954000E-7	2.881465E-3
1.955000E-7	2.710153E-3
1.956000E-7	2.525137E-3
1.957000E-7	2.374383E-3
1.958000E-7	2.463465E-3
1.959000E-7	2.651907E-3
1.960000E-7	2.850629E-3
1.961000E-7	3.011661E-3
1.962000E-7	3.035645E-3
1.963000E-7	3.008235E-3
1.964000E-7	2.977399E-3
1.965000E-7	2.737563E-3
1.966000E-7	2.432629E-3
1.967000E-7	2.062596E-3
1.968000E-7	1.548661E-3
1.969000E-7	1.209464E-3
1.970000E-7	1.147792E-3
1.971000E-7	1.387628E-3
1.972000E-7	1.658301E-3
1.973000E-7	2.055743E-3
1.974000E-7	2.309284E-3
1.975000E-7	2.350399E-3
1.976000E-7	2.275022E-3
1.977000E-7	2.278448E-3
1.978000E-7	2.299006E-3
1.979000E-7	2.552547E-3
1.980000E-7	2.860907E-3
1.981000E-7	3.124727E-3
1.982000E-7	3.241219E-3
1.983000E-7	3.045924E-3
1.984000E-7	2.881465E-3
1.985000E-7	2.823219E-3
1.986000E-7	2.775252E-3
1.987000E-7	2.785530E-3
1.988000E-7	2.823219E-3
1.989000E-7	2.936284E-3
1.990000E-7	3.042497E-3
1.991000E-7	3.162416E-3
1.992000E-7	3.224088E-3
1.993000E-7	3.261776E-3
1.994000E-7	3.186399E-3
1.995000E-7	2.908875E-3
1.996000E-7	2.531989E-3
1.997000E-7	2.185940E-3
1.998000E-7	1.839891E-3
1.999000E-7	1.754235E-3
2.000000E-7	1.860448E-3
2.001000E-7	2.100284E-3
