Study Name	Beam_cont_045-04_RT_lecroy
Sample Name	2025-03-19
Run Name	spot00
Operator	Elena
Date	3/19/2025
Time	13:51
Sign	FIX
Grating Spacing	03.40um
Channel	3
Number Traces	2000
Files in Batch	6
Batch Number	13
dt	100.000001E-12
time stamp (ms)	1:53:38 PM
	
Time	Amplitude
0.000000E+0	1.370544E-4
1.000000E-10	7.195135E-4
2.000000E-10	9.353660E-4
3.000000E-10	1.048432E-3
4.000000E-10	1.055284E-3
5.000000E-10	1.099825E-3
6.000000E-10	1.007317E-3
7.000000E-10	1.007317E-3
8.000000E-10	9.730546E-4
9.000000E-10	8.497103E-4
1.000000E-9	6.235791E-4
1.100000E-9	4.180053E-4
1.200000E-9	2.912348E-4
1.300000E-9	2.980872E-4
1.400000E-9	3.254971E-4
1.500000E-9	3.323495E-4
1.600000E-9	5.002348E-4
1.700000E-9	6.441365E-4
1.800000E-9	7.880381E-4
1.900000E-9	9.353660E-4
2.000000E-9	9.696283E-4
2.100000E-9	8.257267E-4
2.200000E-9	3.494807E-4
2.300000E-9	-2.501096E-4
2.400000E-9	-9.353556E-4
2.500000E-9	-1.271126E-3
2.600000E-9	-1.140929E-3
2.700000E-9	-7.400605E-4
2.800000E-9	-2.740461E-5
2.900000E-9	6.064479E-4
3.000000E-9	9.148086E-4
3.100000E-9	9.559234E-4
3.200000E-9	7.811857E-4
3.300000E-9	4.282840E-4
3.400000E-9	8.566098E-5
3.500000E-9	-3.186342E-4
3.600000E-9	-5.858801E-4
3.700000E-9	-7.297818E-4
3.800000E-9	-8.976670E-4
3.900000E-9	-8.565523E-4
4.000000E-9	-6.920932E-4
4.100000E-9	-3.563227E-4
4.200000E-9	-1.027817E-4
4.300000E-9	6.510360E-5
4.400000E-9	-5.138822E-5
4.500000E-9	-3.528965E-4
4.600000E-9	-7.811752E-4
4.700000E-9	-1.058700E-3
4.800000E-9	-1.206028E-3
4.900000E-9	-8.976670E-4
5.000000E-9	-4.728145E-4
5.100000E-9	3.084130E-5
5.200000E-9	3.494807E-4
5.300000E-9	5.207922E-4
5.400000E-9	3.768905E-4
5.500000E-9	2.535463E-4
5.600000E-9	4.797245E-5
5.700000E-9	1.267757E-4
5.800000E-9	4.180053E-4
5.900000E-9	8.702677E-4
6.000000E-9	1.048432E-3
6.100000E-9	1.322530E-3
6.200000E-9	1.336235E-3
6.300000E-9	1.086120E-3
6.400000E-9	5.619070E-4
6.500000E-9	4.111999E-5
6.600000E-9	-6.064375E-4
6.700000E-9	-7.674703E-4
6.800000E-9	-7.606178E-4
6.900000E-9	-2.192735E-4
7.000000E-9	4.282840E-4
7.100000E-9	1.154645E-3
7.200000E-9	1.473284E-3
7.300000E-9	1.541809E-3
7.400000E-9	1.123809E-3
7.500000E-9	5.139397E-4
7.600000E-9	-8.565052E-5
7.700000E-9	-4.145686E-4
7.800000E-9	-4.830932E-4
7.900000E-9	-7.194560E-5
8.000000E-9	3.494807E-4
8.100000E-9	5.687594E-4
8.200000E-9	4.728250E-4
8.300000E-9	6.510360E-5
8.400000E-9	-6.167162E-4
8.500000E-9	-1.017585E-3
8.600000E-9	-1.134077E-3
8.700000E-9	-8.839621E-4
8.800000E-9	-4.042899E-4
8.900000E-9	6.510360E-5
9.000000E-9	3.460545E-4
9.100000E-9	5.379233E-4
9.200000E-9	6.372840E-4
9.300000E-9	8.325791E-4
9.400000E-9	1.010743E-3
9.500000E-9	1.250579E-3
9.600000E-9	1.065563E-3
9.700000E-9	7.777594E-4
9.800000E-9	3.734643E-4
9.900000E-9	1.713638E-5
1.000000E-8	-1.507489E-4
1.010000E-8	-5.138822E-5
1.020000E-8	4.797245E-5
1.030000E-8	1.918741E-4
1.040000E-8	3.015135E-4
1.050000E-8	2.295626E-4
1.060000E-8	1.233495E-4
1.070000E-8	5.139868E-5
1.080000E-8	-6.851937E-5
1.090000E-8	-2.192735E-4
1.100000E-8	-3.631751E-4
1.110000E-8	-2.706669E-4
1.120000E-8	3.431463E-6
1.130000E-8	4.968086E-4
1.140000E-8	9.524972E-4
1.150000E-8	1.483563E-3
1.160000E-8	1.695989E-3
1.170000E-8	1.596628E-3
1.180000E-8	1.202612E-3
1.190000E-8	8.634152E-4
1.200000E-8	5.824643E-4
1.210000E-8	7.126611E-4
1.220000E-8	9.799070E-4
1.230000E-8	1.123809E-3
1.240000E-8	1.007317E-3
1.250000E-8	7.366447E-4
1.260000E-8	2.398413E-4
1.270000E-8	-1.952899E-4
1.280000E-8	-4.659620E-4
1.290000E-8	-3.186342E-4
1.300000E-8	1.096446E-4
1.310000E-8	7.160873E-4
1.320000E-8	1.171776E-3
1.330000E-8	1.531530E-3
1.340000E-8	1.469858E-3
1.350000E-8	1.038153E-3
1.360000E-8	3.905955E-4
1.370000E-8	-8.222429E-5
1.380000E-8	-5.173555E-4
1.390000E-8	-5.824539E-4
1.400000E-8	-5.310604E-4
1.410000E-8	-1.987161E-4
1.420000E-8	1.678905E-4
1.430000E-8	5.276447E-4
1.440000E-8	6.783988E-4
1.450000E-8	6.098742E-4
1.460000E-8	3.700381E-4
1.470000E-8	8.223475E-5
1.480000E-8	-3.803063E-4
1.490000E-8	-6.818145E-4
1.500000E-8	-9.559129E-4
1.510000E-8	-8.908146E-4
1.520000E-8	-6.955195E-4
1.530000E-8	-3.871588E-4
1.540000E-8	-6.847227E-6
1.550000E-8	3.871692E-4
1.560000E-8	4.865299E-4
1.570000E-8	4.831037E-4
1.580000E-8	4.488414E-4
1.590000E-8	2.843823E-4
1.600000E-8	1.199233E-4
1.610000E-8	4.454622E-5
1.620000E-8	-7.537183E-5
1.630000E-8	-6.847227E-6
1.640000E-8	6.167737E-5
1.650000E-8	8.223475E-5
1.660000E-8	2.638249E-4
1.670000E-8	4.762512E-4
1.680000E-8	6.749725E-4
1.690000E-8	7.434971E-4
1.700000E-8	6.304316E-4
1.710000E-8	3.186446E-4
1.720000E-8	-8.907675E-5
1.730000E-8	-4.522571E-4
1.740000E-8	-5.516178E-4
1.750000E-8	-4.385522E-4
1.760000E-8	-6.509314E-5
1.770000E-8	4.043004E-4
1.780000E-8	8.223004E-4
1.790000E-8	1.062137E-3
1.800000E-8	1.199186E-3
1.810000E-8	1.199186E-3
1.820000E-8	1.038153E-3
1.830000E-8	7.811857E-4
1.840000E-8	5.550545E-4
1.850000E-8	2.603987E-4
1.860000E-8	-1.301915E-4
1.870000E-8	-4.145686E-4
1.880000E-8	-6.715359E-4
1.890000E-8	-8.873883E-4
1.900000E-8	-9.627654E-4
1.910000E-8	-8.257162E-4
1.920000E-8	-7.057982E-4
1.930000E-8	-3.631751E-4
1.940000E-8	-1.473227E-4
1.950000E-8	6.167737E-5
1.960000E-8	6.857694E-6
1.970000E-8	-1.678800E-4
1.980000E-8	-5.173555E-4
1.990000E-8	-6.749621E-4
2.000000E-8	-5.173555E-4
2.010000E-8	-1.336177E-4
2.020000E-8	4.488414E-4
2.030000E-8	8.736939E-4
2.040000E-8	1.024448E-3
2.050000E-8	1.144366E-3
2.060000E-8	1.116956E-3
2.070000E-8	1.127235E-3
2.080000E-8	1.144366E-3
2.090000E-8	1.079268E-3
2.100000E-8	9.353660E-4
2.110000E-8	7.572021E-4
2.120000E-8	5.824643E-4
2.130000E-8	4.899561E-4
2.140000E-8	6.201529E-4
2.150000E-8	8.634152E-4
2.160000E-8	9.696283E-4
2.170000E-8	8.771201E-4
2.180000E-8	5.790381E-4
2.190000E-8	2.706774E-4
2.200000E-8	6.510360E-5
2.210000E-8	5.584807E-4
2.220000E-8	1.918694E-3
2.230000E-8	4.570596E-3
2.240000E-8	8.599843E-3
2.250000E-8	1.390365E-2
2.260000E-8	2.028329E-2
2.270000E-8	2.723511E-2
2.280000E-8	3.396080E-2
2.290000E-8	3.994985E-2
2.300000E-8	4.481167E-2
2.310000E-8	4.847088E-2
2.320000E-8	5.122557E-2
2.330000E-8	5.301406E-2
2.340000E-8	5.392544E-2
2.350000E-8	5.417213E-2
2.360000E-8	5.346632E-2
2.370000E-8	5.209583E-2
2.380000E-8	5.009834E-2
2.390000E-8	4.755950E-2
2.400000E-8	4.467119E-2
2.410000E-8	4.187881E-2
2.420000E-8	3.923377E-2
2.430000E-8	3.718488E-2
2.440000E-8	3.596172E-2
2.450000E-8	3.547176E-2
2.460000E-8	3.558826E-2
2.470000E-8	3.622896E-2
2.480000E-8	3.721229E-2
2.490000E-8	3.830868E-2
2.500000E-8	3.939137E-2
2.510000E-8	4.035757E-2
2.520000E-8	4.101540E-2
2.530000E-8	4.123126E-2
2.540000E-8	4.099142E-2
2.550000E-8	4.016570E-2
2.560000E-8	3.886031E-2
2.570000E-8	3.721572E-2
2.580000E-8	3.512572E-2
2.590000E-8	3.295691E-2
2.600000E-8	3.095257E-2
2.610000E-8	2.934567E-2
2.620000E-8	2.852680E-2
2.630000E-8	2.842401E-2
2.640000E-8	2.910240E-2
2.650000E-8	3.038381E-2
2.660000E-8	3.182626E-2
2.670000E-8	3.317619E-2
2.680000E-8	3.443704E-2
2.690000E-8	3.555399E-2
2.700000E-8	3.635916E-2
2.710000E-8	3.678744E-2
2.720000E-8	3.672234E-2
2.730000E-8	3.582467E-2
2.740000E-8	3.413553E-2
2.750000E-8	3.175431E-2
2.760000E-8	2.904073E-2
2.770000E-8	2.642309E-2
2.780000E-8	2.442217E-2
2.790000E-8	2.334291E-2
2.800000E-8	2.338745E-2
2.810000E-8	2.442560E-2
2.820000E-8	2.618668E-2
2.830000E-8	2.847540E-2
2.840000E-8	3.062708E-2
2.850000E-8	3.231621E-2
2.860000E-8	3.329611E-2
2.870000E-8	3.359076E-2
2.880000E-8	3.316591E-2
2.890000E-8	3.244640E-2
2.900000E-8	3.142881E-2
2.910000E-8	3.020908E-2
2.920000E-8	2.884544E-2
2.930000E-8	2.721455E-2
2.940000E-8	2.558366E-2
2.950000E-8	2.416521E-2
2.960000E-8	2.319216E-2
2.970000E-8	2.287352E-2
2.980000E-8	2.339773E-2
2.990000E-8	2.465173E-2
3.000000E-8	2.614557E-2
3.010000E-8	2.783812E-2
3.020000E-8	2.939021E-2
3.030000E-8	3.057911E-2
3.040000E-8	3.138427E-2
3.050000E-8	3.160355E-2
3.060000E-8	3.115471E-2
3.070000E-8	3.019194E-2
3.080000E-8	2.872552E-2
3.090000E-8	2.697129E-2
3.100000E-8	2.523419E-2
3.110000E-8	2.365470E-2
3.120000E-8	2.233217E-2
3.130000E-8	2.153386E-2
3.140000E-8	2.114670E-2
3.150000E-8	2.136940E-2
3.160000E-8	2.220883E-2
3.170000E-8	2.358617E-2
3.180000E-8	2.518280E-2
3.190000E-8	2.678627E-2
3.200000E-8	2.825612E-2
3.210000E-8	2.910240E-2
3.220000E-8	2.930455E-2
3.230000E-8	2.894480E-2
3.240000E-8	2.799230E-2
3.250000E-8	2.674858E-2
3.260000E-8	2.526503E-2
3.270000E-8	2.358275E-2
3.280000E-8	2.205807E-2
3.290000E-8	2.064304E-2
3.300000E-8	1.931366E-2
3.310000E-8	1.833719E-2
3.320000E-8	1.785409E-2
3.330000E-8	1.811106E-2
3.340000E-8	1.913550E-2
3.350000E-8	2.087260E-2
3.360000E-8	2.288722E-2
3.370000E-8	2.469970E-2
3.380000E-8	2.602565E-2
3.390000E-8	2.642309E-2
3.400000E-8	2.617640E-2
3.410000E-8	2.537466E-2
3.420000E-8	2.413437E-2
3.430000E-8	2.280499E-2
3.440000E-8	2.136598E-2
3.450000E-8	1.995094E-2
3.460000E-8	1.872093E-2
3.470000E-8	1.776843E-2
3.480000E-8	1.729561E-2
3.490000E-8	1.744294E-2
3.500000E-8	1.817616E-2
3.510000E-8	1.930339E-2
3.520000E-8	2.074583E-2
3.530000E-8	2.230819E-2
3.540000E-8	2.357247E-2
3.550000E-8	2.454894E-2
3.560000E-8	2.509714E-2
3.570000E-8	2.505603E-2
3.580000E-8	2.448727E-2
3.590000E-8	2.345940E-2
3.600000E-8	2.184907E-2
3.610000E-8	1.994752E-2
3.620000E-8	1.797401E-2
3.630000E-8	1.618552E-2
3.640000E-8	1.496235E-2
3.650000E-8	1.450666E-2
3.660000E-8	1.477391E-2
3.670000E-8	1.571955E-2
3.680000E-8	1.698383E-2
3.690000E-8	1.846053E-2
3.700000E-8	2.009484E-2
3.710000E-8	2.180796E-2
3.720000E-8	2.312021E-2
3.730000E-8	2.399732E-2
3.740000E-8	2.407270E-2
3.750000E-8	2.350052E-2
3.760000E-8	2.246580E-2
3.770000E-8	2.114670E-2
3.780000E-8	1.965286E-2
3.790000E-8	1.818986E-2
3.800000E-8	1.674742E-2
3.810000E-8	1.535294E-2
3.820000E-8	1.446212E-2
3.830000E-8	1.407153E-2
3.840000E-8	1.431137E-2
3.850000E-8	1.519876E-2
3.860000E-8	1.637053E-2
3.870000E-8	1.760398E-2
3.880000E-8	1.879630E-2
3.890000E-8	2.009827E-2
3.900000E-8	2.129060E-2
3.910000E-8	2.254460E-2
3.920000E-8	2.325383E-2
3.930000E-8	2.329152E-2
3.940000E-8	2.238014E-2
3.950000E-8	2.056424E-2
3.960000E-8	1.800827E-2
3.970000E-8	1.550370E-2
3.980000E-8	1.332461E-2
3.990000E-8	1.185819E-2
4.000000E-8	1.134768E-2
4.010000E-8	1.182735E-2
4.020000E-8	1.302653E-2
4.030000E-8	1.473622E-2
4.040000E-8	1.677140E-2
4.050000E-8	1.865240E-2
4.060000E-8	2.029357E-2
4.070000E-8	2.138311E-2
4.080000E-8	2.176684E-2
4.090000E-8	2.145163E-2
4.100000E-8	2.028671E-2
4.110000E-8	1.864898E-2
4.120000E-8	1.664463E-2
4.130000E-8	1.471909E-2
4.140000E-8	1.305052E-2
4.150000E-8	1.202265E-2
4.160000E-8	1.189588E-2
4.170000E-8	1.231045E-2
4.180000E-8	1.337943E-2
4.190000E-8	1.485271E-2
4.200000E-8	1.635340E-2
4.210000E-8	1.797743E-2
4.220000E-8	1.952609E-2
4.230000E-8	2.090343E-2
4.240000E-8	2.180453E-2
4.250000E-8	2.215401E-2
4.260000E-8	2.165035E-2
4.270000E-8	2.046830E-2
4.280000E-8	1.870722E-2
4.290000E-8	1.682622E-2
4.300000E-8	1.520904E-2
4.310000E-8	1.410922E-2
4.320000E-8	1.319784E-2
4.330000E-8	1.285522E-2
4.340000E-8	1.264622E-2
4.350000E-8	1.278670E-2
4.360000E-8	1.320127E-2
4.370000E-8	1.404412E-2
4.380000E-8	1.520219E-2
4.390000E-8	1.652814E-2
4.400000E-8	1.786779E-2
4.410000E-8	1.895391E-2
4.420000E-8	1.970425E-2
4.430000E-8	1.995437E-2
4.440000E-8	1.948498E-2
4.450000E-8	1.856675E-2
4.460000E-8	1.719283E-2
4.470000E-8	1.562361E-2
4.480000E-8	1.420515E-2
4.490000E-8	1.287235E-2
4.500000E-8	1.198153E-2
4.510000E-8	1.154640E-2
4.520000E-8	1.153612E-2
4.530000E-8	1.186504E-2
4.540000E-8	1.249204E-2
4.550000E-8	1.345138E-2
4.560000E-8	1.466084E-2
4.570000E-8	1.610671E-2
4.580000E-8	1.756971E-2
4.590000E-8	1.872435E-2
4.600000E-8	1.928625E-2
4.610000E-8	1.911494E-2
4.620000E-8	1.806652E-2
4.630000E-8	1.633627E-2
4.640000E-8	1.417775E-2
4.650000E-8	1.205348E-2
4.660000E-8	1.021017E-2
4.670000E-8	9.124056E-3
4.680000E-8	8.709482E-3
4.690000E-8	9.079515E-3
4.700000E-8	1.007312E-2
4.710000E-8	1.164576E-2
4.720000E-8	1.335888E-2
4.730000E-8	1.504458E-2
4.740000E-8	1.634312E-2
4.750000E-8	1.725107E-2
4.760000E-8	1.763481E-2
4.770000E-8	1.754573E-2
4.780000E-8	1.716884E-2
4.790000E-8	1.640822E-2
4.800000E-8	1.522960E-2
4.810000E-8	1.420515E-2
4.820000E-8	1.302653E-2
4.830000E-8	1.191986E-2
4.840000E-8	1.094338E-2
4.850000E-8	1.026499E-2
4.860000E-8	9.905236E-3
4.870000E-8	1.010053E-2
4.880000E-8	1.076179E-2
4.890000E-8	1.176911E-2
4.900000E-8	1.310191E-2
4.910000E-8	1.449296E-2
4.920000E-8	1.554824E-2
4.930000E-8	1.621978E-2
4.940000E-8	1.642878E-2
4.950000E-8	1.623691E-2
4.960000E-8	1.585317E-2
4.970000E-8	1.518163E-2
4.980000E-8	1.422229E-2
4.990000E-8	1.318071E-2
5.000000E-8	1.202950E-2
5.010000E-8	1.090570E-2
5.020000E-8	9.833285E-3
5.030000E-8	8.976728E-3
5.040000E-8	8.510761E-3
5.050000E-8	8.747170E-3
5.060000E-8	9.679105E-3
5.070000E-8	1.110442E-2
5.080000E-8	1.292374E-2
5.090000E-8	1.472937E-2
5.100000E-8	1.584289E-2
5.110000E-8	1.642535E-2
5.120000E-8	1.623691E-2
5.130000E-8	1.564760E-2
5.140000E-8	1.474307E-2
5.150000E-8	1.374261E-2
5.160000E-8	1.248176E-2
5.170000E-8	1.097422E-2
5.180000E-8	9.312498E-3
5.190000E-8	7.791252E-3
5.200000E-8	6.931269E-3
5.210000E-8	6.910711E-3
5.220000E-8	7.787826E-3
5.230000E-8	9.528351E-3
5.240000E-8	1.140935E-2
5.250000E-8	1.331091E-2
5.260000E-8	1.481502E-2
5.270000E-8	1.566816E-2
5.280000E-8	1.577437E-2
5.290000E-8	1.534609E-2
5.300000E-8	1.438675E-2
5.310000E-8	1.322868E-2
5.320000E-8	1.196783E-2
5.330000E-8	1.086115E-2
5.340000E-8	9.901810E-3
5.350000E-8	9.158318E-3
5.360000E-8	8.599843E-3
5.370000E-8	8.216105E-3
5.380000E-8	8.240088E-3
5.390000E-8	8.843105E-3
5.400000E-8	9.846990E-3
5.410000E-8	1.144704E-2
5.420000E-8	1.309848E-2
5.430000E-8	1.454093E-2
5.440000E-8	1.548999E-2
5.450000E-8	1.583947E-2
5.460000E-8	1.545573E-2
5.470000E-8	1.473965E-2
5.480000E-8	1.363640E-2
5.490000E-8	1.219396E-2
5.500000E-8	1.073096E-2
5.510000E-8	9.213138E-3
5.520000E-8	7.979695E-3
5.530000E-8	7.338990E-3
5.540000E-8	7.112859E-3
5.550000E-8	7.424646E-3
5.560000E-8	8.072203E-3
5.570000E-8	8.887646E-3
5.580000E-8	9.816154E-3
5.590000E-8	1.098107E-2
5.600000E-8	1.228647E-2
5.610000E-8	1.353704E-2
5.620000E-8	1.475678E-2
5.630000E-8	1.554481E-2
5.640000E-8	1.554481E-2
5.650000E-8	1.478419E-2
5.660000E-8	1.329378E-2
5.670000E-8	1.123461E-2
5.680000E-8	9.192580E-3
5.690000E-8	7.318433E-3
5.700000E-8	6.019891E-3
5.710000E-8	5.499104E-3
5.720000E-8	5.745793E-3
5.730000E-8	6.479006E-3
5.740000E-8	7.595957E-3
5.750000E-8	8.908203E-3
5.760000E-8	1.017591E-2
5.770000E-8	1.133055E-2
5.780000E-8	1.237212E-2
5.790000E-8	1.309848E-2
5.800000E-8	1.354732E-2
5.810000E-8	1.360899E-2
5.820000E-8	1.319442E-2
5.830000E-8	1.257084E-2
5.840000E-8	1.144361E-2
5.850000E-8	1.007997E-2
5.860000E-8	8.503908E-3
5.870000E-8	7.140269E-3
5.880000E-8	6.204908E-3
5.890000E-8	5.985629E-3
5.900000E-8	6.571514E-3
5.910000E-8	7.914597E-3
5.920000E-8	9.751056E-3
5.930000E-8	1.144361E-2
5.940000E-8	1.258455E-2
5.950000E-8	1.319099E-2
5.960000E-8	1.323553E-2
5.970000E-8	1.284837E-2
5.980000E-8	1.236527E-2
5.990000E-8	1.174170E-2
6.000000E-8	1.094338E-2
6.010000E-8	1.010738E-2
6.020000E-8	8.987007E-3
6.030000E-8	7.733006E-3
6.040000E-8	6.681154E-3
6.050000E-8	6.019891E-3
6.060000E-8	5.865711E-3
6.070000E-8	6.266580E-3
6.080000E-8	7.003219E-3
6.090000E-8	8.024236E-3
6.100000E-8	9.202859E-3
6.110000E-8	1.031981E-2
6.120000E-8	1.120720E-2
6.130000E-8	1.184791E-2
6.140000E-8	1.224535E-2
6.150000E-8	1.229674E-2
6.160000E-8	1.198153E-2
6.170000E-8	1.133397E-2
6.180000E-8	1.035407E-2
6.190000E-8	9.387875E-3
6.200000E-8	8.243515E-3
6.210000E-8	7.229351E-3
6.220000E-8	6.369367E-3
6.230000E-8	5.838301E-3
6.240000E-8	5.553924E-3
6.250000E-8	5.797186E-3
6.260000E-8	6.372793E-3
6.270000E-8	7.232777E-3
6.280000E-8	8.353154E-3
6.290000E-8	9.576318E-3
6.300000E-8	1.079263E-2
6.310000E-8	1.168002E-2
6.320000E-8	1.216312E-2
6.330000E-8	1.185133E-2
6.340000E-8	1.087829E-2
6.350000E-8	9.514646E-3
6.360000E-8	8.055072E-3
6.370000E-8	6.897006E-3
6.380000E-8	6.242596E-3
6.390000E-8	5.910252E-3
6.400000E-8	5.807465E-3
6.410000E-8	5.917104E-3
6.420000E-8	6.105547E-3
6.430000E-8	6.605777E-3
6.440000E-8	7.424646E-3
6.450000E-8	8.479925E-3
6.460000E-8	9.497515E-3
6.470000E-8	1.040889E-2
6.480000E-8	1.072411E-2
6.490000E-8	1.061789E-2
6.500000E-8	1.016220E-2
6.510000E-8	9.329630E-3
6.520000E-8	8.425105E-3
6.530000E-8	7.517154E-3
6.540000E-8	6.616055E-3
6.550000E-8	5.906826E-3
6.560000E-8	5.427154E-3
6.570000E-8	5.122219E-3
6.580000E-8	5.029711E-3
6.590000E-8	5.235285E-3
6.600000E-8	5.629301E-3
6.610000E-8	6.437891E-3
6.620000E-8	7.386957E-3
6.630000E-8	8.336023E-3
6.640000E-8	9.216564E-3
6.650000E-8	9.607154E-3
6.660000E-8	9.576318E-3
6.670000E-8	9.370744E-3
6.680000E-8	8.784859E-3
6.690000E-8	8.089334E-3
6.700000E-8	7.445203E-3
6.710000E-8	6.917564E-3
6.720000E-8	6.331678E-3
6.730000E-8	5.738941E-3
6.740000E-8	5.283252E-3
6.750000E-8	4.930350E-3
6.760000E-8	4.769317E-3
6.770000E-8	4.964613E-3
6.780000E-8	5.375760E-3
6.790000E-8	6.249449E-3
6.800000E-8	7.404088E-3
6.810000E-8	8.562154E-3
6.820000E-8	9.672253E-3
6.830000E-8	1.025471E-2
6.840000E-8	1.025471E-2
6.850000E-8	9.853843E-3
6.860000E-8	8.966449E-3
6.870000E-8	7.921449E-3
6.880000E-8	6.821629E-3
6.890000E-8	5.941088E-3
6.900000E-8	5.375760E-3
6.910000E-8	5.070826E-3
6.920000E-8	5.036563E-3
6.930000E-8	5.142776E-3
6.940000E-8	5.454563E-3
6.950000E-8	5.831449E-3
6.960000E-8	6.420760E-3
6.970000E-8	7.150547E-3
6.980000E-8	7.846072E-3
6.990000E-8	8.479925E-3
7.000000E-8	9.021269E-3
7.010000E-8	9.463253E-3
7.020000E-8	9.483810E-3
7.030000E-8	9.219990E-3
7.040000E-8	8.500482E-3
7.050000E-8	7.561695E-3
7.060000E-8	6.444744E-3
7.070000E-8	5.601891E-3
7.080000E-8	4.827563E-3
7.090000E-8	4.779596E-3
7.100000E-8	5.183891E-3
7.110000E-8	6.143236E-3
7.120000E-8	7.246482E-3
7.130000E-8	8.281203E-3
7.140000E-8	9.031548E-3
7.150000E-8	9.504367E-3
7.160000E-8	9.562613E-3
7.170000E-8	9.257679E-3
7.180000E-8	8.781433E-3
7.190000E-8	8.243515E-3
7.200000E-8	7.452056E-3
7.210000E-8	6.657170E-3
7.220000E-8	5.810891E-3
7.230000E-8	5.070826E-3
7.240000E-8	4.515776E-3
7.250000E-8	4.272514E-3
7.260000E-8	4.440399E-3
7.270000E-8	4.923498E-3
7.280000E-8	5.516236E-3
7.290000E-8	6.119252E-3
7.300000E-8	6.496137E-3
7.310000E-8	6.670875E-3
7.320000E-8	6.694859E-3
7.330000E-8	6.807924E-3
7.340000E-8	7.147121E-3
7.350000E-8	7.657629E-3
7.360000E-8	8.219531E-3
7.370000E-8	8.610121E-3
7.380000E-8	8.545023E-3
7.390000E-8	8.096187E-3
7.400000E-8	7.102580E-3
7.410000E-8	5.954793E-3
7.420000E-8	4.909793E-3
7.430000E-8	4.313629E-3
7.440000E-8	4.090924E-3
7.450000E-8	4.272514E-3
7.460000E-8	4.543186E-3
7.470000E-8	4.793301E-3
7.480000E-8	5.245563E-3
7.490000E-8	5.879416E-3
7.500000E-8	6.691432E-3
7.510000E-8	7.702170E-3
7.520000E-8	8.582711E-3
7.530000E-8	8.908203E-3
7.540000E-8	8.551875E-3
7.550000E-8	7.575400E-3
7.560000E-8	6.420760E-3
7.570000E-8	5.327793E-3
7.580000E-8	4.639121E-3
7.590000E-8	4.138891E-3
7.600000E-8	3.844235E-3
7.610000E-8	3.645514E-3
7.620000E-8	3.559858E-3
7.630000E-8	3.823678E-3
7.640000E-8	4.419842E-3
7.650000E-8	5.451137E-3
7.660000E-8	6.818203E-3
7.670000E-8	8.031088E-3
7.680000E-8	8.819121E-3
7.690000E-8	8.877367E-3
7.700000E-8	8.288056E-3
7.710000E-8	7.246482E-3
7.720000E-8	6.067859E-3
7.730000E-8	5.111940E-3
7.740000E-8	4.337612E-3
7.750000E-8	3.871645E-3
7.760000E-8	3.652366E-3
7.770000E-8	3.344006E-3
7.780000E-8	3.083612E-3
7.790000E-8	2.977399E-3
7.800000E-8	3.213809E-3
7.810000E-8	3.919612E-3
7.820000E-8	4.872104E-3
7.830000E-8	5.934236E-3
7.840000E-8	6.873023E-3
7.850000E-8	7.362974E-3
7.860000E-8	7.383531E-3
7.870000E-8	7.184810E-3
7.880000E-8	6.917564E-3
7.890000E-8	6.602350E-3
7.900000E-8	6.314547E-3
7.910000E-8	5.896547E-3
7.920000E-8	5.368908E-3
7.930000E-8	4.998875E-3
7.940000E-8	4.762465E-3
7.950000E-8	4.707645E-3
7.960000E-8	4.820711E-3
7.970000E-8	5.214727E-3
7.980000E-8	5.574481E-3
7.990000E-8	5.780055E-3
8.000000E-8	6.050727E-3
8.010000E-8	6.465301E-3
8.020000E-8	7.054613E-3
8.030000E-8	7.530859E-3
8.040000E-8	7.774121E-3
8.050000E-8	7.541138E-3
8.060000E-8	6.917564E-3
8.070000E-8	5.903400E-3
8.080000E-8	4.944055E-3
8.090000E-8	4.210842E-3
8.100000E-8	3.861366E-3
8.110000E-8	3.748301E-3
8.120000E-8	3.765432E-3
8.130000E-8	3.806547E-3
8.140000E-8	4.005268E-3
8.150000E-8	4.317055E-3
8.160000E-8	4.594580E-3
8.170000E-8	5.379186E-3
8.180000E-8	6.167219E-3
8.190000E-8	7.239629E-3
8.200000E-8	8.072203E-3
8.210000E-8	8.479925E-3
8.220000E-8	8.339449E-3
8.230000E-8	7.705597E-3
8.240000E-8	6.622908E-3
8.250000E-8	5.307236E-3
8.260000E-8	4.029252E-3
8.270000E-8	3.032219E-3
8.280000E-8	2.531989E-3
8.290000E-8	2.370956E-3
8.300000E-8	2.696448E-3
8.310000E-8	3.234366E-3
8.320000E-8	4.032678E-3
8.330000E-8	4.902940E-3
8.340000E-8	5.362055E-3
8.350000E-8	5.738941E-3
8.360000E-8	5.889695E-3
8.370000E-8	6.023318E-3
8.380000E-8	6.191203E-3
8.390000E-8	6.338531E-3
8.400000E-8	6.307695E-3
8.410000E-8	6.013039E-3
8.420000E-8	5.440859E-3
8.430000E-8	4.587727E-3
8.440000E-8	3.895629E-3
8.450000E-8	3.371416E-3
8.460000E-8	3.182973E-3
8.470000E-8	3.364563E-3
8.480000E-8	3.669498E-3
8.490000E-8	4.070367E-3
8.500000E-8	4.491793E-3
8.510000E-8	4.830990E-3
8.520000E-8	5.362055E-3
8.530000E-8	5.985629E-3
8.540000E-8	6.533826E-3
8.550000E-8	6.729121E-3
8.560000E-8	6.653744E-3
8.570000E-8	6.341957E-3
8.580000E-8	5.828023E-3
8.590000E-8	5.307236E-3
8.600000E-8	4.830990E-3
8.610000E-8	4.515776E-3
8.620000E-8	4.262235E-3
8.630000E-8	4.234826E-3
8.640000E-8	4.114907E-3
8.650000E-8	4.049809E-3
8.660000E-8	3.936744E-3
8.670000E-8	4.039530E-3
8.680000E-8	4.330760E-3
8.690000E-8	4.741908E-3
8.700000E-8	5.245563E-3
8.710000E-8	5.728662E-3
8.720000E-8	6.112400E-3
8.730000E-8	6.273432E-3
8.740000E-8	6.252875E-3
8.750000E-8	6.132957E-3
8.760000E-8	5.797186E-3
8.770000E-8	5.362055E-3
8.780000E-8	4.889235E-3
8.790000E-8	4.286219E-3
8.800000E-8	3.672924E-3
8.810000E-8	3.176120E-3
8.820000E-8	2.912301E-3
8.830000E-8	2.857481E-3
8.840000E-8	2.970547E-3
8.850000E-8	3.261776E-3
8.860000E-8	3.809973E-3
8.870000E-8	4.532908E-3
8.880000E-8	5.262695E-3
8.890000E-8	5.944514E-3
8.900000E-8	6.180924E-3
8.910000E-8	5.865711E-3
8.920000E-8	5.197596E-3
8.930000E-8	4.512350E-3
8.940000E-8	3.875071E-3
8.950000E-8	3.854514E-3
8.960000E-8	4.049809E-3
8.970000E-8	4.412990E-3
8.980000E-8	4.645973E-3
8.990000E-8	4.649399E-3
9.000000E-8	4.365022E-3
9.010000E-8	4.183432E-3
9.020000E-8	4.162875E-3
9.030000E-8	4.529481E-3
9.040000E-8	5.180465E-3
9.050000E-8	5.893121E-3
9.060000E-8	6.400203E-3
9.070000E-8	6.479006E-3
9.080000E-8	6.153514E-3
9.090000E-8	5.430580E-3
9.100000E-8	4.676809E-3
9.110000E-8	4.066940E-3
9.120000E-8	3.621530E-3
9.130000E-8	3.463924E-3
9.140000E-8	3.511891E-3
9.150000E-8	3.700334E-3
9.160000E-8	4.066940E-3
9.170000E-8	4.193711E-3
9.180000E-8	4.162875E-3
9.190000E-8	3.960727E-3
9.200000E-8	3.714039E-3
9.210000E-8	3.525596E-3
9.220000E-8	3.542727E-3
9.230000E-8	3.998416E-3
9.240000E-8	4.519203E-3
9.250000E-8	5.091383E-3
9.260000E-8	5.296957E-3
9.270000E-8	5.101662E-3
9.280000E-8	4.615137E-3
9.290000E-8	4.114907E-3
9.300000E-8	3.618104E-3
9.310000E-8	3.285760E-3
9.320000E-8	3.083612E-3
9.330000E-8	2.939711E-3
9.340000E-8	2.740989E-3
9.350000E-8	2.679317E-3
9.360000E-8	2.686170E-3
9.370000E-8	3.049350E-3
9.380000E-8	3.453645E-3
9.390000E-8	4.039530E-3
9.400000E-8	4.731629E-3
9.410000E-8	5.403170E-3
9.420000E-8	5.869137E-3
9.430000E-8	6.067859E-3
9.440000E-8	5.852006E-3
9.450000E-8	5.320940E-3
9.460000E-8	4.508924E-3
9.470000E-8	3.844235E-3
9.480000E-8	3.398825E-3
9.490000E-8	3.433088E-3
9.500000E-8	3.833957E-3
9.510000E-8	4.323908E-3
9.520000E-8	4.885809E-3
9.530000E-8	5.290104E-3
9.540000E-8	5.310662E-3
9.550000E-8	5.159908E-3
9.560000E-8	4.745334E-3
9.570000E-8	4.217694E-3
9.580000E-8	3.789416E-3
9.590000E-8	3.696907E-3
9.600000E-8	3.642088E-3
9.610000E-8	3.676350E-3
9.620000E-8	3.833957E-3
9.630000E-8	3.875071E-3
9.640000E-8	3.881924E-3
9.650000E-8	3.820252E-3
9.660000E-8	3.666071E-3
9.670000E-8	3.511891E-3
9.680000E-8	3.409104E-3
9.690000E-8	3.323448E-3
9.700000E-8	3.337153E-3
9.710000E-8	3.498186E-3
9.720000E-8	3.792842E-3
9.730000E-8	4.365022E-3
9.740000E-8	4.913219E-3
9.750000E-8	5.351777E-3
9.760000E-8	5.601891E-3
9.770000E-8	5.660137E-3
9.780000E-8	5.457990E-3
9.790000E-8	5.218154E-3
9.800000E-8	4.748760E-3
9.810000E-8	4.306776E-3
9.820000E-8	3.809973E-3
9.830000E-8	3.213809E-3
9.840000E-8	2.559399E-3
9.850000E-8	2.113989E-3
9.860000E-8	1.994071E-3
9.870000E-8	2.254465E-3
9.880000E-8	2.792383E-3
9.890000E-8	3.597547E-3
9.900000E-8	4.337612E-3
9.910000E-8	4.741908E-3
9.920000E-8	4.913219E-3
9.930000E-8	4.820711E-3
9.940000E-8	4.529481E-3
9.950000E-8	4.193711E-3
9.960000E-8	3.940170E-3
9.970000E-8	3.844235E-3
9.980000E-8	3.909334E-3
9.990000E-8	4.001842E-3
1.000000E-7	4.234826E-3
1.001000E-7	4.327334E-3
1.002000E-7	4.238252E-3
1.003000E-7	4.049809E-3
1.004000E-7	3.741448E-3
1.005000E-7	3.594121E-3
1.006000E-7	3.758580E-3
1.007000E-7	4.248530E-3
1.008000E-7	4.639121E-3
1.009000E-7	5.149629E-3
1.010000E-7	5.225006E-3
1.011000E-7	5.135924E-3
1.012000E-7	4.776170E-3
1.013000E-7	4.392432E-3
1.014000E-7	3.950448E-3
1.015000E-7	3.758580E-3
1.016000E-7	3.645514E-3
1.017000E-7	3.505039E-3
1.018000E-7	3.535875E-3
1.019000E-7	3.542727E-3
1.020000E-7	3.460498E-3
1.021000E-7	3.450219E-3
1.022000E-7	3.402252E-3
1.023000E-7	3.391973E-3
1.024000E-7	3.491334E-3
1.025000E-7	3.566711E-3
1.026000E-7	3.669498E-3
1.027000E-7	3.823678E-3
1.028000E-7	3.768858E-3
1.029000E-7	3.724317E-3
1.030000E-7	3.693481E-3
1.031000E-7	3.652366E-3
1.032000E-7	3.535875E-3
1.033000E-7	3.511891E-3
1.034000E-7	3.433088E-3
1.035000E-7	3.391973E-3
1.036000E-7	3.415957E-3
1.037000E-7	3.426235E-3
1.038000E-7	3.135006E-3
1.039000E-7	2.963694E-3
1.040000E-7	2.795809E-3
1.041000E-7	2.693022E-3
1.042000E-7	2.888317E-3
1.043000E-7	3.316596E-3
1.044000E-7	3.871645E-3
1.045000E-7	4.529481E-3
1.046000E-7	4.913219E-3
1.047000E-7	4.861826E-3
1.048000E-7	4.683662E-3
1.049000E-7	4.358170E-3
1.050000E-7	3.864793E-3
1.051000E-7	3.563284E-3
1.052000E-7	3.412530E-3
1.053000E-7	3.388547E-3
1.054000E-7	3.477629E-3
1.055000E-7	3.474202E-3
1.056000E-7	3.422809E-3
1.057000E-7	3.364563E-3
1.058000E-7	3.426235E-3
1.059000E-7	3.717465E-3
1.060000E-7	4.183432E-3
1.061000E-7	4.645973E-3
1.062000E-7	4.926924E-3
1.063000E-7	4.858399E-3
1.064000E-7	4.563744E-3
1.065000E-7	3.943596E-3
1.066000E-7	3.436514E-3
1.067000E-7	3.182973E-3
1.068000E-7	3.035645E-3
1.069000E-7	2.980825E-3
1.070000E-7	3.073334E-3
1.071000E-7	3.138432E-3
1.072000E-7	3.152137E-3
1.073000E-7	3.292612E-3
1.074000E-7	3.422809E-3
1.075000E-7	3.624957E-3
1.076000E-7	3.755153E-3
1.077000E-7	3.936744E-3
1.078000E-7	3.919612E-3
1.079000E-7	3.926465E-3
1.080000E-7	3.741448E-3
1.081000E-7	3.594121E-3
1.082000E-7	3.275481E-3
1.083000E-7	3.052776E-3
1.084000E-7	2.833497E-3
1.085000E-7	2.860907E-3
1.086000E-7	2.850629E-3
1.087000E-7	2.967120E-3
1.088000E-7	2.929432E-3
1.089000E-7	2.850629E-3
1.090000E-7	2.693022E-3
1.091000E-7	2.730711E-3
1.092000E-7	2.949989E-3
1.093000E-7	3.573563E-3
1.094000E-7	4.227973E-3
1.095000E-7	4.837842E-3
1.096000E-7	5.211301E-3
1.097000E-7	5.081104E-3
1.098000E-7	4.577449E-3
1.099000E-7	3.878498E-3
1.100000E-7	3.330301E-3
1.101000E-7	3.059629E-3
1.102000E-7	3.135006E-3
1.103000E-7	3.436514E-3
1.104000E-7	3.494760E-3
1.105000E-7	3.481055E-3
1.106000E-7	3.254924E-3
1.107000E-7	3.052776E-3
1.108000E-7	2.785530E-3
1.109000E-7	2.693022E-3
1.110000E-7	2.617645E-3
1.111000E-7	2.573104E-3
1.112000E-7	2.484022E-3
1.113000E-7	2.288727E-3
1.114000E-7	2.271596E-3
1.115000E-7	2.285301E-3
1.116000E-7	2.597088E-3
1.117000E-7	3.018514E-3
1.118000E-7	3.477629E-3
1.119000E-7	3.731170E-3
1.120000E-7	3.611252E-3
1.121000E-7	3.313170E-3
1.122000E-7	2.727284E-3
1.123000E-7	2.484022E-3
1.124000E-7	2.490874E-3
1.125000E-7	2.812940E-3
1.126000E-7	3.344006E-3
1.127000E-7	3.933317E-3
1.128000E-7	4.245104E-3
1.129000E-7	4.289645E-3
1.130000E-7	4.183432E-3
1.131000E-7	3.916186E-3
1.132000E-7	3.690055E-3
1.133000E-7	3.724317E-3
1.134000E-7	3.724317E-3
1.135000E-7	3.714039E-3
1.136000E-7	3.638662E-3
1.137000E-7	3.289186E-3
1.138000E-7	2.997957E-3
1.139000E-7	2.693022E-3
1.140000E-7	2.360678E-3
1.141000E-7	2.151678E-3
1.142000E-7	2.137973E-3
1.143000E-7	2.316137E-3
1.144000E-7	2.758120E-3
1.145000E-7	3.361137E-3
1.146000E-7	3.734596E-3
1.147000E-7	3.936744E-3
1.148000E-7	3.844235E-3
1.149000E-7	3.463924E-3
1.150000E-7	2.991104E-3
1.151000E-7	2.603940E-3
1.152000E-7	2.415497E-3
1.153000E-7	2.401792E-3
1.154000E-7	2.573104E-3
1.155000E-7	2.679317E-3
1.156000E-7	2.720432E-3
1.157000E-7	2.706727E-3
1.158000E-7	2.545694E-3
1.159000E-7	2.446333E-3
1.160000E-7	2.357251E-3
1.161000E-7	2.497727E-3
1.162000E-7	2.665612E-3
1.163000E-7	3.011661E-3
1.164000E-7	3.248071E-3
1.165000E-7	3.409104E-3
1.166000E-7	3.261776E-3
1.167000E-7	2.891743E-3
1.168000E-7	2.453186E-3
1.169000E-7	2.000924E-3
1.170000E-7	1.785071E-3
1.171000E-7	1.887858E-3
1.172000E-7	2.168809E-3
1.173000E-7	2.453186E-3
1.174000E-7	2.737563E-3
1.175000E-7	2.908875E-3
1.176000E-7	2.730711E-3
1.177000E-7	2.508006E-3
1.178000E-7	2.405219E-3
1.179000E-7	2.518284E-3
1.180000E-7	2.919153E-3
1.181000E-7	3.481055E-3
1.182000E-7	3.926465E-3
1.183000E-7	4.272514E-3
1.184000E-7	4.371875E-3
1.185000E-7	4.097776E-3
1.186000E-7	3.768858E-3
1.187000E-7	3.443366E-3
1.188000E-7	3.117875E-3
1.189000E-7	2.802661E-3
1.190000E-7	2.764973E-3
1.191000E-7	2.806088E-3
1.192000E-7	3.093891E-3
1.193000E-7	3.484481E-3
1.194000E-7	3.772284E-3
1.195000E-7	4.111481E-3
1.196000E-7	4.289645E-3
1.197000E-7	4.320481E-3
1.198000E-7	4.279367E-3
1.199000E-7	4.262235E-3
1.200000E-7	4.128612E-3
1.201000E-7	4.060088E-3
1.202000E-7	3.847662E-3
1.203000E-7	3.683203E-3
1.204000E-7	3.470776E-3
1.205000E-7	3.371416E-3
1.206000E-7	3.073334E-3
1.207000E-7	2.812940E-3
1.208000E-7	2.494301E-3
1.209000E-7	2.141399E-3
1.210000E-7	1.836465E-3
1.211000E-7	1.682284E-3
1.212000E-7	1.644596E-3
1.213000E-7	1.836465E-3
1.214000E-7	2.309284E-3
1.215000E-7	2.843776E-3
1.216000E-7	3.491334E-3
1.217000E-7	3.909334E-3
1.218000E-7	3.977858E-3
1.219000E-7	3.878498E-3
1.220000E-7	3.532448E-3
1.221000E-7	3.182973E-3
1.222000E-7	2.932858E-3
1.223000E-7	2.802661E-3
1.224000E-7	2.785530E-3
1.225000E-7	2.912301E-3
1.226000E-7	2.871186E-3
1.227000E-7	2.854055E-3
1.228000E-7	2.905448E-3
1.229000E-7	3.056202E-3
1.230000E-7	3.128153E-3
1.231000E-7	3.237793E-3
1.232000E-7	3.309743E-3
1.233000E-7	3.302891E-3
1.234000E-7	3.299465E-3
1.235000E-7	3.193252E-3
1.236000E-7	3.224088E-3
1.237000E-7	3.268629E-3
1.238000E-7	3.265202E-3
1.239000E-7	3.227514E-3
1.240000E-7	3.107596E-3
1.241000E-7	3.186399E-3
1.242000E-7	3.189825E-3
1.243000E-7	3.296039E-3
1.244000E-7	3.347432E-3
1.245000E-7	3.285760E-3
1.246000E-7	3.203530E-3
1.247000E-7	2.967120E-3
1.248000E-7	2.576530E-3
1.249000E-7	2.353825E-3
1.250000E-7	2.161956E-3
1.251000E-7	2.285301E-3
1.252000E-7	2.531989E-3
1.253000E-7	2.860907E-3
1.254000E-7	3.015088E-3
1.255000E-7	3.196678E-3
1.256000E-7	3.282334E-3
1.257000E-7	3.344006E-3
1.258000E-7	3.443366E-3
1.259000E-7	3.450219E-3
1.260000E-7	3.292612E-3
1.261000E-7	3.135006E-3
1.262000E-7	2.819793E-3
1.263000E-7	2.477170E-3
1.264000E-7	2.322989E-3
1.265000E-7	2.305858E-3
1.266000E-7	2.429202E-3
1.267000E-7	2.686170E-3
1.268000E-7	2.953416E-3
1.269000E-7	3.141858E-3
1.270000E-7	3.285760E-3
1.271000E-7	3.323448E-3
1.272000E-7	3.073334E-3
1.273000E-7	2.912301E-3
1.274000E-7	2.778678E-3
1.275000E-7	2.768399E-3
1.276000E-7	2.953416E-3
1.277000E-7	3.186399E-3
1.278000E-7	3.138432E-3
1.279000E-7	3.049350E-3
1.280000E-7	2.693022E-3
1.281000E-7	2.401792E-3
1.282000E-7	2.275022E-3
1.283000E-7	2.545694E-3
1.284000E-7	2.830071E-3
1.285000E-7	3.230940E-3
1.286000E-7	3.357711E-3
1.287000E-7	3.344006E-3
1.288000E-7	3.179547E-3
1.289000E-7	3.049350E-3
1.290000E-7	2.967120E-3
1.291000E-7	2.970547E-3
1.292000E-7	2.973973E-3
1.293000E-7	2.706727E-3
1.294000E-7	2.415497E-3
1.295000E-7	2.083153E-3
1.296000E-7	1.812481E-3
1.297000E-7	1.730251E-3
1.298000E-7	1.713120E-3
1.299000E-7	1.750809E-3
1.300000E-7	1.805628E-3
1.301000E-7	1.874153E-3
1.302000E-7	1.887858E-3
1.303000E-7	1.990645E-3
1.304000E-7	2.182514E-3
1.305000E-7	2.346973E-3
1.306000E-7	2.535415E-3
1.307000E-7	2.569678E-3
1.308000E-7	2.278448E-3
1.309000E-7	1.881006E-3
1.310000E-7	1.603481E-3
1.311000E-7	1.387628E-3
1.312000E-7	1.504120E-3
1.313000E-7	1.928973E-3
1.314000E-7	2.326415E-3
1.315000E-7	2.672465E-3
1.316000E-7	2.706727E-3
1.317000E-7	2.470317E-3
1.318000E-7	1.949530E-3
1.319000E-7	1.456153E-3
1.320000E-7	1.106678E-3
1.321000E-7	1.065563E-3
1.322000E-7	1.233448E-3
1.323000E-7	1.593202E-3
1.324000E-7	2.072874E-3
1.325000E-7	2.655334E-3
1.326000E-7	3.152137E-3
1.327000E-7	3.518743E-3
1.328000E-7	3.690055E-3
1.329000E-7	3.611252E-3
1.330000E-7	3.374842E-3
1.331000E-7	3.097317E-3
1.332000E-7	2.806088E-3
1.333000E-7	2.648481E-3
1.334000E-7	2.658760E-3
1.335000E-7	2.696448E-3
1.336000E-7	2.843776E-3
1.337000E-7	2.949989E-3
1.338000E-7	3.121301E-3
1.339000E-7	3.357711E-3
1.340000E-7	3.391973E-3
1.341000E-7	3.302891E-3
1.342000E-7	3.251498E-3
1.343000E-7	3.196678E-3
1.344000E-7	3.076760E-3
1.345000E-7	3.124727E-3
1.346000E-7	3.104170E-3
1.347000E-7	3.032219E-3
1.348000E-7	2.980825E-3
1.349000E-7	2.744415E-3
1.350000E-7	2.470317E-3
1.351000E-7	2.251038E-3
1.352000E-7	2.175661E-3
1.353000E-7	2.134547E-3
1.354000E-7	2.096858E-3
1.355000E-7	2.110563E-3
1.356000E-7	2.117415E-3
1.357000E-7	2.189366E-3
1.358000E-7	2.233907E-3
1.359000E-7	2.501153E-3
1.360000E-7	2.699874E-3
1.361000E-7	2.926006E-3
1.362000E-7	2.908875E-3
1.363000E-7	2.871186E-3
1.364000E-7	2.706727E-3
1.365000E-7	2.480596E-3
1.366000E-7	2.268170E-3
1.367000E-7	2.052317E-3
1.368000E-7	1.788497E-3
1.369000E-7	1.600055E-3
1.370000E-7	1.346514E-3
1.371000E-7	1.473284E-3
1.372000E-7	1.904989E-3
1.373000E-7	2.658760E-3
1.374000E-7	3.309743E-3
1.375000E-7	3.902481E-3
1.376000E-7	4.128612E-3
1.377000E-7	3.960727E-3
1.378000E-7	3.463924E-3
1.379000E-7	2.871186E-3
1.380000E-7	2.281874E-3
1.381000E-7	1.939251E-3
1.382000E-7	1.877579E-3
1.383000E-7	1.918694E-3
1.384000E-7	2.196219E-3
1.385000E-7	2.514858E-3
1.386000E-7	2.836924E-3
1.387000E-7	3.011661E-3
1.388000E-7	2.973973E-3
1.389000E-7	2.624497E-3
1.390000E-7	2.076301E-3
1.391000E-7	1.627464E-3
1.392000E-7	1.267710E-3
1.393000E-7	1.367071E-3
1.394000E-7	1.620612E-3
1.395000E-7	2.083153E-3
1.396000E-7	2.381235E-3
1.397000E-7	2.778678E-3
1.398000E-7	2.908875E-3
1.399000E-7	2.973973E-3
1.400000E-7	3.169268E-3
1.401000E-7	3.080186E-3
1.402000E-7	3.049350E-3
1.403000E-7	2.840350E-3
1.404000E-7	2.508006E-3
1.405000E-7	2.329842E-3
1.406000E-7	2.353825E-3
1.407000E-7	2.576530E-3
1.408000E-7	2.819793E-3
1.409000E-7	2.864334E-3
1.410000E-7	2.669038E-3
1.411000E-7	2.408645E-3
1.412000E-7	2.086579E-3
1.413000E-7	1.983792E-3
1.414000E-7	2.052317E-3
1.415000E-7	2.268170E-3
1.416000E-7	2.408645E-3
1.417000E-7	2.466891E-3
1.418000E-7	2.230481E-3
1.419000E-7	1.970087E-3
1.420000E-7	1.877579E-3
1.421000E-7	2.175661E-3
1.422000E-7	2.655334E-3
1.423000E-7	3.268629E-3
1.424000E-7	3.655793E-3
1.425000E-7	3.652366E-3
1.426000E-7	3.268629E-3
1.427000E-7	2.758120E-3
1.428000E-7	2.302432E-3
1.429000E-7	2.257891E-3
1.430000E-7	2.432629E-3
1.431000E-7	2.655334E-3
1.432000E-7	2.758120E-3
1.433000E-7	2.860907E-3
1.434000E-7	2.651907E-3
1.435000E-7	2.494301E-3
1.436000E-7	2.357251E-3
1.437000E-7	2.449760E-3
1.438000E-7	2.703301E-3
1.439000E-7	3.076760E-3
1.440000E-7	3.152137E-3
1.441000E-7	3.234366E-3
1.442000E-7	3.241219E-3
1.443000E-7	3.080186E-3
1.444000E-7	2.922579E-3
1.445000E-7	2.703301E-3
1.446000E-7	2.422350E-3
1.447000E-7	2.394940E-3
1.448000E-7	2.360678E-3
1.449000E-7	2.405219E-3
1.450000E-7	2.538842E-3
1.451000E-7	2.819793E-3
1.452000E-7	2.963694E-3
1.453000E-7	3.001383E-3
1.454000E-7	2.874612E-3
1.455000E-7	2.854055E-3
1.456000E-7	2.970547E-3
1.457000E-7	3.114448E-3
1.458000E-7	3.117875E-3
1.459000E-7	3.131579E-3
1.460000E-7	2.843776E-3
1.461000E-7	2.473743E-3
1.462000E-7	2.189366E-3
1.463000E-7	2.185940E-3
1.464000E-7	2.418924E-3
1.465000E-7	2.984252E-3
1.466000E-7	3.367989E-3
1.467000E-7	3.381694E-3
1.468000E-7	3.076760E-3
1.469000E-7	2.528563E-3
1.470000E-7	2.000924E-3
1.471000E-7	1.593202E-3
1.472000E-7	1.439022E-3
1.473000E-7	1.624038E-3
1.474000E-7	1.959809E-3
1.475000E-7	2.528563E-3
1.476000E-7	2.919153E-3
1.477000E-7	3.337153E-3
1.478000E-7	3.439940E-3
1.479000E-7	3.361137E-3
1.480000E-7	3.138432E-3
1.481000E-7	2.977399E-3
1.482000E-7	2.819793E-3
1.483000E-7	2.840350E-3
1.484000E-7	2.740989E-3
1.485000E-7	2.651907E-3
1.486000E-7	2.494301E-3
1.487000E-7	2.305858E-3
1.488000E-7	1.922120E-3
1.489000E-7	1.630891E-3
1.490000E-7	1.188907E-3
1.491000E-7	8.668414E-4
1.492000E-7	6.818250E-4
1.493000E-7	8.360054E-4
1.494000E-7	1.223169E-3
1.495000E-7	1.952956E-3
1.496000E-7	2.545694E-3
1.497000E-7	2.956842E-3
1.498000E-7	2.891743E-3
1.499000E-7	2.460038E-3
1.500000E-7	1.795350E-3
1.501000E-7	1.356792E-3
1.502000E-7	1.209464E-3
1.503000E-7	1.534956E-3
1.504000E-7	2.134547E-3
1.505000E-7	2.621071E-3
1.506000E-7	2.819793E-3
1.507000E-7	2.665612E-3
1.508000E-7	2.357251E-3
1.509000E-7	1.726825E-3
1.510000E-7	1.377350E-3
1.511000E-7	1.319104E-3
1.512000E-7	1.504120E-3
1.513000E-7	1.997497E-3
1.514000E-7	2.470317E-3
1.515000E-7	2.874612E-3
1.516000E-7	3.152137E-3
1.517000E-7	3.176120E-3
1.518000E-7	2.967120E-3
1.519000E-7	2.723858E-3
1.520000E-7	2.528563E-3
1.521000E-7	2.381235E-3
1.522000E-7	2.292153E-3
1.523000E-7	2.456612E-3
1.524000E-7	2.504579E-3
1.525000E-7	2.686170E-3
1.526000E-7	2.754694E-3
1.527000E-7	2.799235E-3
1.528000E-7	2.788956E-3
1.529000E-7	2.559399E-3
1.530000E-7	2.076301E-3
1.531000E-7	1.565792E-3
1.532000E-7	1.178628E-3
1.533000E-7	9.148086E-4
1.534000E-7	9.764808E-4
1.535000E-7	1.322530E-3
1.536000E-7	1.771366E-3
1.537000E-7	2.209924E-3
1.538000E-7	2.391514E-3
1.539000E-7	2.312710E-3
1.540000E-7	1.922120E-3
1.541000E-7	1.514399E-3
1.542000E-7	1.113530E-3
1.543000E-7	9.662021E-4
1.544000E-7	1.240301E-3
1.545000E-7	1.795350E-3
1.546000E-7	2.408645E-3
1.547000E-7	2.860907E-3
1.548000E-7	3.152137E-3
1.549000E-7	3.182973E-3
1.550000E-7	3.018514E-3
1.551000E-7	2.531989E-3
1.552000E-7	2.018055E-3
1.553000E-7	1.521251E-3
1.554000E-7	1.134087E-3
1.555000E-7	1.075841E-3
1.556000E-7	1.291694E-3
1.557000E-7	1.898137E-3
1.558000E-7	2.662186E-3
1.559000E-7	3.470776E-3
1.560000E-7	3.971006E-3
1.561000E-7	4.217694E-3
1.562000E-7	4.073793E-3
1.563000E-7	3.566711E-3
1.564000E-7	2.806088E-3
1.565000E-7	2.120842E-3
1.566000E-7	1.456153E-3
1.567000E-7	1.048432E-3
1.568000E-7	9.182349E-4
1.569000E-7	1.065563E-3
1.570000E-7	1.517825E-3
1.571000E-7	2.072874E-3
1.572000E-7	2.744415E-3
1.573000E-7	3.148711E-3
1.574000E-7	3.354284E-3
1.575000E-7	3.131579E-3
1.576000E-7	2.672465E-3
1.577000E-7	2.083153E-3
1.578000E-7	1.620612E-3
1.579000E-7	1.761087E-3
1.580000E-7	2.182514E-3
1.581000E-7	2.734137E-3
1.582000E-7	3.176120E-3
1.583000E-7	3.165842E-3
1.584000E-7	2.641629E-3
1.585000E-7	1.857022E-3
1.586000E-7	9.662021E-4
1.587000E-7	4.899561E-4
1.588000E-7	5.482020E-4
1.589000E-7	1.192333E-3
1.590000E-7	2.007776E-3
1.591000E-7	2.586809E-3
1.592000E-7	2.775252E-3
1.593000E-7	2.655334E-3
1.594000E-7	2.436055E-3
1.595000E-7	2.470317E-3
1.596000E-7	2.422350E-3
1.597000E-7	2.665612E-3
1.598000E-7	2.799235E-3
1.599000E-7	2.706727E-3
1.600000E-7	2.610793E-3
1.601000E-7	2.405219E-3
1.602000E-7	2.353825E-3
1.603000E-7	2.590235E-3
1.604000E-7	2.864334E-3
1.605000E-7	3.111022E-3
1.606000E-7	3.206957E-3
1.607000E-7	3.111022E-3
1.608000E-7	2.812940E-3
1.609000E-7	2.586809E-3
1.610000E-7	2.305858E-3
1.611000E-7	2.233907E-3
1.612000E-7	2.405219E-3
1.613000E-7	2.699874E-3
1.614000E-7	2.884891E-3
1.615000E-7	2.991104E-3
1.616000E-7	2.713579E-3
1.617000E-7	2.353825E-3
1.618000E-7	2.038612E-3
1.619000E-7	1.908415E-3
1.620000E-7	1.874153E-3
1.621000E-7	2.059169E-3
1.622000E-7	2.141399E-3
1.623000E-7	2.096858E-3
1.624000E-7	1.812481E-3
1.625000E-7	1.531530E-3
1.626000E-7	1.281415E-3
1.627000E-7	1.336235E-3
1.628000E-7	1.521251E-3
1.629000E-7	1.959809E-3
1.630000E-7	2.333268E-3
1.631000E-7	2.586809E-3
1.632000E-7	2.583383E-3
1.633000E-7	2.432629E-3
1.634000E-7	2.247612E-3
1.635000E-7	2.216776E-3
1.636000E-7	2.350399E-3
1.637000E-7	2.864334E-3
1.638000E-7	3.292612E-3
1.639000E-7	3.693481E-3
1.640000E-7	3.666071E-3
1.641000E-7	3.320022E-3
1.642000E-7	2.826645E-3
1.643000E-7	2.422350E-3
1.644000E-7	2.007776E-3
1.645000E-7	1.925547E-3
1.646000E-7	1.846743E-3
1.647000E-7	1.644596E-3
1.648000E-7	1.456153E-3
1.649000E-7	1.192333E-3
1.650000E-7	8.702677E-4
1.651000E-7	8.531365E-4
1.652000E-7	1.202612E-3
1.653000E-7	1.682284E-3
1.654000E-7	2.206497E-3
1.655000E-7	2.679317E-3
1.656000E-7	2.788956E-3
1.657000E-7	2.538842E-3
1.658000E-7	2.055743E-3
1.659000E-7	1.486989E-3
1.660000E-7	1.236874E-3
1.661000E-7	1.391055E-3
1.662000E-7	1.692563E-3
1.663000E-7	2.024907E-3
1.664000E-7	2.137973E-3
1.665000E-7	2.062596E-3
1.666000E-7	2.069448E-3
1.667000E-7	2.055743E-3
1.668000E-7	2.230481E-3
1.669000E-7	2.408645E-3
1.670000E-7	2.497727E-3
1.671000E-7	2.220202E-3
1.672000E-7	1.747383E-3
1.673000E-7	1.216317E-3
1.674000E-7	8.599890E-4
1.675000E-7	9.113824E-4
1.676000E-7	1.206038E-3
1.677000E-7	1.781645E-3
1.678000E-7	2.377809E-3
1.679000E-7	2.823219E-3
1.680000E-7	2.997957E-3
1.681000E-7	3.025366E-3
1.682000E-7	2.956842E-3
1.683000E-7	2.785530E-3
1.684000E-7	2.764973E-3
1.685000E-7	2.847202E-3
1.686000E-7	2.751268E-3
1.687000E-7	2.675891E-3
1.688000E-7	2.316137E-3
1.689000E-7	1.822760E-3
1.690000E-7	1.401333E-3
1.691000E-7	1.058710E-3
1.692000E-7	9.387923E-4
1.693000E-7	1.212891E-3
1.694000E-7	1.572645E-3
1.695000E-7	2.031760E-3
1.696000E-7	2.357251E-3
1.697000E-7	2.634776E-3
1.698000E-7	2.675891E-3
1.699000E-7	2.675891E-3
1.700000E-7	2.535415E-3
1.701000E-7	2.275022E-3
1.702000E-7	1.884432E-3
1.703000E-7	1.445874E-3
1.704000E-7	1.075841E-3
1.705000E-7	9.524972E-4
1.706000E-7	1.017596E-3
1.707000E-7	1.254005E-3
1.708000E-7	1.682284E-3
1.709000E-7	2.120842E-3
1.710000E-7	2.333268E-3
1.711000E-7	2.460038E-3
1.712000E-7	2.425776E-3
1.713000E-7	2.295579E-3
1.714000E-7	2.038612E-3
1.715000E-7	1.956383E-3
1.716000E-7	1.764514E-3
1.717000E-7	1.678858E-3
1.718000E-7	1.572645E-3
1.719000E-7	1.630891E-3
1.720000E-7	1.740530E-3
1.721000E-7	1.939251E-3
1.722000E-7	2.158530E-3
1.723000E-7	2.336694E-3
1.724000E-7	2.257891E-3
1.725000E-7	2.090006E-3
1.726000E-7	1.761087E-3
1.727000E-7	1.486989E-3
1.728000E-7	1.336235E-3
1.729000E-7	1.415038E-3
1.730000E-7	1.634317E-3
1.731000E-7	2.059169E-3
1.732000E-7	2.508006E-3
1.733000E-7	2.943137E-3
1.734000E-7	2.984252E-3
1.735000E-7	2.751268E-3
1.736000E-7	2.357251E-3
1.737000E-7	1.843317E-3
1.738000E-7	1.552087E-3
1.739000E-7	1.490415E-3
1.740000E-7	1.617186E-3
1.741000E-7	1.802202E-3
1.742000E-7	2.083153E-3
1.743000E-7	2.278448E-3
1.744000E-7	2.312710E-3
1.745000E-7	2.213350E-3
1.746000E-7	2.018055E-3
1.747000E-7	1.922120E-3
1.748000E-7	1.877579E-3
1.749000E-7	1.648022E-3
1.750000E-7	1.476710E-3
1.751000E-7	1.332809E-3
1.752000E-7	1.370497E-3
1.753000E-7	1.610333E-3
1.754000E-7	1.908415E-3
1.755000E-7	2.179088E-3
1.756000E-7	2.422350E-3
1.757000E-7	2.617645E-3
1.758000E-7	2.545694E-3
1.759000E-7	2.470317E-3
1.760000E-7	2.319563E-3
1.761000E-7	2.182514E-3
1.762000E-7	2.254465E-3
1.763000E-7	2.405219E-3
1.764000E-7	2.388088E-3
1.765000E-7	2.484022E-3
1.766000E-7	2.511432E-3
1.767000E-7	2.463465E-3
1.768000E-7	2.319563E-3
1.769000E-7	2.148251E-3
1.770000E-7	2.024907E-3
1.771000E-7	2.113989E-3
1.772000E-7	2.165383E-3
1.773000E-7	2.158530E-3
1.774000E-7	2.144825E-3
1.775000E-7	1.966661E-3
1.776000E-7	1.648022E-3
1.777000E-7	1.445874E-3
1.778000E-7	1.312251E-3
1.779000E-7	1.500694E-3
1.780000E-7	1.822760E-3
1.781000E-7	2.206497E-3
1.782000E-7	2.319563E-3
1.783000E-7	2.350399E-3
1.784000E-7	2.103710E-3
1.785000E-7	1.812481E-3
1.786000E-7	1.589776E-3
1.787000E-7	1.521251E-3
1.788000E-7	1.541809E-3
1.789000E-7	1.695989E-3
1.790000E-7	1.857022E-3
1.791000E-7	1.946104E-3
1.792000E-7	2.120842E-3
1.793000E-7	2.275022E-3
1.794000E-7	2.336694E-3
1.795000E-7	2.381235E-3
1.796000E-7	2.350399E-3
1.797000E-7	2.155104E-3
1.798000E-7	2.052317E-3
1.799000E-7	2.011202E-3
1.800000E-7	2.117415E-3
1.801000E-7	2.412071E-3
1.802000E-7	2.717006E-3
1.803000E-7	2.956842E-3
1.804000E-7	3.001383E-3
1.805000E-7	2.871186E-3
1.806000E-7	2.329842E-3
1.807000E-7	1.733678E-3
1.808000E-7	1.236874E-3
1.809000E-7	9.319398E-4
1.810000E-7	1.151219E-3
1.811000E-7	1.493842E-3
1.812000E-7	1.939251E-3
1.813000E-7	2.131120E-3
1.814000E-7	1.946104E-3
1.815000E-7	1.449301E-3
1.816000E-7	1.010743E-3
1.817000E-7	9.079562E-4
1.818000E-7	9.182349E-4
1.819000E-7	1.353366E-3
1.820000E-7	1.853596E-3
1.821000E-7	2.254465E-3
1.822000E-7	2.436055E-3
1.823000E-7	2.460038E-3
1.824000E-7	2.233907E-3
1.825000E-7	2.134547E-3
1.826000E-7	2.072874E-3
1.827000E-7	1.997497E-3
1.828000E-7	1.915268E-3
1.829000E-7	1.839891E-3
1.830000E-7	1.685710E-3
1.831000E-7	1.761087E-3
1.832000E-7	1.963235E-3
1.833000E-7	2.199645E-3
1.834000E-7	2.422350E-3
1.835000E-7	2.528563E-3
1.836000E-7	2.346973E-3
1.837000E-7	1.970087E-3
1.838000E-7	1.558940E-3
1.839000E-7	1.260858E-3
1.840000E-7	1.178628E-3
1.841000E-7	1.343087E-3
1.842000E-7	1.500694E-3
1.843000E-7	1.778219E-3
1.844000E-7	1.925547E-3
1.845000E-7	2.000924E-3
1.846000E-7	2.158530E-3
1.847000E-7	2.367530E-3
1.848000E-7	2.693022E-3
1.849000E-7	2.860907E-3
1.850000E-7	2.997957E-3
1.851000E-7	2.850629E-3
1.852000E-7	2.504579E-3
1.853000E-7	2.185940E-3
1.854000E-7	1.853596E-3
1.855000E-7	1.702842E-3
1.856000E-7	1.750809E-3
1.857000E-7	1.904989E-3
1.858000E-7	2.220202E-3
1.859000E-7	2.569678E-3
1.860000E-7	2.819793E-3
1.861000E-7	2.932858E-3
1.862000E-7	2.693022E-3
1.863000E-7	2.216776E-3
1.864000E-7	1.665153E-3
1.865000E-7	1.209464E-3
1.866000E-7	9.387923E-4
1.867000E-7	1.147792E-3
1.868000E-7	1.596628E-3
1.869000E-7	2.209924E-3
1.870000E-7	2.727284E-3
1.871000E-7	3.015088E-3
1.872000E-7	2.860907E-3
1.873000E-7	2.357251E-3
1.874000E-7	1.774792E-3
1.875000E-7	1.254005E-3
1.876000E-7	1.010743E-3
1.877000E-7	1.065563E-3
1.878000E-7	1.195760E-3
1.879000E-7	1.380776E-3
1.880000E-7	1.476710E-3
1.881000E-7	1.558940E-3
1.882000E-7	1.661727E-3
1.883000E-7	1.833038E-3
1.884000E-7	2.079727E-3
1.885000E-7	2.374383E-3
1.886000E-7	2.466891E-3
1.887000E-7	2.398366E-3
1.888000E-7	2.295579E-3
1.889000E-7	2.192792E-3
1.890000E-7	2.172235E-3
1.891000E-7	2.206497E-3
1.892000E-7	2.398366E-3
1.893000E-7	2.566252E-3
1.894000E-7	2.723858E-3
1.895000E-7	2.932858E-3
1.896000E-7	3.052776E-3
1.897000E-7	3.200104E-3
1.898000E-7	3.114448E-3
1.899000E-7	2.977399E-3
1.900000E-7	2.758120E-3
1.901000E-7	2.473743E-3
1.902000E-7	1.990645E-3
1.903000E-7	1.627464E-3
1.904000E-7	1.284841E-3
1.905000E-7	1.305399E-3
1.906000E-7	1.596628E-3
1.907000E-7	2.213350E-3
1.908000E-7	2.658760E-3
1.909000E-7	2.980825E-3
1.910000E-7	2.847202E-3
1.911000E-7	2.514858E-3
1.912000E-7	1.959809E-3
1.913000E-7	1.476710E-3
1.914000E-7	1.116956E-3
1.915000E-7	1.007317E-3
1.916000E-7	8.771201E-4
1.917000E-7	9.319398E-4
1.918000E-7	1.147792E-3
1.919000E-7	1.394481E-3
1.920000E-7	1.603481E-3
1.921000E-7	1.754235E-3
1.922000E-7	1.815907E-3
1.923000E-7	1.791924E-3
1.924000E-7	1.747383E-3
1.925000E-7	1.716546E-3
1.926000E-7	1.610333E-3
1.927000E-7	1.723399E-3
1.928000E-7	1.788497E-3
1.929000E-7	1.774792E-3
1.930000E-7	1.809055E-3
1.931000E-7	1.723399E-3
1.932000E-7	1.569219E-3
1.933000E-7	1.408186E-3
1.934000E-7	1.349940E-3
1.935000E-7	1.363645E-3
1.936000E-7	1.497268E-3
1.937000E-7	1.761087E-3
1.938000E-7	1.884432E-3
1.939000E-7	2.042038E-3
1.940000E-7	1.863874E-3
1.941000E-7	1.541809E-3
1.942000E-7	1.257432E-3
1.943000E-7	1.027874E-3
1.944000E-7	8.325791E-4
1.945000E-7	8.531365E-4
1.946000E-7	1.034727E-3
1.947000E-7	1.373923E-3
1.948000E-7	1.959809E-3
1.949000E-7	2.689596E-3
1.950000E-7	3.241219E-3
1.951000E-7	3.549580E-3
1.952000E-7	3.333727E-3
1.953000E-7	2.761547E-3
1.954000E-7	1.970087E-3
1.955000E-7	1.291694E-3
1.956000E-7	9.456447E-4
1.957000E-7	1.123809E-3
1.958000E-7	1.589776E-3
1.959000E-7	2.305858E-3
1.960000E-7	3.011661E-3
1.961000E-7	3.367989E-3
1.962000E-7	3.268629E-3
1.963000E-7	2.908875E-3
1.964000E-7	2.271596E-3
1.965000E-7	1.617186E-3
1.966000E-7	1.332809E-3
1.967000E-7	1.363645E-3
1.968000E-7	1.514399E-3
1.969000E-7	1.743956E-3
1.970000E-7	1.918694E-3
1.971000E-7	1.973514E-3
1.972000E-7	1.963235E-3
1.973000E-7	1.946104E-3
1.974000E-7	1.918694E-3
1.975000E-7	1.925547E-3
1.976000E-7	1.836465E-3
1.977000E-7	1.747383E-3
1.978000E-7	1.771366E-3
1.979000E-7	1.761087E-3
1.980000E-7	1.586350E-3
1.981000E-7	1.521251E-3
1.982000E-7	1.247153E-3
1.983000E-7	1.096399E-3
1.984000E-7	1.195760E-3
1.985000E-7	1.497268E-3
1.986000E-7	2.120842E-3
1.987000E-7	2.812940E-3
1.988000E-7	3.316596E-3
1.989000E-7	3.419383E-3
1.990000E-7	3.018514E-3
1.991000E-7	2.319563E-3
1.992000E-7	1.565792E-3
1.993000E-7	1.134087E-3
1.994000E-7	1.031300E-3
1.995000E-7	1.301973E-3
1.996000E-7	1.815907E-3
1.997000E-7	2.381235E-3
1.998000E-7	2.610793E-3
1.999000E-7	2.603940E-3
2.000000E-7	2.271596E-3
2.001000E-7	1.740530E-3
