Study Name	Beam_cont_045-04_RT_lecroy
Sample Name	2025-03-19
Run Name	spot00
Operator	Elena
Date	3/19/2025
Time	13:51
Sign	POS
Grating Spacing	03.40um
Channel	3
Number Traces	2000
Files in Batch	6
Batch Number	68
dt	100.000001E-12
time stamp (ms)	2:04:08 PM
	
Time	Amplitude
0.000000E+0	-7.537345E-5
1.000000E-10	-1.027833E-4
2.000000E-10	-2.124226E-4
3.000000E-10	-3.940128E-4
4.000000E-10	-5.858817E-4
5.000000E-10	-6.715375E-4
6.000000E-10	-5.276358E-4
7.000000E-10	-2.466849E-4
8.000000E-10	1.164954E-4
9.000000E-10	4.659709E-4
1.000000E-9	6.955283E-4
1.100000E-9	6.235775E-4
1.200000E-9	3.117905E-4
1.300000E-9	-1.678817E-4
1.400000E-9	-5.618981E-4
1.500000E-9	-8.085867E-4
1.600000E-9	-8.291441E-4
1.700000E-9	-6.269965E-4
1.800000E-9	-3.152095E-4
1.900000E-9	1.370853E-5
2.000000E-9	1.541840E-4
2.100000E-9	1.884463E-4
2.200000E-9	5.482329E-5
2.300000E-9	-9.593083E-5
2.400000E-9	-1.027833E-4
2.500000E-9	-1.096357E-4
2.600000E-9	1.370528E-4
2.700000E-9	3.837414E-4
2.800000E-9	5.824627E-4
2.900000E-9	6.235775E-4
3.000000E-9	5.310693E-4
3.100000E-9	1.952987E-4
3.200000E-9	-1.576030E-4
3.300000E-9	-4.796686E-4
3.400000E-9	-7.057998E-4
3.500000E-9	-7.195047E-4
3.600000E-9	-6.441276E-4
3.700000E-9	-4.488325E-4
3.800000E-9	-3.289145E-4
3.900000E-9	-2.364063E-4
4.000000E-9	-2.124226E-4
4.100000E-9	-2.877997E-4
4.200000E-9	-4.728161E-4
4.300000E-9	-6.132916E-4
4.400000E-9	-7.092260E-4
4.500000E-9	-7.503408E-4
4.600000E-9	-7.366358E-4
4.700000E-9	-7.057998E-4
4.800000E-9	-6.920949E-4
4.900000E-9	-6.441276E-4
5.000000E-9	-5.344883E-4
5.100000E-9	-4.077178E-4
5.200000E-9	-2.432587E-4
5.300000E-9	-1.713079E-4
5.400000E-9	-1.233407E-4
5.500000E-9	-2.158489E-4
5.600000E-9	-4.385538E-4
5.700000E-9	-5.927342E-4
5.800000E-9	-6.715375E-4
5.900000E-9	-6.646850E-4
6.000000E-9	-5.858817E-4
6.100000E-9	-4.042915E-4
6.200000E-9	-2.055702E-4
6.300000E-9	1.302004E-4
6.400000E-9	3.666102E-4
6.500000E-9	4.865283E-4
6.600000E-9	5.379217E-4
6.700000E-9	4.419873E-4
6.800000E-9	1.781676E-4
6.900000E-9	-8.907837E-5
7.000000E-9	-3.597505E-4
7.100000E-9	-4.967997E-4
7.200000E-9	-4.899473E-4
7.300000E-9	-4.830948E-4
7.400000E-9	-3.768817E-4
7.500000E-9	-2.021440E-4
7.600000E-9	-5.481607E-5
7.700000E-9	-1.576030E-4
7.800000E-9	-3.837341E-4
7.900000E-9	-7.948818E-4
8.000000E-9	-1.113521E-3
8.100000E-9	-1.164915E-3
8.200000E-9	-9.901769E-4
8.300000E-9	-5.756030E-4
8.400000E-9	-1.336194E-4
8.500000E-9	2.055774E-4
8.600000E-9	3.529053E-4
8.700000E-9	3.392004E-4
8.800000E-9	3.357742E-4
8.900000E-9	2.672496E-4
9.000000E-9	1.576102E-4
9.100000E-9	-4.453738E-5
9.200000E-9	-3.666030E-4
9.300000E-9	-7.434883E-4
9.400000E-9	-1.024439E-3
9.500000E-9	-1.164915E-3
9.600000E-9	-1.055275E-3
9.700000E-9	-7.983080E-4
9.800000E-9	-3.734555E-4
9.900000E-9	4.797083E-5
1.000000E-8	3.186430E-4
1.010000E-8	4.762496E-4
1.020000E-8	3.837414E-4
1.030000E-8	1.850200E-4
1.040000E-8	-1.027508E-5
1.050000E-8	-3.152095E-4
1.060000E-8	-5.173571E-4
1.070000E-8	-6.407014E-4
1.080000E-8	-6.098653E-4
1.090000E-8	-5.276358E-4
1.100000E-8	-4.522588E-4
1.110000E-8	-2.946522E-4
1.120000E-8	-1.541767E-4
1.130000E-8	7.195444E-5
1.140000E-8	2.398397E-4
1.150000E-8	3.392004E-4
1.160000E-8	3.460528E-4
1.170000E-8	2.706758E-4
1.180000E-8	7.195444E-5
1.190000E-8	-9.250460E-5
1.200000E-8	-2.329800E-4
1.210000E-8	-2.775210E-4
1.220000E-8	-2.569636E-4
1.230000E-8	-1.404718E-4
1.240000E-8	-1.712754E-5
1.250000E-8	3.426591E-5
1.260000E-8	-3.768492E-5
1.270000E-8	-1.267669E-4
1.280000E-8	-1.576030E-4
1.290000E-8	-2.638161E-4
1.300000E-8	-3.871604E-4
1.310000E-8	-5.516194E-4
1.320000E-8	-7.983080E-4
1.330000E-8	-1.058701E-3
1.340000E-8	-1.212882E-3
1.350000E-8	-1.226587E-3
1.360000E-8	-1.044997E-3
1.370000E-8	-8.188654E-4
1.380000E-8	-6.235703E-4
1.390000E-8	-5.276358E-4
1.400000E-8	-5.790293E-4
1.410000E-8	-7.160785E-4
1.420000E-8	-8.873900E-4
1.430000E-8	-9.147998E-4
1.440000E-8	-7.297834E-4
1.450000E-8	-4.693899E-4
1.460000E-8	-8.222591E-5
1.470000E-8	2.775282E-4
1.480000E-8	3.974463E-4
1.490000E-8	3.940201E-4
1.500000E-8	3.049381E-4
1.510000E-8	4.111837E-5
1.520000E-8	-1.815866E-4
1.530000E-8	-3.049309E-4
1.540000E-8	-4.214227E-4
1.550000E-8	-4.933735E-4
1.560000E-8	-5.002260E-4
1.570000E-8	-4.179964E-4
1.580000E-8	-3.117833E-4
1.590000E-8	-2.192751E-4
1.600000E-8	-2.501112E-4
1.610000E-8	-2.672423E-4
1.620000E-8	-2.364063E-4
1.630000E-8	-2.329800E-4
1.640000E-8	-1.267669E-4
1.650000E-8	4.111837E-5
1.660000E-8	2.227086E-4
1.670000E-8	2.912332E-4
1.680000E-8	1.747413E-4
1.690000E-8	9.251182E-5
1.700000E-8	-1.712754E-5
1.710000E-8	1.370853E-5
1.720000E-8	7.538067E-5
1.730000E-8	2.158561E-4
1.740000E-8	2.021512E-4
1.750000E-8	1.027905E-4
1.760000E-8	-9.250460E-5
1.770000E-8	-2.672423E-4
1.780000E-8	-4.077178E-4
1.790000E-8	-5.002260E-4
1.800000E-8	-5.105047E-4
1.810000E-8	-4.111440E-4
1.820000E-8	-1.404718E-4
1.830000E-8	7.538067E-5
1.840000E-8	2.775282E-4
1.850000E-8	3.392004E-4
1.860000E-8	2.912332E-4
1.870000E-8	8.223313E-5
1.880000E-8	-1.678817E-4
1.890000E-8	-3.254882E-4
1.900000E-8	-3.152095E-4
1.910000E-8	-1.610292E-4
1.920000E-8	1.576102E-4
1.930000E-8	3.768889E-4
1.940000E-8	4.625447E-4
1.950000E-8	2.603971E-4
1.960000E-8	-6.852099E-5
1.970000E-8	-2.980784E-4
1.980000E-8	-4.145702E-4
1.990000E-8	-3.940128E-4
2.000000E-8	-2.364063E-4
2.010000E-8	-1.473243E-4
2.020000E-8	-2.158489E-4
2.030000E-8	-3.426194E-4
2.040000E-8	-4.659637E-4
2.050000E-8	-4.830948E-4
2.060000E-8	-3.049309E-4
2.070000E-8	-2.055377E-5
2.080000E-8	1.610364E-4
2.090000E-8	3.666102E-4
2.100000E-8	3.837414E-4
2.110000E-8	2.569709E-4
2.120000E-8	-4.796361E-5
2.130000E-8	-4.214227E-4
2.140000E-8	-6.989473E-4
2.150000E-8	-7.469145E-4
2.160000E-8	-5.893080E-4
2.170000E-8	-3.186358E-4
2.180000E-8	-1.370131E-5
2.190000E-8	2.192823E-4
2.200000E-8	2.295610E-4
2.210000E-8	6.510198E-5
2.220000E-8	-2.227013E-4
2.230000E-8	-3.631768E-4
2.240000E-8	-2.021440E-4
2.250000E-8	3.734627E-4
2.260000E-8	1.497266E-3
2.270000E-8	3.347430E-3
2.280000E-8	6.019890E-3
2.290000E-8	9.456398E-3
2.300000E-8	1.339999E-2
2.310000E-8	1.757656E-2
2.320000E-8	2.131458E-2
2.330000E-8	2.427142E-2
2.340000E-8	2.625178E-2
2.350000E-8	2.745096E-2
2.360000E-8	2.812250E-2
2.370000E-8	2.855078E-2
2.380000E-8	2.873579E-2
2.390000E-8	2.849596E-2
2.400000E-8	2.754689E-2
2.410000E-8	2.591601E-2
2.420000E-8	2.367183E-2
2.430000E-8	2.134542E-2
2.440000E-8	1.932051E-2
2.450000E-8	1.803225E-2
2.460000E-8	1.750461E-2
2.470000E-8	1.761083E-2
2.480000E-8	1.806651E-2
2.490000E-8	1.873120E-2
2.500000E-8	1.938904E-2
2.510000E-8	2.011197E-2
2.520000E-8	2.090686E-2
2.530000E-8	2.175999E-2
2.540000E-8	2.256858E-2
2.550000E-8	2.300371E-2
2.560000E-8	2.295232E-2
2.570000E-8	2.230476E-2
2.580000E-8	2.109188E-2
2.590000E-8	1.964601E-2
2.600000E-8	1.805966E-2
2.610000E-8	1.678510E-2
2.620000E-8	1.585317E-2
2.630000E-8	1.523302E-2
2.640000E-8	1.503773E-2
2.650000E-8	1.513024E-2
2.660000E-8	1.542489E-2
2.670000E-8	1.612384E-2
2.680000E-8	1.702837E-2
2.690000E-8	1.802540E-2
2.700000E-8	1.897447E-2
2.710000E-8	1.969740E-2
2.720000E-8	2.014624E-2
2.730000E-8	2.027986E-2
2.740000E-8	2.009484E-2
2.750000E-8	1.962545E-2
2.760000E-8	1.885112E-2
2.770000E-8	1.763481E-2
2.780000E-8	1.614440E-2
2.790000E-8	1.453407E-2
2.800000E-8	1.307450E-2
2.810000E-8	1.195755E-2
2.820000E-8	1.138879E-2
2.830000E-8	1.157723E-2
2.840000E-8	1.261538E-2
2.850000E-8	1.429424E-2
2.860000E-8	1.630886E-2
2.870000E-8	1.803225E-2
2.880000E-8	1.917661E-2
2.890000E-8	1.955007E-2
2.900000E-8	1.916976E-2
2.910000E-8	1.829607E-2
2.920000E-8	1.734015E-2
2.930000E-8	1.632599E-2
2.940000E-8	1.533581E-2
2.950000E-8	1.422571E-2
2.960000E-8	1.301283E-2
2.970000E-8	1.184448E-2
2.980000E-8	1.086458E-2
2.990000E-8	1.041917E-2
3.000000E-8	1.079605E-2
3.010000E-8	1.203978E-2
3.020000E-8	1.387281E-2
3.030000E-8	1.585660E-2
3.040000E-8	1.748063E-2
3.050000E-8	1.834747E-2
3.060000E-8	1.832348E-2
3.070000E-8	1.754230E-2
3.080000E-8	1.632942E-2
3.090000E-8	1.512681E-2
3.100000E-8	1.403727E-2
3.110000E-8	1.332461E-2
3.120000E-8	1.275243E-2
3.130000E-8	1.223850E-2
3.140000E-8	1.172114E-2
3.150000E-8	1.126202E-2
3.160000E-8	1.090569E-2
3.170000E-8	1.086115E-2
3.180000E-8	1.118664E-2
3.190000E-8	1.192671E-2
3.200000E-8	1.308820E-2
3.210000E-8	1.424969E-2
3.220000E-8	1.533581E-2
3.230000E-8	1.601420E-2
3.240000E-8	1.616838E-2
3.250000E-8	1.583947E-2
3.260000E-8	1.519876E-2
3.270000E-8	1.431822E-2
3.280000E-8	1.338286E-2
3.290000E-8	1.239610E-2
3.300000E-8	1.141620E-2
3.310000E-8	1.043287E-2
3.320000E-8	9.720218E-3
3.330000E-8	9.350185E-3
3.340000E-8	9.480382E-3
3.350000E-8	1.003886E-2
3.360000E-8	1.104274E-2
3.370000E-8	1.221451E-2
3.380000E-8	1.339656E-2
3.390000E-8	1.444842E-2
3.400000E-8	1.525358E-2
3.410000E-8	1.578807E-2
3.420000E-8	1.601078E-2
3.430000E-8	1.568186E-2
3.440000E-8	1.481160E-2
3.450000E-8	1.337258E-2
3.460000E-8	1.163205E-2
3.470000E-8	9.829858E-3
3.480000E-8	8.383988E-3
3.490000E-8	7.698742E-3
3.500000E-8	7.842644E-3
3.510000E-8	8.675218E-3
3.520000E-8	9.901808E-3
3.530000E-8	1.117979E-2
3.540000E-8	1.236527E-2
3.550000E-8	1.332461E-2
3.560000E-8	1.406125E-2
3.570000E-8	1.464028E-2
3.580000E-8	1.505486E-2
3.590000E-8	1.516450E-2
3.600000E-8	1.486984E-2
3.610000E-8	1.393791E-2
3.620000E-8	1.251945E-2
3.630000E-8	1.084402E-2
3.640000E-8	9.223415E-3
3.650000E-8	7.965988E-3
3.660000E-8	7.256759E-3
3.670000E-8	7.249906E-3
3.680000E-8	7.774120E-3
3.690000E-8	8.637530E-3
3.700000E-8	9.754480E-3
3.710000E-8	1.079948E-2
3.720000E-8	1.156010E-2
3.730000E-8	1.198153E-2
3.740000E-8	1.223850E-2
3.750000E-8	1.239953E-2
3.760000E-8	1.266678E-2
3.770000E-8	1.289291E-2
3.780000E-8	1.301968E-2
3.790000E-8	1.281410E-2
3.800000E-8	1.211173E-2
3.810000E-8	1.101191E-2
3.820000E-8	9.761333E-3
3.830000E-8	8.644382E-3
3.840000E-8	8.113316E-3
3.850000E-8	8.140726E-3
3.860000E-8	8.675218E-3
3.870000E-8	9.357038E-3
3.880000E-8	1.005941E-2
3.890000E-8	1.075151E-2
3.900000E-8	1.136481E-2
3.910000E-8	1.196097E-2
3.920000E-8	1.257084E-2
3.930000E-8	1.308820E-2
3.940000E-8	1.330405E-2
3.950000E-8	1.293060E-2
3.960000E-8	1.202264E-2
3.970000E-8	1.049112E-2
3.980000E-8	8.750595E-3
3.990000E-8	6.996365E-3
4.000000E-8	5.786906E-3
4.010000E-8	5.331218E-3
4.020000E-8	5.759496E-3
4.030000E-8	6.862742E-3
4.040000E-8	8.377136E-3
4.050000E-8	9.942923E-3
4.060000E-8	1.135796E-2
4.070000E-8	1.240638E-2
4.080000E-8	1.297514E-2
4.090000E-8	1.315330E-2
4.100000E-8	1.298199E-2
4.110000E-8	1.247833E-2
4.120000E-8	1.168345E-2
4.130000E-8	1.060761E-2
4.140000E-8	9.274808E-3
4.150000E-8	7.852923E-3
4.160000E-8	6.626332E-3
4.170000E-8	5.738939E-3
4.180000E-8	5.475119E-3
4.190000E-8	5.732086E-3
4.200000E-8	6.485857E-3
4.210000E-8	7.462333E-3
4.220000E-8	8.531316E-3
4.230000E-8	9.692808E-3
4.240000E-8	1.088514E-2
4.250000E-8	1.189245E-2
4.260000E-8	1.253658E-2
4.270000E-8	1.274215E-2
4.280000E-8	1.243037E-2
4.290000E-8	1.154297E-2
4.300000E-8	1.038833E-2
4.310000E-8	9.093218E-3
4.320000E-8	7.976267E-3
4.330000E-8	7.284169E-3
4.340000E-8	7.085447E-3
4.350000E-8	7.249906E-3
4.360000E-8	7.657628E-3
4.370000E-8	8.137300E-3
4.380000E-8	8.582710E-3
4.390000E-8	8.918480E-3
4.400000E-8	9.192579E-3
4.410000E-8	9.466677E-3
4.420000E-8	9.843562E-3
4.430000E-8	1.027184E-2
4.440000E-8	1.073438E-2
4.450000E-8	1.100163E-2
4.460000E-8	1.078920E-2
4.470000E-8	1.010738E-2
4.480000E-8	9.079513E-3
4.490000E-8	7.818661E-3
4.500000E-8	6.660595E-3
4.510000E-8	5.855431E-3
4.520000E-8	5.519660E-3
4.530000E-8	5.608742E-3
4.540000E-8	5.968496E-3
4.550000E-8	6.448169E-3
4.560000E-8	7.119710E-3
4.570000E-8	8.041365E-3
4.580000E-8	9.113775E-3
4.590000E-8	1.041232E-2
4.600000E-8	1.162178E-2
4.610000E-8	1.237212E-2
4.620000E-8	1.235842E-2
4.630000E-8	1.157381E-2
4.640000E-8	1.015878E-2
4.650000E-8	8.479923E-3
4.660000E-8	6.914136E-3
4.670000E-8	5.834873E-3
4.680000E-8	5.207873E-3
4.690000E-8	5.081103E-3
4.700000E-8	5.242136E-3
4.710000E-8	5.694398E-3
4.720000E-8	6.359087E-3
4.730000E-8	7.208792E-3
4.740000E-8	8.243513E-3
4.750000E-8	9.315923E-3
4.760000E-8	1.027527E-2
4.770000E-8	1.096737E-2
4.780000E-8	1.117294E-2
4.790000E-8	1.077892E-2
4.800000E-8	9.809300E-3
4.810000E-8	8.640956E-3
4.820000E-8	7.452054E-3
4.830000E-8	6.424185E-3
4.840000E-8	5.728660E-3
4.850000E-8	5.434004E-3
4.860000E-8	5.447709E-3
4.870000E-8	5.625873E-3
4.880000E-8	5.889693E-3
4.890000E-8	6.328250E-3
4.900000E-8	6.883300E-3
4.910000E-8	7.633644E-3
4.920000E-8	8.476497E-3
4.930000E-8	9.254251E-3
4.940000E-8	9.733923E-3
4.950000E-8	9.853841E-3
4.960000E-8	9.689382E-3
4.970000E-8	9.288513E-3
4.980000E-8	8.805415E-3
4.990000E-8	8.298333E-3
5.000000E-8	7.780972E-3
5.010000E-8	7.140267E-3
5.020000E-8	6.393349E-3
5.030000E-8	5.512808E-3
5.040000E-8	4.841267E-3
5.050000E-8	4.430119E-3
5.060000E-8	4.591152E-3
5.070000E-8	5.290103E-3
5.080000E-8	6.437890E-3
5.090000E-8	7.623365E-3
5.100000E-8	8.627251E-3
5.110000E-8	9.219989E-3
5.120000E-8	9.476956E-3
5.130000E-8	9.381021E-3
5.140000E-8	9.137759E-3
5.150000E-8	8.808841E-3
5.160000E-8	8.277775E-3
5.170000E-8	7.500021E-3
5.180000E-8	6.526972E-3
5.190000E-8	5.574480E-3
5.200000E-8	4.700791E-3
5.210000E-8	4.156021E-3
5.220000E-8	4.104627E-3
5.230000E-8	4.539758E-3
5.240000E-8	5.317513E-3
5.250000E-8	6.400201E-3
5.260000E-8	7.500021E-3
5.270000E-8	8.572431E-3
5.280000E-8	9.507792E-3
5.290000E-8	1.006627E-2
5.300000E-8	1.019989E-2
5.310000E-8	9.778464E-3
5.320000E-8	8.945890E-3
5.330000E-8	7.698742E-3
5.340000E-8	6.451595E-3
5.350000E-8	5.320939E-3
5.360000E-8	4.567168E-3
5.370000E-8	4.197135E-3
5.380000E-8	4.368447E-3
5.390000E-8	4.882381E-3
5.400000E-8	5.697824E-3
5.410000E-8	6.636611E-3
5.420000E-8	7.465759E-3
5.430000E-8	8.140726E-3
5.440000E-8	8.521038E-3
5.450000E-8	8.658087E-3
5.460000E-8	8.558726E-3
5.470000E-8	8.192120E-3
5.480000E-8	7.688464E-3
5.490000E-8	7.061464E-3
5.500000E-8	6.410480E-3
5.510000E-8	5.810890E-3
5.520000E-8	5.344922E-3
5.530000E-8	4.992021E-3
5.540000E-8	4.796726E-3
5.550000E-8	4.700791E-3
5.560000E-8	4.765890E-3
5.570000E-8	4.892660E-3
5.580000E-8	5.153054E-3
5.590000E-8	5.595037E-3
5.600000E-8	6.184349E-3
5.610000E-8	6.931267E-3
5.620000E-8	7.709021E-3
5.630000E-8	8.435382E-3
5.640000E-8	8.928759E-3
5.650000E-8	9.082939E-3
5.660000E-8	8.733464E-3
5.670000E-8	7.996824E-3
5.680000E-8	6.873021E-3
5.690000E-8	5.646431E-3
5.700000E-8	4.478086E-3
5.710000E-8	3.580414E-3
5.720000E-8	3.155561E-3
5.730000E-8	3.206955E-3
5.740000E-8	3.672922E-3
5.750000E-8	4.430119E-3
5.760000E-8	5.362054E-3
5.770000E-8	6.300841E-3
5.780000E-8	7.040906E-3
5.790000E-8	7.633644E-3
5.800000E-8	8.027661E-3
5.810000E-8	8.318890E-3
5.820000E-8	8.431956E-3
5.830000E-8	8.270923E-3
5.840000E-8	7.780972E-3
5.850000E-8	6.968955E-3
5.860000E-8	5.872562E-3
5.870000E-8	4.560316E-3
5.880000E-8	3.309742E-3
5.890000E-8	2.501152E-3
5.900000E-8	2.398365E-3
5.910000E-8	3.045922E-3
5.920000E-8	4.269086E-3
5.930000E-8	5.708103E-3
5.940000E-8	7.044333E-3
5.950000E-8	7.825513E-3
5.960000E-8	8.106464E-3
5.970000E-8	7.856349E-3
5.980000E-8	7.404087E-3
5.990000E-8	6.900431E-3
6.000000E-8	6.475578E-3
6.010000E-8	5.879414E-3
6.020000E-8	5.235283E-3
6.030000E-8	4.519201E-3
6.040000E-8	3.827103E-3
6.050000E-8	3.261775E-3
6.060000E-8	3.080184E-3
6.070000E-8	3.361135E-3
6.080000E-8	3.929889E-3
6.090000E-8	4.741906E-3
6.100000E-8	5.605316E-3
6.110000E-8	6.386496E-3
6.120000E-8	6.855890E-3
6.130000E-8	6.968955E-3
6.140000E-8	6.845611E-3
6.150000E-8	6.633185E-3
6.160000E-8	6.369365E-3
6.170000E-8	6.102119E-3
6.180000E-8	5.848578E-3
6.190000E-8	5.591611E-3
6.200000E-8	5.276398E-3
6.210000E-8	4.896086E-3
6.220000E-8	4.536332E-3
6.230000E-8	4.166299E-3
6.240000E-8	3.899053E-3
6.250000E-8	3.779135E-3
6.260000E-8	3.919611E-3
6.270000E-8	4.258808E-3
6.280000E-8	4.769316E-3
6.290000E-8	5.348349E-3
6.300000E-8	5.954791E-3
6.310000E-8	6.410480E-3
6.320000E-8	6.780513E-3
6.330000E-8	7.082021E-3
6.340000E-8	7.071742E-3
6.350000E-8	6.893578E-3
6.360000E-8	6.328250E-3
6.370000E-8	5.478545E-3
6.380000E-8	4.464381E-3
6.390000E-8	3.508463E-3
6.400000E-8	2.823217E-3
6.410000E-8	2.555971E-3
6.420000E-8	2.703299E-3
6.430000E-8	3.237791E-3
6.440000E-8	4.053234E-3
6.450000E-8	4.998873E-3
6.460000E-8	5.899972E-3
6.470000E-8	6.732546E-3
6.480000E-8	7.280742E-3
6.490000E-8	7.476038E-3
6.500000E-8	7.325283E-3
6.510000E-8	6.835333E-3
6.520000E-8	6.108972E-3
6.530000E-8	5.368906E-3
6.540000E-8	4.673381E-3
6.550000E-8	4.053234E-3
6.560000E-8	3.597545E-3
6.570000E-8	3.313168E-3
6.580000E-8	3.148709E-3
6.590000E-8	3.145283E-3
6.600000E-8	3.361135E-3
6.610000E-8	3.762004E-3
6.620000E-8	4.371873E-3
6.630000E-8	5.070824E-3
6.640000E-8	5.793759E-3
6.650000E-8	6.383070E-3
6.660000E-8	6.646890E-3
6.670000E-8	6.595496E-3
6.680000E-8	6.225464E-3
6.690000E-8	5.636152E-3
6.700000E-8	5.002299E-3
6.710000E-8	4.419840E-3
6.720000E-8	4.108053E-3
6.730000E-8	4.087496E-3
6.740000E-8	4.251955E-3
6.750000E-8	4.457529E-3
6.760000E-8	4.639119E-3
6.770000E-8	4.621988E-3
6.780000E-8	4.563742E-3
6.790000E-8	4.512349E-3
6.800000E-8	4.522627E-3
6.810000E-8	4.817283E-3
6.820000E-8	5.290103E-3
6.830000E-8	5.869136E-3
6.840000E-8	6.304267E-3
6.850000E-8	6.465300E-3
6.860000E-8	6.150087E-3
6.870000E-8	5.434004E-3
6.880000E-8	4.577447E-3
6.890000E-8	3.731168E-3
6.900000E-8	3.080184E-3
6.910000E-8	2.597086E-3
6.920000E-8	2.370955E-3
6.930000E-8	2.302430E-3
6.940000E-8	2.353824E-3
6.950000E-8	2.607365E-3
6.960000E-8	3.063053E-3
6.970000E-8	3.669496E-3
6.980000E-8	4.395857E-3
6.990000E-8	5.091381E-3
7.000000E-8	5.605316E-3
7.010000E-8	5.968496E-3
7.020000E-8	6.112398E-3
7.030000E-8	6.016464E-3
7.040000E-8	5.639578E-3
7.050000E-8	4.998873E-3
7.060000E-8	4.197135E-3
7.070000E-8	3.422807E-3
7.080000E-8	2.806086E-3
7.090000E-8	2.514856E-3
7.100000E-8	2.569676E-3
7.110000E-8	2.956840E-3
7.120000E-8	3.529021E-3
7.130000E-8	4.310201E-3
7.140000E-8	4.940627E-3
7.150000E-8	5.468267E-3
7.160000E-8	5.773201E-3
7.170000E-8	5.889693E-3
7.180000E-8	5.793759E-3
7.190000E-8	5.574480E-3
7.200000E-8	5.248988E-3
7.210000E-8	4.906365E-3
7.220000E-8	4.532906E-3
7.230000E-8	4.214267E-3
7.240000E-8	3.789414E-3
7.250000E-8	3.354283E-3
7.260000E-8	2.932857E-3
7.270000E-8	2.648479E-3
7.280000E-8	2.610791E-3
7.290000E-8	2.994529E-3
7.300000E-8	3.607824E-3
7.310000E-8	4.385578E-3
7.320000E-8	4.950906E-3
7.330000E-8	5.170185E-3
7.340000E-8	5.101660E-3
7.350000E-8	4.902939E-3
7.360000E-8	4.601431E-3
7.370000E-8	4.440398E-3
7.380000E-8	4.443824E-3
7.390000E-8	4.354742E-3
7.400000E-8	4.169726E-3
7.410000E-8	3.833955E-3
7.420000E-8	3.361135E-3
7.430000E-8	2.912299E-3
7.440000E-8	2.634775E-3
7.450000E-8	2.655332E-3
7.460000E-8	2.888316E-3
7.470000E-8	3.261775E-3
7.480000E-8	3.720889E-3
7.490000E-8	4.060086E-3
7.500000E-8	4.313627E-3
7.510000E-8	4.584299E-3
7.520000E-8	4.745332E-3
7.530000E-8	4.950906E-3
7.540000E-8	4.995447E-3
7.550000E-8	4.779594E-3
7.560000E-8	4.289644E-3
7.570000E-8	3.600971E-3
7.580000E-8	3.042496E-3
7.590000E-8	2.665611E-3
7.600000E-8	2.573102E-3
7.610000E-8	2.686168E-3
7.620000E-8	2.857479E-3
7.630000E-8	2.963693E-3
7.640000E-8	3.124725E-3
7.650000E-8	3.391971E-3
7.660000E-8	3.813398E-3
7.670000E-8	4.299922E-3
7.680000E-8	4.663103E-3
7.690000E-8	4.844693E-3
7.700000E-8	4.683660E-3
7.710000E-8	4.351316E-3
7.720000E-8	3.809971E-3
7.730000E-8	3.378266E-3
7.740000E-8	3.045922E-3
7.750000E-8	2.655332E-3
7.760000E-8	2.233906E-3
7.770000E-8	1.901561E-3
7.780000E-8	1.689135E-3
7.790000E-8	1.881004E-3
7.800000E-8	2.343545E-3
7.810000E-8	2.878037E-3
7.820000E-8	3.463922E-3
7.830000E-8	3.912758E-3
7.840000E-8	4.149168E-3
7.850000E-8	4.227971E-3
7.860000E-8	4.275939E-3
7.870000E-8	4.361594E-3
7.880000E-8	4.389004E-3
7.890000E-8	4.320480E-3
7.900000E-8	4.036103E-3
7.910000E-8	3.614676E-3
7.920000E-8	3.045922E-3
7.930000E-8	2.384660E-3
7.940000E-8	1.860447E-3
7.950000E-8	1.480135E-3
7.960000E-8	1.432168E-3
7.970000E-8	1.582922E-3
7.980000E-8	2.024906E-3
7.990000E-8	2.617643E-3
8.000000E-8	3.258348E-3
8.010000E-8	3.758578E-3
8.020000E-8	4.097775E-3
8.030000E-8	4.238250E-3
8.040000E-8	4.193709E-3
8.050000E-8	4.029250E-3
8.060000E-8	3.796266E-3
8.070000E-8	3.611250E-3
8.080000E-8	3.450217E-3
8.090000E-8	3.172693E-3
8.100000E-8	2.775250E-3
8.110000E-8	2.316135E-3
8.120000E-8	1.952955E-3
8.130000E-8	1.634315E-3
8.140000E-8	1.596627E-3
8.150000E-8	1.881004E-3
8.160000E-8	2.429201E-3
8.170000E-8	3.155561E-3
8.180000E-8	3.789414E-3
8.190000E-8	4.251955E-3
8.200000E-8	4.419840E-3
8.210000E-8	4.272512E-3
8.220000E-8	4.005267E-3
8.230000E-8	3.686627E-3
8.240000E-8	3.415955E-3
8.250000E-8	3.272053E-3
8.260000E-8	3.200102E-3
8.270000E-8	3.114447E-3
8.280000E-8	2.970545E-3
8.290000E-8	2.867758E-3
8.300000E-8	2.806086E-3
8.310000E-8	2.929430E-3
8.320000E-8	3.196676E-3
8.330000E-8	3.631807E-3
8.340000E-8	4.029250E-3
8.350000E-8	4.299922E-3
8.360000E-8	4.221119E-3
8.370000E-8	3.875070E-3
8.380000E-8	3.381693E-3
8.390000E-8	2.987676E-3
8.400000E-8	2.764971E-3
8.410000E-8	2.761545E-3
8.420000E-8	3.015086E-3
8.430000E-8	3.189824E-3
8.440000E-8	3.224086E-3
8.450000E-8	2.926004E-3
8.460000E-8	2.422348E-3
8.470000E-8	1.874151E-3
8.480000E-8	1.534955E-3
8.490000E-8	1.593201E-3
8.500000E-8	1.959807E-3
8.510000E-8	2.600512E-3
8.520000E-8	3.138430E-3
8.530000E-8	3.535873E-3
8.540000E-8	3.642086E-3
8.550000E-8	3.563283E-3
8.560000E-8	3.467348E-3
8.570000E-8	3.391971E-3
8.580000E-8	3.381693E-3
8.590000E-8	3.378266E-3
8.600000E-8	3.381693E-3
8.610000E-8	3.241217E-3
8.620000E-8	3.073332E-3
8.630000E-8	2.740988E-3
8.640000E-8	2.412070E-3
8.650000E-8	2.083151E-3
8.660000E-8	1.908414E-3
8.670000E-8	1.853594E-3
8.680000E-8	1.874151E-3
8.690000E-8	2.158529E-3
8.700000E-8	2.579955E-3
8.710000E-8	3.001381E-3
8.720000E-8	3.340578E-3
8.730000E-8	3.573562E-3
8.740000E-8	3.672922E-3
8.750000E-8	3.686627E-3
8.760000E-8	3.556430E-3
8.770000E-8	3.330299E-3
8.780000E-8	2.980824E-3
8.790000E-8	2.610791E-3
8.800000E-8	2.127692E-3
8.810000E-8	1.713119E-3
8.820000E-8	1.449299E-3
8.830000E-8	1.391053E-3
8.840000E-8	1.558938E-3
8.850000E-8	1.915266E-3
8.860000E-8	2.247611E-3
8.870000E-8	2.614217E-3
8.880000E-8	2.806086E-3
8.890000E-8	2.922578E-3
8.900000E-8	2.960266E-3
8.910000E-8	2.960266E-3
8.920000E-8	3.032217E-3
8.930000E-8	2.987676E-3
8.940000E-8	2.932857E-3
8.950000E-8	2.727283E-3
8.960000E-8	2.549119E-3
8.970000E-8	2.285299E-3
8.980000E-8	1.994069E-3
8.990000E-8	1.822758E-3
9.000000E-8	1.857020E-3
9.010000E-8	2.004348E-3
9.020000E-8	2.312709E-3
9.030000E-8	2.627922E-3
9.040000E-8	2.850627E-3
9.050000E-8	2.943135E-3
9.060000E-8	2.888316E-3
9.070000E-8	2.936283E-3
9.080000E-8	2.956840E-3
9.090000E-8	3.028791E-3
9.100000E-8	3.008234E-3
9.110000E-8	2.836922E-3
9.120000E-8	2.545693E-3
9.130000E-8	2.220201E-3
9.140000E-8	1.966660E-3
9.150000E-8	1.966660E-3
9.160000E-8	2.182512E-3
9.170000E-8	2.429201E-3
9.180000E-8	2.634775E-3
9.190000E-8	2.720430E-3
9.200000E-8	2.740988E-3
9.210000E-8	2.812938E-3
9.220000E-8	2.881463E-3
9.230000E-8	3.066479E-3
9.240000E-8	3.299463E-3
9.250000E-8	3.583840E-3
9.260000E-8	3.724316E-3
9.270000E-8	3.672922E-3
9.280000E-8	3.357709E-3
9.290000E-8	2.840348E-3
9.300000E-8	2.316135E-3
9.310000E-8	1.898135E-3
9.320000E-8	1.713119E-3
9.330000E-8	1.757660E-3
9.340000E-8	2.055742E-3
9.350000E-8	2.480594E-3
9.360000E-8	2.891742E-3
9.370000E-8	3.200102E-3
9.380000E-8	3.457070E-3
9.390000E-8	3.600971E-3
9.400000E-8	3.717463E-3
9.410000E-8	3.792840E-3
9.420000E-8	3.792840E-3
9.430000E-8	3.679775E-3
9.440000E-8	3.436512E-3
9.450000E-8	3.018512E-3
9.460000E-8	2.559397E-3
9.470000E-8	2.230479E-3
9.480000E-8	2.007774E-3
9.490000E-8	2.052315E-3
9.500000E-8	2.319561E-3
9.510000E-8	2.631348E-3
9.520000E-8	2.864332E-3
9.530000E-8	2.991102E-3
9.540000E-8	2.980824E-3
9.550000E-8	2.888316E-3
9.560000E-8	2.895168E-3
9.570000E-8	2.980824E-3
9.580000E-8	3.172693E-3
9.590000E-8	3.361135E-3
9.600000E-8	3.515316E-3
9.610000E-8	3.501611E-3
9.620000E-8	3.244643E-3
9.630000E-8	2.874611E-3
9.640000E-8	2.453184E-3
9.650000E-8	2.093430E-3
9.660000E-8	1.911840E-3
9.670000E-8	1.815906E-3
9.680000E-8	1.767938E-3
9.690000E-8	1.764512E-3
9.700000E-8	1.819332E-3
9.710000E-8	1.997496E-3
9.720000E-8	2.299004E-3
9.730000E-8	2.717004E-3
9.740000E-8	3.141857E-3
9.750000E-8	3.402250E-3
9.760000E-8	3.268627E-3
9.770000E-8	2.953414E-3
9.780000E-8	2.576529E-3
9.790000E-8	2.223627E-3
9.800000E-8	2.045463E-3
9.810000E-8	2.000922E-3
9.820000E-8	2.038610E-3
9.830000E-8	2.110561E-3
9.840000E-8	2.021479E-3
9.850000E-8	1.990643E-3
9.860000E-8	1.956381E-3
9.870000E-8	1.942676E-3
9.880000E-8	2.045463E-3
9.890000E-8	2.158529E-3
9.900000E-8	2.350397E-3
9.910000E-8	2.552545E-3
9.920000E-8	2.710152E-3
9.930000E-8	2.720430E-3
9.940000E-8	2.806086E-3
9.950000E-8	2.788955E-3
9.960000E-8	2.720430E-3
9.970000E-8	2.542266E-3
9.980000E-8	2.412070E-3
9.990000E-8	2.292151E-3
1.000000E-7	2.069447E-3
1.001000E-7	1.915266E-3
1.002000E-7	1.791922E-3
1.003000E-7	1.809053E-3
1.004000E-7	1.925545E-3
1.005000E-7	2.151676E-3
1.006000E-7	2.460037E-3
1.007000E-7	2.740988E-3
1.008000E-7	2.905447E-3
1.009000E-7	3.004807E-3
1.010000E-7	2.919152E-3
1.011000E-7	2.713578E-3
1.012000E-7	2.316135E-3
1.013000E-7	1.857020E-3
1.014000E-7	1.534955E-3
1.015000E-7	1.264282E-3
1.016000E-7	1.103250E-3
1.017000E-7	1.055282E-3
1.018000E-7	1.130660E-3
1.019000E-7	1.257430E-3
1.020000E-7	1.439020E-3
1.021000E-7	1.699414E-3
1.022000E-7	1.946102E-3
1.023000E-7	2.240758E-3
1.024000E-7	2.456611E-3
1.025000E-7	2.651906E-3
1.026000E-7	2.747840E-3
1.027000E-7	2.713578E-3
1.028000E-7	2.538840E-3
1.029000E-7	2.353824E-3
1.030000E-7	2.127692E-3
1.031000E-7	1.952955E-3
1.032000E-7	1.819332E-3
1.033000E-7	1.826184E-3
1.034000E-7	1.935824E-3
1.035000E-7	2.014627E-3
1.036000E-7	2.066020E-3
1.037000E-7	1.959807E-3
1.038000E-7	1.798774E-3
1.039000E-7	1.627463E-3
1.040000E-7	1.648020E-3
1.041000E-7	1.939250E-3
1.042000E-7	2.398365E-3
1.043000E-7	2.884889E-3
1.044000E-7	3.111020E-3
1.045000E-7	3.032217E-3
1.046000E-7	2.662184E-3
1.047000E-7	2.120840E-3
1.048000E-7	1.569217E-3
1.049000E-7	1.281414E-3
1.050000E-7	1.206037E-3
1.051000E-7	1.459578E-3
1.052000E-7	1.884430E-3
1.053000E-7	2.353824E-3
1.054000E-7	2.669037E-3
1.055000E-7	2.902020E-3
1.056000E-7	2.943135E-3
1.057000E-7	2.905447E-3
1.058000E-7	2.823217E-3
1.059000E-7	2.737561E-3
1.060000E-7	2.586807E-3
1.061000E-7	2.494299E-3
1.062000E-7	2.514856E-3
1.063000E-7	2.562824E-3
1.064000E-7	2.603938E-3
1.065000E-7	2.679315E-3
1.066000E-7	2.706725E-3
1.067000E-7	2.658758E-3
1.068000E-7	2.586807E-3
1.069000E-7	2.432627E-3
1.070000E-7	2.271594E-3
1.071000E-7	2.079725E-3
1.072000E-7	2.021479E-3
1.073000E-7	2.113988E-3
1.074000E-7	2.353824E-3
1.075000E-7	2.569676E-3
1.076000E-7	2.699873E-3
1.077000E-7	2.785529E-3
1.078000E-7	2.638201E-3
1.079000E-7	2.470315E-3
1.080000E-7	2.305856E-3
1.081000E-7	2.199643E-3
1.082000E-7	2.175660E-3
1.083000E-7	2.175660E-3
1.084000E-7	2.189365E-3
1.085000E-7	1.994069E-3
1.086000E-7	1.754233E-3
1.087000E-7	1.552086E-3
1.088000E-7	1.463004E-3
1.089000E-7	1.620610E-3
1.090000E-7	1.887856E-3
1.091000E-7	2.158529E-3
1.092000E-7	2.329840E-3
1.093000E-7	2.305856E-3
1.094000E-7	2.117414E-3
1.095000E-7	1.932397E-3
1.096000E-7	1.887856E-3
1.097000E-7	1.932397E-3
1.098000E-7	2.093430E-3
1.099000E-7	2.329840E-3
1.100000E-7	2.456611E-3
1.101000E-7	2.511430E-3
1.102000E-7	2.463463E-3
1.103000E-7	2.370955E-3
1.104000E-7	2.251037E-3
1.105000E-7	1.966660E-3
1.106000E-7	1.761086E-3
1.107000E-7	1.538381E-3
1.108000E-7	1.541807E-3
1.109000E-7	1.654873E-3
1.110000E-7	1.860447E-3
1.111000E-7	2.113988E-3
1.112000E-7	2.271594E-3
1.113000E-7	2.340119E-3
1.114000E-7	2.384660E-3
1.115000E-7	2.381233E-3
1.116000E-7	2.415496E-3
1.117000E-7	2.442906E-3
1.118000E-7	2.412070E-3
1.119000E-7	2.326414E-3
1.120000E-7	2.069447E-3
1.121000E-7	1.887856E-3
1.122000E-7	1.884430E-3
1.123000E-7	1.997496E-3
1.124000E-7	2.189365E-3
1.125000E-7	2.422348E-3
1.126000E-7	2.621070E-3
1.127000E-7	2.682742E-3
1.128000E-7	2.621070E-3
1.129000E-7	2.408643E-3
1.130000E-7	2.278447E-3
1.131000E-7	2.141397E-3
1.132000E-7	2.079725E-3
1.133000E-7	2.096856E-3
1.134000E-7	2.110561E-3
1.135000E-7	2.151676E-3
1.136000E-7	2.175660E-3
1.137000E-7	2.192791E-3
1.138000E-7	2.137971E-3
1.139000E-7	2.117414E-3
1.140000E-7	2.103709E-3
1.141000E-7	2.120840E-3
1.142000E-7	2.155102E-3
1.143000E-7	2.292151E-3
1.144000E-7	2.391512E-3
1.145000E-7	2.346971E-3
1.146000E-7	2.127692E-3
1.147000E-7	1.774791E-3
1.148000E-7	1.490414E-3
1.149000E-7	1.281414E-3
1.150000E-7	1.277987E-3
1.151000E-7	1.397905E-3
1.152000E-7	1.610332E-3
1.153000E-7	1.815906E-3
1.154000E-7	1.881004E-3
1.155000E-7	1.754233E-3
1.156000E-7	1.555512E-3
1.157000E-7	1.425315E-3
1.158000E-7	1.404758E-3
1.159000E-7	1.558938E-3
1.160000E-7	1.805627E-3
1.161000E-7	2.120840E-3
1.162000E-7	2.305856E-3
1.163000E-7	2.261315E-3
1.164000E-7	2.103709E-3
1.165000E-7	1.870725E-3
1.166000E-7	1.706266E-3
1.167000E-7	1.726824E-3
1.168000E-7	1.853594E-3
1.169000E-7	2.038610E-3
1.170000E-7	2.165381E-3
1.171000E-7	2.096856E-3
1.172000E-7	1.850168E-3
1.173000E-7	1.545233E-3
1.174000E-7	1.298545E-3
1.175000E-7	1.212889E-3
1.176000E-7	1.404758E-3
1.177000E-7	1.716545E-3
1.178000E-7	2.055742E-3
1.179000E-7	2.405217E-3
1.180000E-7	2.566250E-3
1.181000E-7	2.497725E-3
1.182000E-7	2.261315E-3
1.183000E-7	1.891283E-3
1.184000E-7	1.593201E-3
1.185000E-7	1.435594E-3
1.186000E-7	1.408184E-3
1.187000E-7	1.558938E-3
1.188000E-7	1.719971E-3
1.189000E-7	1.737102E-3
1.190000E-7	1.634315E-3
1.191000E-7	1.442446E-3
1.192000E-7	1.463004E-3
1.193000E-7	1.486987E-3
1.194000E-7	1.737102E-3
1.195000E-7	2.076299E-3
1.196000E-7	2.271594E-3
1.197000E-7	2.353824E-3
1.198000E-7	2.161955E-3
1.199000E-7	1.839889E-3
1.200000E-7	1.507545E-3
1.201000E-7	1.432168E-3
1.202000E-7	1.528102E-3
1.203000E-7	1.726824E-3
1.204000E-7	2.048889E-3
1.205000E-7	2.192791E-3
1.206000E-7	2.155102E-3
1.207000E-7	1.843315E-3
1.208000E-7	1.486987E-3
1.209000E-7	1.209463E-3
1.210000E-7	1.068987E-3
1.211000E-7	1.113528E-3
1.212000E-7	1.425315E-3
1.213000E-7	1.668578E-3
1.214000E-7	1.836463E-3
1.215000E-7	1.850168E-3
1.216000E-7	1.757660E-3
1.217000E-7	1.634315E-3
1.218000E-7	1.600053E-3
1.219000E-7	1.517824E-3
1.220000E-7	1.644594E-3
1.221000E-7	1.723397E-3
1.222000E-7	1.781643E-3
1.223000E-7	1.788496E-3
1.224000E-7	1.774791E-3
1.225000E-7	1.805627E-3
1.226000E-7	1.870725E-3
1.227000E-7	2.045463E-3
1.228000E-7	2.179086E-3
1.229000E-7	2.244184E-3
1.230000E-7	2.172233E-3
1.231000E-7	1.949528E-3
1.232000E-7	1.665151E-3
1.233000E-7	1.459578E-3
1.234000E-7	1.432168E-3
1.235000E-7	1.541807E-3
1.236000E-7	1.850168E-3
1.237000E-7	2.083151E-3
1.238000E-7	2.206496E-3
1.239000E-7	2.182512E-3
1.240000E-7	1.970086E-3
1.241000E-7	1.726824E-3
1.242000E-7	1.500692E-3
1.243000E-7	1.480135E-3
1.244000E-7	1.480135E-3
1.245000E-7	1.545233E-3
1.246000E-7	1.726824E-3
1.247000E-7	1.850168E-3
1.248000E-7	1.901561E-3
1.249000E-7	1.839889E-3
1.250000E-7	1.596627E-3
1.251000E-7	1.325955E-3
1.252000E-7	1.140938E-3
1.253000E-7	1.075840E-3
1.254000E-7	1.295119E-3
1.255000E-7	1.514397E-3
1.256000E-7	1.767938E-3
1.257000E-7	1.918692E-3
1.258000E-7	1.812479E-3
1.259000E-7	1.600053E-3
1.260000E-7	1.343086E-3
1.261000E-7	1.264282E-3
1.262000E-7	1.305397E-3
1.263000E-7	1.483561E-3
1.264000E-7	1.737102E-3
1.265000E-7	1.956381E-3
1.266000E-7	2.079725E-3
1.267000E-7	2.021479E-3
1.268000E-7	1.887856E-3
1.269000E-7	1.695987E-3
1.270000E-7	1.555512E-3
1.271000E-7	1.507545E-3
1.272000E-7	1.545233E-3
1.273000E-7	1.699414E-3
1.274000E-7	1.857020E-3
1.275000E-7	1.891283E-3
1.276000E-7	1.805627E-3
1.277000E-7	1.582922E-3
1.278000E-7	1.315676E-3
1.279000E-7	1.120381E-3
1.280000E-7	1.055282E-3
1.281000E-7	1.254004E-3
1.282000E-7	1.483561E-3
1.283000E-7	1.603479E-3
1.284000E-7	1.483561E-3
1.285000E-7	1.099823E-3
1.286000E-7	6.338562E-4
1.287000E-7	2.706758E-4
1.288000E-7	1.267741E-4
1.289000E-7	2.364135E-4
1.290000E-7	4.796758E-4
1.291000E-7	7.914627E-4
1.292000E-7	9.422169E-4
1.293000E-7	9.867579E-4
1.294000E-7	8.839710E-4
1.295000E-7	8.360037E-4
1.296000E-7	9.559218E-4
1.297000E-7	1.182053E-3
1.298000E-7	1.490414E-3
1.299000E-7	1.788496E-3
1.300000E-7	1.918692E-3
1.301000E-7	1.846742E-3
1.302000E-7	1.651446E-3
1.303000E-7	1.497266E-3
1.304000E-7	1.439020E-3
1.305000E-7	1.528102E-3
1.306000E-7	1.754233E-3
1.307000E-7	1.939250E-3
1.308000E-7	2.045463E-3
1.309000E-7	2.031758E-3
1.310000E-7	1.942676E-3
1.311000E-7	1.761086E-3
1.312000E-7	1.668578E-3
1.313000E-7	1.624037E-3
1.314000E-7	1.620610E-3
1.315000E-7	1.606905E-3
1.316000E-7	1.617184E-3
1.317000E-7	1.606905E-3
1.318000E-7	1.624037E-3
1.319000E-7	1.675430E-3
1.320000E-7	1.870725E-3
1.321000E-7	2.004348E-3
1.322000E-7	2.110561E-3
1.323000E-7	2.264742E-3
1.324000E-7	2.305856E-3
1.325000E-7	2.312709E-3
1.326000E-7	2.261315E-3
1.327000E-7	2.055742E-3
1.328000E-7	1.874151E-3
1.329000E-7	1.757660E-3
1.330000E-7	1.682283E-3
1.331000E-7	1.726824E-3
1.332000E-7	1.833037E-3
1.333000E-7	1.870725E-3
1.334000E-7	1.881004E-3
1.335000E-7	1.812479E-3
1.336000E-7	1.716545E-3
1.337000E-7	1.733676E-3
1.338000E-7	1.887856E-3
1.339000E-7	2.155102E-3
1.340000E-7	2.415496E-3
1.341000E-7	2.490873E-3
1.342000E-7	2.391512E-3
1.343000E-7	2.113988E-3
1.344000E-7	1.764512E-3
1.345000E-7	1.473283E-3
1.346000E-7	1.260856E-3
1.347000E-7	1.233446E-3
1.348000E-7	1.171774E-3
1.349000E-7	1.264282E-3
1.350000E-7	1.397905E-3
1.351000E-7	1.589774E-3
1.352000E-7	1.754233E-3
1.353000E-7	1.870725E-3
1.354000E-7	1.898135E-3
1.355000E-7	1.836463E-3
1.356000E-7	1.761086E-3
1.357000E-7	1.699414E-3
1.358000E-7	1.682283E-3
1.359000E-7	1.771365E-3
1.360000E-7	1.788496E-3
1.361000E-7	1.706266E-3
1.362000E-7	1.589774E-3
1.363000E-7	1.435594E-3
1.364000E-7	1.240299E-3
1.365000E-7	1.171774E-3
1.366000E-7	1.240299E-3
1.367000E-7	1.469856E-3
1.368000E-7	1.706266E-3
1.369000E-7	1.904988E-3
1.370000E-7	1.928971E-3
1.371000E-7	1.826184E-3
1.372000E-7	1.603479E-3
1.373000E-7	1.370496E-3
1.374000E-7	1.284840E-3
1.375000E-7	1.301971E-3
1.376000E-7	1.370496E-3
1.377000E-7	1.469856E-3
1.378000E-7	1.452725E-3
1.379000E-7	1.308823E-3
1.380000E-7	1.161496E-3
1.381000E-7	1.027873E-3
1.382000E-7	1.062135E-3
1.383000E-7	1.192332E-3
1.384000E-7	1.397905E-3
1.385000E-7	1.558938E-3
1.386000E-7	1.675430E-3
1.387000E-7	1.771365E-3
1.388000E-7	1.987217E-3
1.389000E-7	2.086578E-3
1.390000E-7	2.227053E-3
1.391000E-7	2.209922E-3
1.392000E-7	2.148250E-3
1.393000E-7	1.970086E-3
1.394000E-7	1.798774E-3
1.395000E-7	1.603479E-3
1.396000E-7	1.521250E-3
1.397000E-7	1.500692E-3
1.398000E-7	1.593201E-3
1.399000E-7	1.791922E-3
1.400000E-7	1.970086E-3
1.401000E-7	2.083151E-3
1.402000E-7	2.230479E-3
1.403000E-7	2.155102E-3
1.404000E-7	1.970086E-3
1.405000E-7	1.682283E-3
1.406000E-7	1.384201E-3
1.407000E-7	1.086119E-3
1.408000E-7	8.736923E-4
1.409000E-7	6.886758E-4
1.410000E-7	5.036594E-4
1.411000E-7	4.214299E-4
1.412000E-7	4.248561E-4
1.413000E-7	5.893152E-4
1.414000E-7	8.325775E-4
1.415000E-7	1.206037E-3
1.416000E-7	1.510971E-3
1.417000E-7	1.719971E-3
1.418000E-7	1.802201E-3
1.419000E-7	1.699414E-3
1.420000E-7	1.576069E-3
1.421000E-7	1.391053E-3
1.422000E-7	1.308823E-3
1.423000E-7	1.339660E-3
1.424000E-7	1.435594E-3
1.425000E-7	1.634315E-3
1.426000E-7	1.702840E-3
1.427000E-7	1.716545E-3
1.428000E-7	1.658299E-3
1.429000E-7	1.360217E-3
1.430000E-7	9.970365E-4
1.431000E-7	7.400693E-4
1.432000E-7	5.619053E-4
1.433000E-7	6.030201E-4
1.434000E-7	7.366431E-4
1.435000E-7	9.730529E-4
1.436000E-7	1.144364E-3
1.437000E-7	1.236873E-3
1.438000E-7	1.240299E-3
1.439000E-7	1.219742E-3
1.440000E-7	1.192332E-3
1.441000E-7	1.199184E-3
1.442000E-7	1.295119E-3
1.443000E-7	1.421889E-3
1.444000E-7	1.463004E-3
1.445000E-7	1.500692E-3
1.446000E-7	1.528102E-3
1.447000E-7	1.510971E-3
1.448000E-7	1.466430E-3
1.449000E-7	1.486987E-3
1.450000E-7	1.555512E-3
1.451000E-7	1.606905E-3
1.452000E-7	1.737102E-3
1.453000E-7	1.843315E-3
1.454000E-7	1.973512E-3
1.455000E-7	2.079725E-3
1.456000E-7	2.117414E-3
1.457000E-7	2.155102E-3
1.458000E-7	2.137971E-3
1.459000E-7	2.035184E-3
1.460000E-7	1.850168E-3
1.461000E-7	1.627463E-3
1.462000E-7	1.356791E-3
1.463000E-7	1.137512E-3
1.464000E-7	9.387906E-4
1.465000E-7	8.085939E-4
1.466000E-7	9.148070E-4
1.467000E-7	1.103250E-3
1.468000E-7	1.418463E-3
1.469000E-7	1.661725E-3
1.470000E-7	1.791922E-3
1.471000E-7	1.754233E-3
1.472000E-7	1.552086E-3
1.473000E-7	1.418463E-3
1.474000E-7	1.298545E-3
1.475000E-7	1.377348E-3
1.476000E-7	1.531528E-3
1.477000E-7	1.730250E-3
1.478000E-7	1.963233E-3
1.479000E-7	2.113988E-3
1.480000E-7	2.155102E-3
1.481000E-7	2.062594E-3
1.482000E-7	1.850168E-3
1.483000E-7	1.545233E-3
1.484000E-7	1.257430E-3
1.485000E-7	1.055282E-3
1.486000E-7	1.123807E-3
1.487000E-7	1.380774E-3
1.488000E-7	1.600053E-3
1.489000E-7	1.685709E-3
1.490000E-7	1.582922E-3
1.491000E-7	1.387627E-3
1.492000E-7	1.096397E-3
1.493000E-7	7.914627E-4
1.494000E-7	7.469218E-4
1.495000E-7	7.709054E-4
1.496000E-7	9.662005E-4
1.497000E-7	1.154643E-3
1.498000E-7	1.356791E-3
1.499000E-7	1.466430E-3
1.500000E-7	1.483561E-3
1.501000E-7	1.483561E-3
1.502000E-7	1.425315E-3
1.503000E-7	1.367069E-3
1.504000E-7	1.325955E-3
1.505000E-7	1.339660E-3
1.506000E-7	1.493840E-3
1.507000E-7	1.699414E-3
1.508000E-7	1.850168E-3
1.509000E-7	1.901561E-3
1.510000E-7	1.826184E-3
1.511000E-7	1.589774E-3
1.512000E-7	1.247151E-3
1.513000E-7	8.325775E-4
1.514000E-7	5.995939E-4
1.515000E-7	5.516266E-4
1.516000E-7	6.749709E-4
1.517000E-7	8.462824E-4
1.518000E-7	1.082692E-3
1.519000E-7	1.257430E-3
1.520000E-7	1.476709E-3
1.521000E-7	1.634315E-3
1.522000E-7	1.648020E-3
1.523000E-7	1.603479E-3
1.524000E-7	1.565791E-3
1.525000E-7	1.514397E-3
1.526000E-7	1.500692E-3
1.527000E-7	1.521250E-3
1.528000E-7	1.603479E-3
1.529000E-7	1.562365E-3
1.530000E-7	1.521250E-3
1.531000E-7	1.367069E-3
1.532000E-7	1.178627E-3
1.533000E-7	1.024446E-3
1.534000E-7	9.319382E-4
1.535000E-7	9.970365E-4
1.536000E-7	1.154643E-3
1.537000E-7	1.332807E-3
1.538000E-7	1.463004E-3
1.539000E-7	1.538381E-3
1.540000E-7	1.466430E-3
1.541000E-7	1.332807E-3
1.542000E-7	1.230020E-3
1.543000E-7	1.192332E-3
1.544000E-7	1.370496E-3
1.545000E-7	1.521250E-3
1.546000E-7	1.648020E-3
1.547000E-7	1.737102E-3
1.548000E-7	1.689135E-3
1.549000E-7	1.504119E-3
1.550000E-7	1.267709E-3
1.551000E-7	1.099823E-3
1.552000E-7	1.034725E-3
1.553000E-7	1.086119E-3
1.554000E-7	1.209463E-3
1.555000E-7	1.401332E-3
1.556000E-7	1.562365E-3
1.557000E-7	1.620610E-3
1.558000E-7	1.613758E-3
1.559000E-7	1.480135E-3
1.560000E-7	1.356791E-3
1.561000E-7	1.349938E-3
1.562000E-7	1.428742E-3
1.563000E-7	1.713119E-3
1.564000E-7	2.021479E-3
1.565000E-7	2.257889E-3
1.566000E-7	2.381233E-3
1.567000E-7	2.281873E-3
1.568000E-7	2.072873E-3
1.569000E-7	1.798774E-3
1.570000E-7	1.600053E-3
1.571000E-7	1.521250E-3
1.572000E-7	1.541807E-3
1.573000E-7	1.579496E-3
1.574000E-7	1.658299E-3
1.575000E-7	1.634315E-3
1.576000E-7	1.555512E-3
1.577000E-7	1.445873E-3
1.578000E-7	1.483561E-3
1.579000E-7	1.558938E-3
1.580000E-7	1.692561E-3
1.581000E-7	1.726824E-3
1.582000E-7	1.682283E-3
1.583000E-7	1.596627E-3
1.584000E-7	1.384201E-3
1.585000E-7	1.226594E-3
1.586000E-7	1.171774E-3
1.587000E-7	1.319102E-3
1.588000E-7	1.432168E-3
1.589000E-7	1.531528E-3
1.590000E-7	1.617184E-3
1.591000E-7	1.569217E-3
1.592000E-7	1.408184E-3
1.593000E-7	1.216315E-3
1.594000E-7	1.089545E-3
1.595000E-7	1.031299E-3
1.596000E-7	9.422169E-4
1.597000E-7	9.730529E-4
1.598000E-7	9.319382E-4
1.599000E-7	9.833316E-4
1.600000E-7	1.086119E-3
1.601000E-7	1.260856E-3
1.602000E-7	1.517824E-3
1.603000E-7	1.620610E-3
1.604000E-7	1.648020E-3
1.605000E-7	1.486987E-3
1.606000E-7	1.308823E-3
1.607000E-7	1.171774E-3
1.608000E-7	1.058709E-3
1.609000E-7	1.027873E-3
1.610000E-7	9.833316E-4
1.611000E-7	9.799054E-4
1.612000E-7	8.873972E-4
1.613000E-7	8.565611E-4
1.614000E-7	9.387906E-4
1.615000E-7	1.086119E-3
1.616000E-7	1.199184E-3
1.617000E-7	1.267709E-3
1.618000E-7	1.106676E-3
1.619000E-7	9.045283E-4
1.620000E-7	7.640529E-4
1.621000E-7	7.229381E-4
1.622000E-7	8.599873E-4
1.623000E-7	1.099823E-3
1.624000E-7	1.397905E-3
1.625000E-7	1.555512E-3
1.626000E-7	1.541807E-3
1.627000E-7	1.421889E-3
1.628000E-7	1.206037E-3
1.629000E-7	1.137512E-3
1.630000E-7	1.086119E-3
1.631000E-7	1.140938E-3
1.632000E-7	1.250578E-3
1.633000E-7	1.363643E-3
1.634000E-7	1.483561E-3
1.635000E-7	1.452725E-3
1.636000E-7	1.346512E-3
1.637000E-7	1.206037E-3
1.638000E-7	1.158069E-3
1.639000E-7	1.113528E-3
1.640000E-7	1.106676E-3
1.641000E-7	1.045004E-3
1.642000E-7	1.027873E-3
1.643000E-7	9.045283E-4
1.644000E-7	8.634136E-4
1.645000E-7	8.908234E-4
1.646000E-7	8.462824E-4
1.647000E-7	7.948890E-4
1.648000E-7	7.229381E-4
1.649000E-7	6.407086E-4
1.650000E-7	5.893152E-4
1.651000E-7	6.201512E-4
1.652000E-7	8.017414E-4
1.653000E-7	1.051856E-3
1.654000E-7	1.332807E-3
1.655000E-7	1.514397E-3
1.656000E-7	1.541807E-3
1.657000E-7	1.391053E-3
1.658000E-7	1.216315E-3
1.659000E-7	1.103250E-3
1.660000E-7	1.116955E-3
1.661000E-7	1.188905E-3
1.662000E-7	1.380774E-3
1.663000E-7	1.445873E-3
1.664000E-7	1.411610E-3
1.665000E-7	1.281414E-3
1.666000E-7	1.151217E-3
1.667000E-7	1.116955E-3
1.668000E-7	1.096397E-3
1.669000E-7	1.079266E-3
1.670000E-7	9.524956E-4
1.671000E-7	7.572004E-4
1.672000E-7	5.619053E-4
1.673000E-7	4.042988E-4
1.674000E-7	3.426266E-4
1.675000E-7	4.008725E-4
1.676000E-7	5.482004E-4
1.677000E-7	7.880365E-4
1.678000E-7	9.799054E-4
1.679000E-7	1.110102E-3
1.680000E-7	1.209463E-3
1.681000E-7	1.202610E-3
1.682000E-7	1.130660E-3
1.683000E-7	1.041578E-3
1.684000E-7	1.007315E-3
1.685000E-7	1.113528E-3
1.686000E-7	1.384201E-3
1.687000E-7	1.565791E-3
1.688000E-7	1.788496E-3
1.689000E-7	1.805627E-3
1.690000E-7	1.582922E-3
1.691000E-7	1.175201E-3
1.692000E-7	7.126595E-4
1.693000E-7	5.036594E-4
1.694000E-7	5.207906E-4
1.695000E-7	8.051677E-4
1.696000E-7	1.161496E-3
1.697000E-7	1.408184E-3
1.698000E-7	1.425315E-3
1.699000E-7	1.233446E-3
1.700000E-7	9.387906E-4
1.701000E-7	7.948890E-4
1.702000E-7	7.640529E-4
1.703000E-7	8.839710E-4
1.704000E-7	1.075840E-3
1.705000E-7	1.065561E-3
1.706000E-7	8.565611E-4
1.707000E-7	6.338562E-4
1.708000E-7	6.064463E-4
1.709000E-7	8.360037E-4
1.710000E-7	1.209463E-3
1.711000E-7	1.606905E-3
1.712000E-7	1.911840E-3
1.713000E-7	1.987217E-3
1.714000E-7	1.860447E-3
1.715000E-7	1.654873E-3
1.716000E-7	1.421889E-3
1.717000E-7	1.271135E-3
1.718000E-7	1.188905E-3
1.719000E-7	1.192332E-3
1.720000E-7	1.264282E-3
1.721000E-7	1.315676E-3
1.722000E-7	1.360217E-3
1.723000E-7	1.271135E-3
1.724000E-7	9.833316E-4
1.725000E-7	6.338562E-4
1.726000E-7	2.843807E-4
1.727000E-7	1.199217E-4
1.728000E-7	2.261348E-4
1.729000E-7	6.338562E-4
1.730000E-7	1.120381E-3
1.731000E-7	1.538381E-3
1.732000E-7	1.665151E-3
1.733000E-7	1.483561E-3
1.734000E-7	1.058709E-3
1.735000E-7	6.818234E-4
1.736000E-7	4.488397E-4
1.737000E-7	3.803151E-4
1.738000E-7	5.344955E-4
1.739000E-7	7.640529E-4
1.740000E-7	9.696267E-4
1.741000E-7	1.120381E-3
1.742000E-7	1.230020E-3
1.743000E-7	1.356791E-3
1.744000E-7	1.469856E-3
1.745000E-7	1.634315E-3
1.746000E-7	1.620610E-3
1.747000E-7	1.445873E-3
1.748000E-7	1.175201E-3
1.749000E-7	9.867579E-4
1.750000E-7	9.799054E-4
1.751000E-7	1.079266E-3
1.752000E-7	1.312250E-3
1.753000E-7	1.572643E-3
1.754000E-7	1.702840E-3
1.755000E-7	1.743955E-3
1.756000E-7	1.713119E-3
1.757000E-7	1.695987E-3
1.758000E-7	1.514397E-3
1.759000E-7	1.329381E-3
1.760000E-7	1.062135E-3
1.761000E-7	7.640529E-4
1.762000E-7	5.344955E-4
1.763000E-7	3.837414E-4
1.764000E-7	2.706758E-4
1.765000E-7	2.295610E-4
1.766000E-7	2.021512E-4
1.767000E-7	2.124299E-4
1.768000E-7	2.809545E-4
1.769000E-7	4.693971E-4
1.770000E-7	7.058070E-4
1.771000E-7	1.000463E-3
1.772000E-7	1.164922E-3
1.773000E-7	1.168348E-3
1.774000E-7	8.873972E-4
1.775000E-7	6.167250E-4
1.776000E-7	3.768889E-4
1.777000E-7	2.192823E-4
1.778000E-7	1.918725E-4
1.779000E-7	2.809545E-4
1.780000E-7	4.042988E-4
1.781000E-7	5.413480E-4
1.782000E-7	7.811841E-4
1.783000E-7	1.099823E-3
1.784000E-7	1.439020E-3
1.785000E-7	1.689135E-3
1.786000E-7	1.747381E-3
1.787000E-7	1.644594E-3
1.788000E-7	1.339660E-3
1.789000E-7	9.936103E-4
1.790000E-7	8.565611E-4
1.791000E-7	7.948890E-4
1.792000E-7	9.182333E-4
1.793000E-7	1.164922E-3
1.794000E-7	1.291692E-3
1.795000E-7	1.346512E-3
1.796000E-7	1.223168E-3
1.797000E-7	1.007315E-3
1.798000E-7	7.606267E-4
1.799000E-7	6.201512E-4
1.800000E-7	5.824627E-4
1.801000E-7	5.756103E-4
1.802000E-7	5.482004E-4
1.803000E-7	5.721840E-4
1.804000E-7	5.584791E-4
1.805000E-7	5.721840E-4
1.806000E-7	6.372824E-4
1.807000E-7	7.846103E-4
1.808000E-7	9.696267E-4
1.809000E-7	1.110102E-3
1.810000E-7	1.291692E-3
1.811000E-7	1.360217E-3
1.812000E-7	1.435594E-3
1.813000E-7	1.459578E-3
1.814000E-7	1.483561E-3
1.815000E-7	1.541807E-3
1.816000E-7	1.576069E-3
1.817000E-7	1.555512E-3
1.818000E-7	1.397905E-3
1.819000E-7	1.212889E-3
1.820000E-7	9.285119E-4
1.821000E-7	7.743316E-4
1.822000E-7	5.756103E-4
1.823000E-7	4.831020E-4
1.824000E-7	4.899545E-4
1.825000E-7	5.584791E-4
1.826000E-7	6.989545E-4
1.827000E-7	8.599873E-4
1.828000E-7	1.000463E-3
1.829000E-7	1.120381E-3
1.830000E-7	1.202610E-3
1.831000E-7	1.137512E-3
1.832000E-7	9.764792E-4
1.833000E-7	7.469218E-4
1.834000E-7	6.064463E-4
1.835000E-7	5.379217E-4
1.836000E-7	5.961676E-4
1.837000E-7	7.537742E-4
1.838000E-7	8.976759E-4
1.839000E-7	1.048430E-3
1.840000E-7	1.206037E-3
1.841000E-7	1.367069E-3
1.842000E-7	1.576069E-3
1.843000E-7	1.719971E-3
1.844000E-7	1.809053E-3
1.845000E-7	1.706266E-3
1.846000E-7	1.480135E-3
1.847000E-7	1.058709E-3
1.848000E-7	7.606267E-4
1.849000E-7	5.550529E-4
1.850000E-7	6.030201E-4
1.851000E-7	7.743316E-4
1.852000E-7	1.027873E-3
1.853000E-7	1.154643E-3
1.854000E-7	1.212889E-3
1.855000E-7	1.164922E-3
1.856000E-7	1.123807E-3
1.857000E-7	1.144364E-3
1.858000E-7	1.209463E-3
1.859000E-7	1.370496E-3
1.860000E-7	1.555512E-3
1.861000E-7	1.634315E-3
1.862000E-7	1.538381E-3
1.863000E-7	1.284840E-3
1.864000E-7	8.599873E-4
1.865000E-7	4.111512E-4
1.866000E-7	1.267741E-4
1.867000E-7	-5.138984E-5
1.868000E-7	2.398722E-5
1.869000E-7	2.672496E-4
1.870000E-7	5.619053E-4
1.871000E-7	8.805447E-4
1.872000E-7	1.106676E-3
1.873000E-7	1.216315E-3
1.874000E-7	1.257430E-3
1.875000E-7	1.243725E-3
1.876000E-7	1.075840E-3
1.877000E-7	9.182333E-4
1.878000E-7	7.983152E-4
1.879000E-7	7.160857E-4
1.880000E-7	7.640529E-4
1.881000E-7	8.428562E-4
1.882000E-7	9.148070E-4
1.883000E-7	9.182333E-4
1.884000E-7	9.353644E-4
1.885000E-7	9.730529E-4
1.886000E-7	1.219742E-3
1.887000E-7	1.418463E-3
1.888000E-7	1.620610E-3
1.889000E-7	1.719971E-3
1.890000E-7	1.723397E-3
1.891000E-7	1.524676E-3
1.892000E-7	1.312250E-3
1.893000E-7	1.147791E-3
1.894000E-7	1.130660E-3
1.895000E-7	1.329381E-3
1.896000E-7	1.582922E-3
1.897000E-7	1.723397E-3
1.898000E-7	1.802201E-3
1.899000E-7	1.754233E-3
1.900000E-7	1.569217E-3
1.901000E-7	1.274561E-3
1.902000E-7	9.627742E-4
1.903000E-7	7.503480E-4
1.904000E-7	7.503480E-4
1.905000E-7	8.873972E-4
1.906000E-7	1.120381E-3
1.907000E-7	1.329381E-3
1.908000E-7	1.380774E-3
1.909000E-7	1.329381E-3
1.910000E-7	1.182053E-3
1.911000E-7	1.017594E-3
1.912000E-7	9.387906E-4
1.913000E-7	9.148070E-4
1.914000E-7	9.696267E-4
1.915000E-7	1.014168E-3
1.916000E-7	1.058709E-3
1.917000E-7	1.021020E-3
1.918000E-7	9.524956E-4
1.919000E-7	9.559218E-4
1.920000E-7	1.024446E-3
1.921000E-7	1.027873E-3
1.922000E-7	1.147791E-3
1.923000E-7	1.185479E-3
1.924000E-7	1.110102E-3
1.925000E-7	1.086119E-3
1.926000E-7	9.799054E-4
1.927000E-7	9.285119E-4
1.928000E-7	8.702660E-4
1.929000E-7	7.674791E-4
1.930000E-7	7.058070E-4
1.931000E-7	5.584791E-4
1.932000E-7	4.625447E-4
1.933000E-7	4.145774E-4
1.934000E-7	5.516266E-4
1.935000E-7	8.428562E-4
1.936000E-7	1.219742E-3
1.937000E-7	1.654873E-3
1.938000E-7	2.014627E-3
1.939000E-7	2.192791E-3
1.940000E-7	2.035184E-3
1.941000E-7	1.699414E-3
1.942000E-7	1.127233E-3
1.943000E-7	6.749709E-4
1.944000E-7	4.385611E-4
1.945000E-7	3.974463E-4
1.946000E-7	5.447742E-4
1.947000E-7	7.332168E-4
1.948000E-7	1.000463E-3
1.949000E-7	1.230020E-3
1.950000E-7	1.363643E-3
1.951000E-7	1.480135E-3
1.952000E-7	1.545233E-3
1.953000E-7	1.576069E-3
1.954000E-7	1.586348E-3
1.955000E-7	1.507545E-3
1.956000E-7	1.469856E-3
1.957000E-7	1.356791E-3
1.958000E-7	1.298545E-3
1.959000E-7	1.319102E-3
1.960000E-7	1.274561E-3
1.961000E-7	1.219742E-3
1.962000E-7	1.185479E-3
1.963000E-7	1.137512E-3
1.964000E-7	1.041578E-3
1.965000E-7	9.319382E-4
1.966000E-7	8.085939E-4
1.967000E-7	7.332168E-4
1.968000E-7	6.407086E-4
1.969000E-7	6.715447E-4
1.970000E-7	6.955283E-4
1.971000E-7	7.058070E-4
1.972000E-7	7.263644E-4
1.973000E-7	7.058070E-4
1.974000E-7	7.743316E-4
1.975000E-7	9.011021E-4
1.976000E-7	1.014168E-3
1.977000E-7	1.199184E-3
1.978000E-7	1.288266E-3
1.979000E-7	1.195758E-3
1.980000E-7	1.158069E-3
1.981000E-7	1.075840E-3
1.982000E-7	1.116955E-3
1.983000E-7	1.240299E-3
1.984000E-7	1.435594E-3
1.985000E-7	1.624037E-3
1.986000E-7	1.757660E-3
1.987000E-7	1.682283E-3
1.988000E-7	1.524676E-3
1.989000E-7	1.363643E-3
1.990000E-7	1.291692E-3
1.991000E-7	1.322528E-3
1.992000E-7	1.384201E-3
1.993000E-7	1.343086E-3
1.994000E-7	1.216315E-3
1.995000E-7	1.041578E-3
1.996000E-7	9.079546E-4
1.997000E-7	8.873972E-4
1.998000E-7	9.627742E-4
1.999000E-7	1.130660E-3
2.000000E-7	1.243725E-3
2.001000E-7	1.116955E-3
