Study Name	Beam_cont_045-04_RT_lecroy
Sample Name	2025-03-19
Run Name	spot00
Operator	Elena
Date	3/19/2025
Time	13:51
Sign	FIX
Grating Spacing	03.40um
Channel	3
Number Traces	2000
Files in Batch	6
Batch Number	42
dt	100.000001E-12
time stamp (ms)	1:59:10 PM
	
Time	Amplitude
0.000000E+0	-1.113520E-3
1.000000E-10	-9.250769E-4
2.000000E-10	-5.036506E-4
3.000000E-10	2.329889E-4
4.000000E-10	6.612676E-4
5.000000E-10	7.674808E-4
6.000000E-10	4.968086E-4
7.000000E-10	-3.768330E-5
8.000000E-10	-6.852408E-4
9.000000E-10	-1.212880E-3
1.000000E-9	-1.397897E-3
1.100000E-9	-1.418454E-3
1.200000E-9	-1.216306E-3
1.300000E-9	-9.319293E-4
1.400000E-9	-7.160768E-4
1.500000E-9	-4.351260E-4
1.600000E-9	-1.164866E-4
1.700000E-9	5.482491E-5
1.800000E-9	1.781692E-4
1.900000E-9	2.501200E-4
2.000000E-9	2.090053E-4
2.100000E-9	2.501200E-4
2.200000E-9	2.158577E-4
2.300000E-9	1.781692E-4
2.400000E-9	3.431463E-6
2.500000E-9	-1.576013E-4
2.600000E-9	-3.597489E-4
2.700000E-9	-5.927326E-4
2.800000E-9	-6.681096E-4
2.900000E-9	-5.105030E-4
3.000000E-9	-3.186342E-4
3.100000E-9	3.426753E-5
3.200000E-9	2.878086E-4
3.300000E-9	5.653332E-4
3.400000E-9	5.961693E-4
3.500000E-9	3.529069E-4
3.600000E-9	-1.027346E-5
3.700000E-9	-3.254866E-4
3.800000E-9	-6.544047E-4
3.900000E-9	-7.057982E-4
4.000000E-9	-5.961588E-4
4.100000E-9	-3.460440E-4
4.200000E-9	-4.453576E-5
4.300000E-9	1.747430E-4
4.400000E-9	2.638249E-4
4.500000E-9	1.678905E-4
4.600000E-9	6.167737E-5
4.700000E-9	-1.096341E-4
4.800000E-9	-1.301915E-4
4.900000E-9	4.797245E-5
5.000000E-9	3.700381E-4
5.100000E-9	7.674808E-4
5.200000E-9	1.048432E-3
5.300000E-9	8.634152E-4
5.400000E-9	3.426282E-4
5.500000E-9	-3.597489E-4
5.600000E-9	-9.079457E-4
5.700000E-9	-9.422080E-4
5.800000E-9	-6.132899E-4
5.900000E-9	-1.096341E-4
6.000000E-9	3.529069E-4
6.100000E-9	6.783988E-4
6.200000E-9	7.229398E-4
6.300000E-9	6.304316E-4
6.400000E-9	5.379233E-4
6.500000E-9	4.591201E-4
6.600000E-9	3.015135E-4
6.700000E-9	2.672512E-4
6.800000E-9	7.880852E-5
6.900000E-9	-1.027346E-5
7.000000E-9	-1.130604E-4
7.100000E-9	-1.370440E-4
7.200000E-9	1.028392E-5
7.300000E-9	1.062184E-4
7.400000E-9	7.195606E-5
7.500000E-9	3.426753E-5
7.600000E-9	-2.397838E-5
7.700000E-9	-1.815850E-4
7.800000E-9	-3.871588E-4
7.900000E-9	-5.036506E-4
8.000000E-9	-6.167162E-4
8.100000E-9	-5.584703E-4
8.200000E-9	-3.528965E-4
8.300000E-9	2.741507E-5
8.400000E-9	5.858906E-4
8.500000E-9	1.267710E-3
8.600000E-9	1.743956E-3
8.700000E-9	1.894710E-3
8.800000E-9	1.641169E-3
8.900000E-9	1.137514E-3
9.000000E-9	5.995955E-4
9.100000E-9	1.336282E-4
9.200000E-9	-9.250298E-5
9.300000E-9	1.371015E-5
9.400000E-9	3.049397E-4
9.500000E-9	5.482020E-4
9.600000E-9	6.578414E-4
9.700000E-9	5.310709E-4
9.800000E-9	3.597594E-4
9.900000E-9	3.871692E-4
1.000000E-8	5.516283E-4
1.010000E-8	8.223004E-4
1.020000E-8	1.058710E-3
1.030000E-8	1.089546E-3
1.040000E-8	7.126611E-4
1.050000E-8	1.336282E-4
1.060000E-8	-5.070768E-4
1.070000E-8	-9.867490E-4
1.080000E-8	-1.308815E-3
1.090000E-8	-1.408175E-3
1.100000E-8	-1.367061E-3
1.110000E-8	-1.137503E-3
1.120000E-8	-7.571916E-4
1.130000E-8	-3.528965E-4
1.140000E-8	1.541856E-4
1.150000E-8	6.407102E-4
1.160000E-8	1.065563E-3
1.170000E-8	1.226596E-3
1.180000E-8	1.206038E-3
1.190000E-8	9.833333E-4
1.200000E-8	6.338578E-4
1.210000E-8	2.329889E-4
1.220000E-8	-2.398309E-4
1.230000E-8	-4.454047E-4
1.240000E-8	-3.323391E-4
1.250000E-8	6.857694E-6
1.260000E-8	5.310709E-4
1.270000E-8	9.764808E-4
1.280000E-8	1.144366E-3
1.290000E-8	1.010743E-3
1.300000E-8	6.955299E-4
1.310000E-8	2.364151E-4
1.320000E-8	-4.796199E-5
1.330000E-8	-2.158473E-4
1.340000E-8	-2.124210E-4
1.350000E-8	1.096446E-4
1.360000E-8	5.858906E-4
1.370000E-8	1.219743E-3
1.380000E-8	1.767940E-3
1.390000E-8	2.196219E-3
1.400000E-8	2.103710E-3
1.410000E-8	1.726825E-3
1.420000E-8	1.192333E-3
1.430000E-8	5.516283E-4
1.440000E-8	2.638249E-4
1.450000E-8	2.843823E-4
1.460000E-8	4.008741E-4
1.470000E-8	5.619070E-4
1.480000E-8	5.995955E-4
1.490000E-8	5.858906E-4
1.500000E-8	4.488414E-4
1.510000E-8	2.466938E-4
1.520000E-8	-7.879806E-5
1.530000E-8	-2.295522E-4
1.540000E-8	-2.226997E-4
1.550000E-8	-1.164866E-4
1.560000E-8	1.233495E-4
1.570000E-8	5.344971E-4
1.580000E-8	7.880381E-4
1.590000E-8	9.011037E-4
1.600000E-8	6.818250E-4
1.610000E-8	4.008741E-4
1.620000E-8	1.130708E-4
1.630000E-8	-3.420997E-6
1.640000E-8	-2.055215E-5
1.650000E-8	1.336282E-4
1.660000E-8	3.768905E-4
1.670000E-8	4.591201E-4
1.680000E-8	3.734643E-4
1.690000E-8	1.199233E-4
1.700000E-8	-1.473227E-4
1.710000E-8	-3.152079E-4
1.720000E-8	-2.809456E-4
1.730000E-8	-1.541751E-4
1.740000E-8	4.797245E-5
1.750000E-8	3.460545E-4
1.760000E-8	2.329889E-4
1.770000E-8	6.167737E-5
1.780000E-8	-1.781587E-4
1.790000E-8	-3.974374E-4
1.800000E-8	-2.638145E-4
1.810000E-8	4.454622E-5
1.820000E-8	3.871692E-4
1.830000E-8	8.223004E-4
1.840000E-8	1.144366E-3
1.850000E-8	1.425317E-3
1.860000E-8	1.531530E-3
1.870000E-8	1.397907E-3
1.880000E-8	1.072415E-3
1.890000E-8	7.503496E-4
1.900000E-8	4.385627E-4
1.910000E-8	7.538229E-5
1.920000E-8	-1.062079E-4
1.930000E-8	-1.507489E-4
1.940000E-8	-1.747325E-4
1.950000E-8	-1.370440E-4
1.960000E-8	-4.796199E-5
1.970000E-8	5.825114E-5
1.980000E-8	2.741036E-4
1.990000E-8	5.516283E-4
2.000000E-8	5.824643E-4
2.010000E-8	5.550545E-4
2.020000E-8	3.186446E-4
2.030000E-8	-3.083084E-5
2.040000E-8	-3.494702E-4
2.050000E-8	-4.111424E-4
2.060000E-8	-2.158473E-4
2.070000E-8	2.501200E-4
2.080000E-8	8.325791E-4
2.090000E-8	1.206038E-3
2.100000E-8	1.510973E-3
2.110000E-8	1.586350E-3
2.120000E-8	1.517825E-3
2.130000E-8	1.367071E-3
2.140000E-8	1.127235E-3
2.150000E-8	7.400709E-4
2.160000E-8	2.021528E-4
2.170000E-8	-3.460440E-4
2.180000E-8	-9.524867E-4
2.190000E-8	-1.274552E-3
2.200000E-8	-1.367061E-3
2.210000E-8	-7.777490E-4
2.220000E-8	6.818250E-4
2.230000E-8	3.474202E-3
2.240000E-8	7.390383E-3
2.250000E-8	1.285865E-2
2.260000E-8	1.926227E-2
2.270000E-8	2.612158E-2
2.280000E-8	3.290552E-2
2.290000E-8	3.933655E-2
2.300000E-8	4.491103E-2
2.310000E-8	4.952616E-2
2.320000E-8	5.310657E-2
2.330000E-8	5.557003E-2
2.340000E-8	5.686514E-2
2.350000E-8	5.712211E-2
2.360000E-8	5.637177E-2
2.370000E-8	5.480255E-2
2.380000E-8	5.267829E-2
2.390000E-8	5.016687E-2
2.400000E-8	4.735736E-2
2.410000E-8	4.442793E-2
2.420000E-8	4.177603E-2
2.430000E-8	3.967232E-2
2.440000E-8	3.815450E-2
2.450000E-8	3.738017E-2
2.460000E-8	3.724998E-2
2.470000E-8	3.760973E-2
2.480000E-8	3.834637E-2
2.490000E-8	3.949758E-2
2.500000E-8	4.074131E-2
2.510000E-8	4.187881E-2
2.520000E-8	4.293409E-2
2.530000E-8	4.360563E-2
2.540000E-8	4.361249E-2
2.550000E-8	4.311226E-2
2.560000E-8	4.193363E-2
2.570000E-8	4.013486E-2
2.580000E-8	3.819904E-2
2.590000E-8	3.594458E-2
2.600000E-8	3.368327E-2
2.610000E-8	3.172347E-2
2.620000E-8	3.037011E-2
2.630000E-8	2.965745E-2
2.640000E-8	2.987673E-2
2.650000E-8	3.093544E-2
2.660000E-8	3.259373E-2
2.670000E-8	3.465290E-2
2.680000E-8	3.681142E-2
2.690000E-8	3.845258E-2
2.700000E-8	3.942221E-2
2.710000E-8	3.947360E-2
2.720000E-8	3.853139E-2
2.730000E-8	3.705468E-2
2.740000E-8	3.515313E-2
2.750000E-8	3.310767E-2
2.760000E-8	3.096970E-2
2.770000E-8	2.895508E-2
2.780000E-8	2.709121E-2
2.790000E-8	2.564876E-2
2.800000E-8	2.504232E-2
2.810000E-8	2.537809E-2
2.820000E-8	2.673830E-2
2.830000E-8	2.880089E-2
2.840000E-8	3.114786E-2
2.850000E-8	3.329611E-2
2.860000E-8	3.492357E-2
2.870000E-8	3.575272E-2
2.880000E-8	3.579383E-2
2.890000E-8	3.526962E-2
2.900000E-8	3.408072E-2
2.910000E-8	3.257660E-2
2.920000E-8	3.045919E-2
2.930000E-8	2.817732E-2
2.940000E-8	2.595370E-2
2.950000E-8	2.422345E-2
2.960000E-8	2.320586E-2
2.970000E-8	2.304140E-2
2.980000E-8	2.364099E-2
2.990000E-8	2.495666E-2
3.000000E-8	2.656014E-2
3.010000E-8	2.833835E-2
3.020000E-8	2.994183E-2
3.030000E-8	3.134316E-2
3.040000E-8	3.223398E-2
3.050000E-8	3.249437E-2
3.060000E-8	3.201127E-2
3.070000E-8	3.086691E-2
3.080000E-8	2.913324E-2
3.090000E-8	2.726252E-2
3.100000E-8	2.560422E-2
3.110000E-8	2.427484E-2
3.120000E-8	2.333263E-2
3.130000E-8	2.290778E-2
3.140000E-8	2.289065E-2
3.150000E-8	2.327439E-2
3.160000E-8	2.389453E-2
3.170000E-8	2.493268E-2
3.180000E-8	2.621409E-2
3.190000E-8	2.762912E-2
3.200000E-8	2.891053E-2
3.210000E-8	3.015083E-2
3.220000E-8	3.076070E-2
3.230000E-8	3.087376E-2
3.240000E-8	3.033927E-2
3.250000E-8	2.915722E-2
3.260000E-8	2.734475E-2
3.270000E-8	2.533698E-2
3.280000E-8	2.343542E-2
3.290000E-8	2.174286E-2
3.300000E-8	2.048543E-2
3.310000E-8	1.985501E-2
3.320000E-8	1.975907E-2
3.330000E-8	2.032440E-2
3.340000E-8	2.134884E-2
3.350000E-8	2.263025E-2
3.360000E-8	2.411724E-2
3.370000E-8	2.567960E-2
3.380000E-8	2.712547E-2
3.390000E-8	2.820473E-2
3.400000E-8	2.885229E-2
3.410000E-8	2.872552E-2
3.420000E-8	2.783812E-2
3.430000E-8	2.626548E-2
3.440000E-8	2.404871E-2
3.450000E-8	2.188334E-2
3.460000E-8	2.001261E-2
3.470000E-8	1.887168E-2
3.480000E-8	1.852220E-2
3.490000E-8	1.887853E-2
3.500000E-8	1.970425E-2
3.510000E-8	2.072184E-2
3.520000E-8	2.196899E-2
3.530000E-8	2.330865E-2
3.540000E-8	2.461404E-2
3.550000E-8	2.582693E-2
3.560000E-8	2.649504E-2
3.570000E-8	2.658070E-2
3.580000E-8	2.595370E-2
3.590000E-8	2.462775E-2
3.600000E-8	2.282555E-2
3.610000E-8	2.077324E-2
3.620000E-8	1.878945E-2
3.630000E-8	1.717227E-2
3.640000E-8	1.632599E-2
3.650000E-8	1.618894E-2
3.660000E-8	1.678853E-2
3.670000E-8	1.781640E-2
3.680000E-8	1.899845E-2
3.690000E-8	2.021819E-2
3.700000E-8	2.129745E-2
3.710000E-8	2.226365E-2
3.720000E-8	2.313048E-2
3.730000E-8	2.386712E-2
3.740000E-8	2.419262E-2
3.750000E-8	2.417206E-2
3.760000E-8	2.363757E-2
3.770000E-8	2.264053E-2
3.780000E-8	2.117411E-2
3.790000E-8	1.952609E-2
3.800000E-8	1.766565E-2
3.810000E-8	1.589086E-2
3.820000E-8	1.461288E-2
3.830000E-8	1.406811E-2
3.840000E-8	1.441758E-2
3.850000E-8	1.547629E-2
3.860000E-8	1.703522E-2
3.870000E-8	1.884770E-2
3.880000E-8	2.067045E-2
3.890000E-8	2.199640E-2
3.900000E-8	2.308594E-2
3.910000E-8	2.370952E-2
3.920000E-8	2.393907E-2
3.930000E-8	2.347996E-2
3.940000E-8	2.246922E-2
3.950000E-8	2.077666E-2
3.960000E-8	1.869352E-2
3.970000E-8	1.656925E-2
3.980000E-8	1.481160E-2
3.990000E-8	1.351991E-2
4.000000E-8	1.314302E-2
4.010000E-8	1.351306E-2
4.020000E-8	1.458889E-2
4.030000E-8	1.624376E-2
4.040000E-8	1.803911E-2
4.050000E-8	1.982075E-2
4.060000E-8	2.129745E-2
4.070000E-8	2.232875E-2
4.080000E-8	2.291806E-2
4.090000E-8	2.294547E-2
4.100000E-8	2.221911E-2
4.110000E-8	2.090686E-2
4.120000E-8	1.917319E-2
4.130000E-8	1.711402E-2
4.140000E-8	1.515765E-2
4.150000E-8	1.351648E-2
4.160000E-8	1.246120E-2
4.170000E-8	1.221794E-2
4.180000E-8	1.257770E-2
4.190000E-8	1.337601E-2
4.200000E-8	1.453750E-2
4.210000E-8	1.595596E-2
4.220000E-8	1.754230E-2
4.230000E-8	1.907040E-2
4.240000E-8	2.041006E-2
4.250000E-8	2.132486E-2
4.260000E-8	2.172916E-2
4.270000E-8	2.140024E-2
4.280000E-8	2.035524E-2
4.290000E-8	1.902586E-2
4.300000E-8	1.751832E-2
4.310000E-8	1.631229E-2
4.320000E-8	1.532896E-2
4.330000E-8	1.485271E-2
4.340000E-8	1.453065E-2
4.350000E-8	1.462315E-2
4.360000E-8	1.477048E-2
4.370000E-8	1.504458E-2
4.380000E-8	1.542147E-2
4.390000E-8	1.622663E-2
4.400000E-8	1.710032E-2
4.410000E-8	1.826866E-2
4.420000E-8	1.933422E-2
4.430000E-8	2.014624E-2
4.440000E-8	2.055396E-2
4.450000E-8	2.016337E-2
4.460000E-8	1.903271E-2
4.470000E-8	1.745322E-2
4.480000E-8	1.567501E-2
4.490000E-8	1.394819E-2
4.500000E-8	1.268734E-2
4.510000E-8	1.198153E-2
4.520000E-8	1.193699E-2
4.530000E-8	1.255371E-2
4.540000E-8	1.374261E-2
4.550000E-8	1.516793E-2
4.560000E-8	1.667204E-2
4.570000E-8	1.799799E-2
4.580000E-8	1.900873E-2
4.590000E-8	1.959461E-2
4.600000E-8	1.978306E-2
4.610000E-8	1.959119E-2
4.620000E-8	1.897104E-2
4.630000E-8	1.801512E-2
4.640000E-8	1.642535E-2
4.650000E-8	1.457519E-2
4.660000E-8	1.260853E-2
4.670000E-8	1.092283E-2
4.680000E-8	9.929220E-3
4.690000E-8	9.840138E-3
4.700000E-8	1.061789E-2
4.710000E-8	1.220424E-2
4.720000E-8	1.419488E-2
4.730000E-8	1.615811E-2
4.740000E-8	1.778899E-2
4.750000E-8	1.887168E-2
4.760000E-8	1.934107E-2
4.770000E-8	1.927598E-2
4.780000E-8	1.876547E-2
4.790000E-8	1.775130E-2
4.800000E-8	1.687761E-2
4.810000E-8	1.587030E-2
4.820000E-8	1.482188E-2
4.830000E-8	1.381456E-2
4.840000E-8	1.280383E-2
4.850000E-8	1.185476E-2
4.860000E-8	1.111470E-2
4.870000E-8	1.093996E-2
4.880000E-8	1.120720E-2
4.890000E-8	1.208089E-2
4.900000E-8	1.331091E-2
4.910000E-8	1.468825E-2
4.920000E-8	1.583947E-2
4.930000E-8	1.672001E-2
4.940000E-8	1.708661E-2
4.950000E-8	1.714486E-2
4.960000E-8	1.687419E-2
4.970000E-8	1.622663E-2
4.980000E-8	1.550370E-2
4.990000E-8	1.458547E-2
5.000000E-8	1.344111E-2
5.010000E-8	1.222822E-2
5.020000E-8	1.087486E-2
5.030000E-8	9.864121E-3
5.040000E-8	9.377597E-3
5.050000E-8	9.586597E-3
5.060000E-8	1.050140E-2
5.070000E-8	1.196440E-2
5.080000E-8	1.358501E-2
5.090000E-8	1.503773E-2
5.100000E-8	1.630543E-2
5.110000E-8	1.712430E-2
5.120000E-8	1.731960E-2
5.130000E-8	1.711402E-2
5.140000E-8	1.665491E-2
5.150000E-8	1.582234E-2
5.160000E-8	1.477391E-2
5.170000E-8	1.334174E-2
5.180000E-8	1.165604E-2
5.190000E-8	1.004571E-2
5.200000E-8	8.819121E-3
5.210000E-8	8.264072E-3
5.220000E-8	8.411400E-3
5.230000E-8	9.439269E-3
5.240000E-8	1.111127E-2
5.250000E-8	1.318756E-2
5.260000E-8	1.519191E-2
5.270000E-8	1.670630E-2
5.280000E-8	1.764166E-2
5.290000E-8	1.779584E-2
5.300000E-8	1.710375E-2
5.310000E-8	1.589771E-2
5.320000E-8	1.424627E-2
5.330000E-8	1.235156E-2
5.340000E-8	1.076865E-2
5.350000E-8	9.610580E-3
5.360000E-8	8.911630E-3
5.370000E-8	8.685498E-3
5.380000E-8	8.695777E-3
5.390000E-8	9.038400E-3
5.400000E-8	9.545482E-3
5.410000E-8	1.034379E-2
5.420000E-8	1.140935E-2
5.430000E-8	1.281068E-2
5.440000E-8	1.409894E-2
5.450000E-8	1.509597E-2
5.460000E-8	1.557565E-2
5.470000E-8	1.539406E-2
5.480000E-8	1.468825E-2
5.490000E-8	1.372548E-2
5.500000E-8	1.264622E-2
5.510000E-8	1.149843E-2
5.520000E-8	1.047056E-2
5.530000E-8	9.531777E-3
5.540000E-8	8.569007E-3
5.550000E-8	7.866629E-3
5.560000E-8	7.547990E-3
5.570000E-8	7.784400E-3
5.580000E-8	8.634105E-3
5.590000E-8	1.002858E-2
5.600000E-8	1.171771E-2
5.610000E-8	1.333832E-2
5.620000E-8	1.479789E-2
5.630000E-8	1.561334E-2
5.640000E-8	1.582919E-2
5.650000E-8	1.544202E-2
5.660000E-8	1.451352E-2
5.670000E-8	1.325266E-2
5.680000E-8	1.188560E-2
5.690000E-8	1.032324E-2
5.700000E-8	9.034974E-3
5.710000E-8	8.007105E-3
5.720000E-8	7.452056E-3
5.730000E-8	7.595957E-3
5.740000E-8	8.360006E-3
5.750000E-8	9.463253E-3
5.760000E-8	1.073096E-2
5.770000E-8	1.193014E-2
5.780000E-8	1.279012E-2
5.790000E-8	1.341712E-2
5.800000E-8	1.364325E-2
5.810000E-8	1.362270E-2
5.820000E-8	1.342055E-2
5.830000E-8	1.307793E-2
5.840000E-8	1.238925E-2
5.850000E-8	1.146417E-2
5.860000E-8	1.011081E-2
5.870000E-8	8.747170E-3
5.880000E-8	7.510301E-3
5.890000E-8	6.804498E-3
5.900000E-8	6.746252E-3
5.910000E-8	7.500023E-3
5.920000E-8	8.695777E-3
5.930000E-8	1.005256E-2
5.940000E-8	1.132027E-2
5.950000E-8	1.219053E-2
5.960000E-8	1.263252E-2
5.970000E-8	1.269076E-2
5.980000E-8	1.266335E-2
5.990000E-8	1.242352E-2
6.000000E-8	1.196783E-2
6.010000E-8	1.136824E-2
6.020000E-8	1.045001E-2
6.030000E-8	9.439269E-3
6.040000E-8	8.318892E-3
6.050000E-8	7.356121E-3
6.060000E-8	6.698285E-3
6.070000E-8	6.383072E-3
6.080000E-8	6.581793E-3
6.090000E-8	7.157400E-3
6.100000E-8	8.075629E-3
6.110000E-8	9.178875E-3
6.120000E-8	1.037463E-2
6.130000E-8	1.135111E-2
6.140000E-8	1.206033E-2
6.150000E-8	1.236527E-2
6.160000E-8	1.236184E-2
6.170000E-8	1.194042E-2
6.180000E-8	1.132712E-2
6.190000E-8	1.061104E-2
6.200000E-8	9.778466E-3
6.210000E-8	8.993859E-3
6.220000E-8	8.048220E-3
6.230000E-8	7.184810E-3
6.240000E-8	6.568088E-3
6.250000E-8	6.143236E-3
6.260000E-8	6.242596E-3
6.270000E-8	6.934695E-3
6.280000E-8	8.061924E-3
6.290000E-8	9.531777E-3
6.300000E-8	1.103247E-2
6.310000E-8	1.233786E-2
6.320000E-8	1.321155E-2
6.330000E-8	1.362612E-2
6.340000E-8	1.341370E-2
6.350000E-8	1.272502E-2
6.360000E-8	1.130999E-2
6.370000E-8	9.771613E-3
6.380000E-8	8.092761E-3
6.390000E-8	6.674301E-3
6.400000E-8	5.879416E-3
6.410000E-8	5.512809E-3
6.420000E-8	5.776629E-3
6.430000E-8	6.215186E-3
6.440000E-8	6.879875E-3
6.450000E-8	7.770695E-3
6.460000E-8	8.733466E-3
6.470000E-8	9.661974E-3
6.480000E-8	1.052196E-2
6.490000E-8	1.138194E-2
6.500000E-8	1.169373E-2
6.510000E-8	1.171771E-2
6.520000E-8	1.101876E-2
6.530000E-8	1.001488E-2
6.540000E-8	8.812269E-3
6.550000E-8	7.613088E-3
6.560000E-8	6.437891E-3
6.570000E-8	5.434006E-3
6.580000E-8	4.913219E-3
6.590000E-8	4.738481E-3
6.600000E-8	5.098236E-3
6.610000E-8	6.002760E-3
6.620000E-8	7.191662E-3
6.630000E-8	8.425105E-3
6.640000E-8	9.435843E-3
6.650000E-8	9.901810E-3
6.660000E-8	9.949777E-3
6.670000E-8	9.548908E-3
6.680000E-8	9.038400E-3
6.690000E-8	8.620400E-3
6.700000E-8	8.438810E-3
6.710000E-8	8.390843E-3
6.720000E-8	8.332597E-3
6.730000E-8	8.171564E-3
6.740000E-8	7.801531E-3
6.750000E-8	7.417793E-3
6.760000E-8	7.164252E-3
6.770000E-8	7.112859E-3
6.780000E-8	7.315006E-3
6.790000E-8	7.705597E-3
6.800000E-8	8.024236E-3
6.810000E-8	8.363433E-3
6.820000E-8	8.688925E-3
6.830000E-8	9.028121E-3
6.840000E-8	9.473531E-3
6.850000E-8	9.894958E-3
6.860000E-8	1.025471E-2
6.870000E-8	1.030268E-2
6.880000E-8	9.973761E-3
6.890000E-8	9.137761E-3
6.900000E-8	7.832367E-3
6.910000E-8	6.520121E-3
6.920000E-8	5.324367E-3
6.930000E-8	4.543186E-3
6.940000E-8	4.371875E-3
6.950000E-8	4.759039E-3
6.960000E-8	5.690973E-3
6.970000E-8	7.051187E-3
6.980000E-8	8.329170E-3
6.990000E-8	9.435843E-3
7.000000E-8	1.019304E-2
7.010000E-8	1.036092E-2
7.020000E-8	9.925794E-3
7.030000E-8	9.106925E-3
7.040000E-8	7.945433E-3
7.050000E-8	6.831908E-3
7.060000E-8	5.889695E-3
7.070000E-8	5.420301E-3
7.080000E-8	5.235285E-3
7.090000E-8	5.324367E-3
7.100000E-8	5.218154E-3
7.110000E-8	5.327793E-3
7.120000E-8	5.526514E-3
7.130000E-8	6.016465E-3
7.140000E-8	6.801072E-3
7.150000E-8	7.729580E-3
7.160000E-8	8.603269E-3
7.170000E-8	9.213138E-3
7.180000E-8	9.264531E-3
7.190000E-8	8.901351E-3
7.200000E-8	8.394269E-3
7.210000E-8	8.027662E-3
7.220000E-8	7.784400E-3
7.230000E-8	7.640498E-3
7.240000E-8	7.390383E-3
7.250000E-8	6.759957E-3
7.260000E-8	6.026744E-3
7.270000E-8	5.238711E-3
7.280000E-8	4.608285E-3
7.290000E-8	4.358170E-3
7.300000E-8	4.519203E-3
7.310000E-8	5.153055E-3
7.320000E-8	5.906826E-3
7.330000E-8	6.619482E-3
7.340000E-8	7.143695E-3
7.350000E-8	7.510301E-3
7.360000E-8	7.681613E-3
7.370000E-8	7.647351E-3
7.380000E-8	7.506875E-3
7.390000E-8	7.380105E-3
7.400000E-8	7.078596E-3
7.410000E-8	6.619482E-3
7.420000E-8	6.054154E-3
7.430000E-8	5.105088E-3
7.440000E-8	4.138891E-3
7.450000E-8	3.453645E-3
7.460000E-8	3.189825E-3
7.470000E-8	3.631809E-3
7.480000E-8	4.502071E-3
7.490000E-8	5.653285E-3
7.500000E-8	6.900433E-3
7.510000E-8	7.890613E-3
7.520000E-8	8.493629E-3
7.530000E-8	8.966449E-3
7.540000E-8	9.206285E-3
7.550000E-8	9.219990E-3
7.560000E-8	8.825974E-3
7.570000E-8	8.157859E-3
7.580000E-8	6.982662E-3
7.590000E-8	5.841727E-3
7.600000E-8	4.834416E-3
7.610000E-8	4.162875E-3
7.620000E-8	4.053235E-3
7.630000E-8	4.365022E-3
7.640000E-8	4.974891E-3
7.650000E-8	5.749219E-3
7.660000E-8	6.461875E-3
7.670000E-8	7.051187E-3
7.680000E-8	7.595957E-3
7.690000E-8	7.938580E-3
7.700000E-8	8.034515E-3
7.710000E-8	7.952285E-3
7.720000E-8	7.616515E-3
7.730000E-8	7.102580E-3
7.740000E-8	6.602350E-3
7.750000E-8	6.016465E-3
7.760000E-8	5.420301E-3
7.770000E-8	5.019432E-3
7.780000E-8	4.745334E-3
7.790000E-8	4.478088E-3
7.800000E-8	4.327334E-3
7.810000E-8	4.426694E-3
7.820000E-8	4.861826E-3
7.830000E-8	5.591613E-3
7.840000E-8	6.520121E-3
7.850000E-8	7.359547E-3
7.860000E-8	7.955711E-3
7.870000E-8	8.236662E-3
7.880000E-8	8.051646E-3
7.890000E-8	7.705597E-3
7.900000E-8	7.277318E-3
7.910000E-8	6.859318E-3
7.920000E-8	6.455023E-3
7.930000E-8	5.965072E-3
7.940000E-8	5.396318E-3
7.950000E-8	4.954334E-3
7.960000E-8	4.628842E-3
7.970000E-8	4.676809E-3
7.980000E-8	5.098236E-3
7.990000E-8	5.711531E-3
8.000000E-8	6.129531E-3
8.010000E-8	6.468728E-3
8.020000E-8	6.629760E-3
8.030000E-8	6.664023E-3
8.040000E-8	6.845613E-3
8.050000E-8	7.147121E-3
8.060000E-8	7.530859E-3
8.070000E-8	7.852924E-3
8.080000E-8	7.839220E-3
8.090000E-8	7.582252E-3
8.100000E-8	7.061465E-3
8.110000E-8	6.352236E-3
8.120000E-8	5.550498E-3
8.130000E-8	4.820711E-3
8.140000E-8	4.354744E-3
8.150000E-8	4.101203E-3
8.160000E-8	4.279367E-3
8.170000E-8	4.783022E-3
8.180000E-8	5.451137E-3
8.190000E-8	6.112400E-3
8.200000E-8	6.602350E-3
8.210000E-8	6.914137E-3
8.220000E-8	7.116285E-3
8.230000E-8	7.311580E-3
8.240000E-8	7.571974E-3
8.250000E-8	7.804957E-3
8.260000E-8	7.798105E-3
8.270000E-8	7.393810E-3
8.280000E-8	6.540678E-3
8.290000E-8	5.684121E-3
8.300000E-8	4.741908E-3
8.310000E-8	4.272514E-3
8.320000E-8	4.063514E-3
8.330000E-8	4.416416E-3
8.340000E-8	4.971465E-3
8.350000E-8	5.838301E-3
8.360000E-8	6.568088E-3
8.370000E-8	7.184810E-3
8.380000E-8	7.527433E-3
8.390000E-8	7.489744E-3
8.400000E-8	7.243056E-3
8.410000E-8	6.725695E-3
8.420000E-8	6.252875E-3
8.430000E-8	5.834875E-3
8.440000E-8	5.392891E-3
8.450000E-8	4.954334E-3
8.460000E-8	4.457530E-3
8.470000E-8	4.125186E-3
8.480000E-8	3.854514E-3
8.490000E-8	3.892203E-3
8.500000E-8	4.200563E-3
8.510000E-8	4.745334E-3
8.520000E-8	5.468268E-3
8.530000E-8	6.293990E-3
8.540000E-8	6.821629E-3
8.550000E-8	7.061465E-3
8.560000E-8	6.948400E-3
8.570000E-8	6.674301E-3
8.580000E-8	6.338531E-3
8.590000E-8	6.033596E-3
8.600000E-8	5.814318E-3
8.610000E-8	5.526514E-3
8.620000E-8	5.098236E-3
8.630000E-8	4.296498E-3
8.640000E-8	3.357711E-3
8.650000E-8	2.693022E-3
8.660000E-8	2.405219E-3
8.670000E-8	2.891743E-3
8.680000E-8	3.775711E-3
8.690000E-8	4.947481E-3
8.700000E-8	6.184350E-3
8.710000E-8	7.119711E-3
8.720000E-8	7.630219E-3
8.730000E-8	7.633646E-3
8.740000E-8	7.414367E-3
8.750000E-8	6.866170E-3
8.760000E-8	6.201482E-3
8.770000E-8	5.567629E-3
8.780000E-8	4.772744E-3
8.790000E-8	4.166301E-3
8.800000E-8	3.789416E-3
8.810000E-8	3.532448E-3
8.820000E-8	3.546153E-3
8.830000E-8	3.679776E-3
8.840000E-8	3.816825E-3
8.850000E-8	3.851088E-3
8.860000E-8	4.001842E-3
8.870000E-8	4.118334E-3
8.880000E-8	4.529481E-3
8.890000E-8	5.129072E-3
8.900000E-8	5.632727E-3
8.910000E-8	6.033596E-3
8.920000E-8	6.194629E-3
8.930000E-8	5.927383E-3
8.940000E-8	5.434006E-3
8.950000E-8	4.810432E-3
8.960000E-8	4.166301E-3
8.970000E-8	3.779137E-3
8.980000E-8	3.515317E-3
8.990000E-8	3.491334E-3
9.000000E-8	3.515317E-3
9.010000E-8	3.772284E-3
9.020000E-8	3.991563E-3
9.030000E-8	4.478088E-3
9.040000E-8	5.091383E-3
9.050000E-8	5.732088E-3
9.060000E-8	6.276859E-3
9.070000E-8	6.777088E-3
9.080000E-8	6.996367E-3
9.090000E-8	7.023777E-3
9.100000E-8	6.770236E-3
9.110000E-8	6.407055E-3
9.120000E-8	5.804039E-3
9.130000E-8	5.132498E-3
9.140000E-8	4.440399E-3
9.150000E-8	3.888776E-3
9.160000E-8	3.518743E-3
9.170000E-8	3.511891E-3
9.180000E-8	3.679776E-3
9.190000E-8	4.066940E-3
9.200000E-8	4.409563E-3
9.210000E-8	4.700793E-3
9.220000E-8	4.923498E-3
9.230000E-8	5.197596E-3
9.240000E-8	5.643006E-3
9.250000E-8	5.965072E-3
9.260000E-8	6.311121E-3
9.270000E-8	6.420760E-3
9.280000E-8	6.283711E-3
9.290000E-8	5.773203E-3
9.300000E-8	5.132498E-3
9.310000E-8	4.361596E-3
9.320000E-8	3.635235E-3
9.330000E-8	3.145284E-3
9.340000E-8	2.874612E-3
9.350000E-8	2.812940E-3
9.360000E-8	3.117875E-3
9.370000E-8	3.635235E-3
9.380000E-8	4.354744E-3
9.390000E-8	5.105088E-3
9.400000E-8	5.845154E-3
9.410000E-8	6.259727E-3
9.420000E-8	6.448170E-3
9.430000E-8	6.475580E-3
9.440000E-8	6.122678E-3
9.450000E-8	5.605318E-3
9.460000E-8	5.019432E-3
9.470000E-8	4.423268E-3
9.480000E-8	3.727743E-3
9.490000E-8	3.333727E-3
9.500000E-8	3.049350E-3
9.510000E-8	3.186399E-3
9.520000E-8	3.556432E-3
9.530000E-8	4.111481E-3
9.540000E-8	4.553465E-3
9.550000E-8	4.899514E-3
9.560000E-8	4.968039E-3
9.570000E-8	4.841268E-3
9.580000E-8	4.765891E-3
9.590000E-8	4.615137E-3
9.600000E-8	4.711072E-3
9.610000E-8	4.923498E-3
9.620000E-8	5.228432E-3
9.630000E-8	5.410022E-3
9.640000E-8	5.362055E-3
9.650000E-8	4.978317E-3
9.660000E-8	4.323908E-3
9.670000E-8	3.542727E-3
9.680000E-8	2.984252E-3
9.690000E-8	2.802661E-3
9.700000E-8	3.087038E-3
9.710000E-8	3.553006E-3
9.720000E-8	4.159448E-3
9.730000E-8	4.598006E-3
9.740000E-8	4.803580E-3
9.750000E-8	4.827563E-3
9.760000E-8	4.700793E-3
9.770000E-8	4.526055E-3
9.780000E-8	4.419842E-3
9.790000E-8	4.416416E-3
9.800000E-8	4.433547E-3
9.810000E-8	4.502071E-3
9.820000E-8	4.481514E-3
9.830000E-8	4.313629E-3
9.840000E-8	4.053235E-3
9.850000E-8	3.696907E-3
9.860000E-8	3.391973E-3
9.870000E-8	3.165842E-3
9.880000E-8	3.265202E-3
9.890000E-8	3.398825E-3
9.900000E-8	3.830530E-3
9.910000E-8	4.361596E-3
9.920000E-8	4.772744E-3
9.930000E-8	5.142776E-3
9.940000E-8	5.410022E-3
9.950000E-8	5.461416E-3
9.960000E-8	5.283252E-3
9.970000E-8	5.060547E-3
9.980000E-8	4.666531E-3
9.990000E-8	4.217694E-3
1.000000E-7	3.936744E-3
1.001000E-7	3.741448E-3
1.002000E-7	3.861366E-3
1.003000E-7	4.132039E-3
1.004000E-7	4.382153E-3
1.005000E-7	4.639121E-3
1.006000E-7	4.635694E-3
1.007000E-7	4.419842E-3
1.008000E-7	4.217694E-3
1.009000E-7	4.036104E-3
1.010000E-7	3.827104E-3
1.011000E-7	3.765432E-3
1.012000E-7	3.888776E-3
1.013000E-7	4.012121E-3
1.014000E-7	4.186858E-3
1.015000E-7	4.450678E-3
1.016000E-7	4.550039E-3
1.017000E-7	4.618563E-3
1.018000E-7	4.344465E-3
1.019000E-7	4.101203E-3
1.020000E-7	3.844235E-3
1.021000E-7	3.857940E-3
1.022000E-7	4.200563E-3
1.023000E-7	4.830990E-3
1.024000E-7	5.334645E-3
1.025000E-7	5.533367E-3
1.026000E-7	5.358629E-3
1.027000E-7	4.961186E-3
1.028000E-7	4.317055E-3
1.029000E-7	4.005268E-3
1.030000E-7	3.967580E-3
1.031000E-7	4.087498E-3
1.032000E-7	4.327334E-3
1.033000E-7	4.502071E-3
1.034000E-7	4.334186E-3
1.035000E-7	3.919612E-3
1.036000E-7	3.385120E-3
1.037000E-7	2.833497E-3
1.038000E-7	2.538842E-3
1.039000E-7	2.439481E-3
1.040000E-7	2.508006E-3
1.041000E-7	2.850629E-3
1.042000E-7	3.206957E-3
1.043000E-7	3.453645E-3
1.044000E-7	3.539301E-3
1.045000E-7	3.535875E-3
1.046000E-7	3.474202E-3
1.047000E-7	3.604399E-3
1.048000E-7	3.857940E-3
1.049000E-7	4.173153E-3
1.050000E-7	4.478088E-3
1.051000E-7	4.515776E-3
1.052000E-7	4.296498E-3
1.053000E-7	3.782563E-3
1.054000E-7	3.282334E-3
1.055000E-7	2.717006E-3
1.056000E-7	2.600514E-3
1.057000E-7	2.764973E-3
1.058000E-7	3.234366E-3
1.059000E-7	3.895629E-3
1.060000E-7	4.481514E-3
1.061000E-7	4.745334E-3
1.062000E-7	4.587727E-3
1.063000E-7	4.334186E-3
1.064000E-7	3.902481E-3
1.065000E-7	3.594121E-3
1.066000E-7	3.426235E-3
1.067000E-7	3.419383E-3
1.068000E-7	3.412530E-3
1.069000E-7	3.347432E-3
1.070000E-7	3.333727E-3
1.071000E-7	3.450219E-3
1.072000E-7	3.618104E-3
1.073000E-7	3.799694E-3
1.074000E-7	3.905907E-3
1.075000E-7	4.015547E-3
1.076000E-7	4.008694E-3
1.077000E-7	4.080645E-3
1.078000E-7	4.214268E-3
1.079000E-7	4.495219E-3
1.080000E-7	4.659678E-3
1.081000E-7	4.690514E-3
1.082000E-7	4.306776E-3
1.083000E-7	3.772284E-3
1.084000E-7	3.385120E-3
1.085000E-7	3.111022E-3
1.086000E-7	3.241219E-3
1.087000E-7	3.662645E-3
1.088000E-7	3.974432E-3
1.089000E-7	4.327334E-3
1.090000E-7	4.406137E-3
1.091000E-7	4.197137E-3
1.092000E-7	3.936744E-3
1.093000E-7	3.690055E-3
1.094000E-7	3.570137E-3
1.095000E-7	3.624957E-3
1.096000E-7	4.042957E-3
1.097000E-7	4.423268E-3
1.098000E-7	4.779596E-3
1.099000E-7	5.026285E-3
1.100000E-7	4.968039E-3
1.101000E-7	4.693940E-3
1.102000E-7	4.097776E-3
1.103000E-7	3.549580E-3
1.104000E-7	2.963694E-3
1.105000E-7	2.686170E-3
1.106000E-7	2.446333E-3
1.107000E-7	2.453186E-3
1.108000E-7	2.518284E-3
1.109000E-7	2.603940E-3
1.110000E-7	2.740989E-3
1.111000E-7	2.905448E-3
1.112000E-7	3.015088E-3
1.113000E-7	3.200104E-3
1.114000E-7	3.494760E-3
1.115000E-7	3.933317E-3
1.116000E-7	4.358170E-3
1.117000E-7	4.793301E-3
1.118000E-7	4.896088E-3
1.119000E-7	4.776170E-3
1.120000E-7	4.481514E-3
1.121000E-7	4.049809E-3
1.122000E-7	3.772284E-3
1.123000E-7	3.806547E-3
1.124000E-7	4.132039E-3
1.125000E-7	4.635694E-3
1.126000E-7	5.122219E-3
1.127000E-7	5.430580E-3
1.128000E-7	5.423727E-3
1.129000E-7	5.293531E-3
1.130000E-7	4.765891E-3
1.131000E-7	4.296498E-3
1.132000E-7	3.803121E-3
1.133000E-7	3.433088E-3
1.134000E-7	3.265202E-3
1.135000E-7	3.217235E-3
1.136000E-7	3.131579E-3
1.137000E-7	3.100743E-3
1.138000E-7	2.991104E-3
1.139000E-7	2.843776E-3
1.140000E-7	2.610793E-3
1.141000E-7	2.473743E-3
1.142000E-7	2.353825E-3
1.143000E-7	2.473743E-3
1.144000E-7	2.768399E-3
1.145000E-7	3.193252E-3
1.146000E-7	3.539301E-3
1.147000E-7	3.806547E-3
1.148000E-7	3.611252E-3
1.149000E-7	3.237793E-3
1.150000E-7	2.960268E-3
1.151000E-7	2.867760E-3
1.152000E-7	3.025366E-3
1.153000E-7	3.498186E-3
1.154000E-7	4.080645E-3
1.155000E-7	4.296498E-3
1.156000E-7	4.183432E-3
1.157000E-7	3.587268E-3
1.158000E-7	2.919153E-3
1.159000E-7	2.590235E-3
1.160000E-7	2.665612E-3
1.161000E-7	3.182973E-3
1.162000E-7	3.953875E-3
1.163000E-7	4.426694E-3
1.164000E-7	4.553465E-3
1.165000E-7	4.293071E-3
1.166000E-7	3.714039E-3
1.167000E-7	3.213809E-3
1.168000E-7	2.949989E-3
1.169000E-7	2.977399E-3
1.170000E-7	3.309743E-3
1.171000E-7	3.645514E-3
1.172000E-7	3.861366E-3
1.173000E-7	3.864793E-3
1.174000E-7	3.738022E-3
1.175000E-7	3.357711E-3
1.176000E-7	3.066481E-3
1.177000E-7	2.888317E-3
1.178000E-7	2.549120E-3
1.179000E-7	2.350399E-3
1.180000E-7	2.227055E-3
1.181000E-7	2.264743E-3
1.182000E-7	2.405219E-3
1.183000E-7	2.871186E-3
1.184000E-7	3.265202E-3
1.185000E-7	3.779137E-3
1.186000E-7	4.108055E-3
1.187000E-7	4.265662E-3
1.188000E-7	4.207416E-3
1.189000E-7	4.056662E-3
1.190000E-7	3.693481E-3
1.191000E-7	3.330301E-3
1.192000E-7	2.939711E-3
1.193000E-7	2.614219E-3
1.194000E-7	2.391514E-3
1.195000E-7	2.463465E-3
1.196000E-7	2.665612E-3
1.197000E-7	2.960268E-3
1.198000E-7	3.254924E-3
1.199000E-7	3.426235E-3
1.200000E-7	3.484481E-3
1.201000E-7	3.344006E-3
1.202000E-7	3.008235E-3
1.203000E-7	2.696448E-3
1.204000E-7	2.360678E-3
1.205000E-7	2.066022E-3
1.206000E-7	2.066022E-3
1.207000E-7	2.309284E-3
1.208000E-7	2.617645E-3
1.209000E-7	2.874612E-3
1.210000E-7	2.727284E-3
1.211000E-7	2.185940E-3
1.212000E-7	1.576071E-3
1.213000E-7	1.373923E-3
1.214000E-7	1.449301E-3
1.215000E-7	2.038612E-3
1.216000E-7	2.874612E-3
1.217000E-7	3.367989E-3
1.218000E-7	3.546153E-3
1.219000E-7	3.344006E-3
1.220000E-7	2.977399E-3
1.221000E-7	2.871186E-3
1.222000E-7	2.857481E-3
1.223000E-7	3.111022E-3
1.224000E-7	3.398825E-3
1.225000E-7	3.508465E-3
1.226000E-7	3.330301E-3
1.227000E-7	2.980825E-3
1.228000E-7	2.682743E-3
1.229000E-7	2.480596E-3
1.230000E-7	2.562825E-3
1.231000E-7	2.758120E-3
1.232000E-7	2.891743E-3
1.233000E-7	3.032219E-3
1.234000E-7	3.049350E-3
1.235000E-7	3.066481E-3
1.236000E-7	3.135006E-3
1.237000E-7	3.426235E-3
1.238000E-7	3.772284E-3
1.239000E-7	4.029252E-3
1.240000E-7	4.166301E-3
1.241000E-7	4.077219E-3
1.242000E-7	3.755153E-3
1.243000E-7	3.553006E-3
1.244000E-7	3.381694E-3
1.245000E-7	3.412530E-3
1.246000E-7	3.453645E-3
1.247000E-7	3.436514E-3
1.248000E-7	3.227514E-3
1.249000E-7	2.939711E-3
1.250000E-7	2.593661E-3
1.251000E-7	2.381235E-3
1.252000E-7	2.415497E-3
1.253000E-7	2.552547E-3
1.254000E-7	2.840350E-3
1.255000E-7	3.172694E-3
1.256000E-7	3.326875E-3
1.257000E-7	3.361137E-3
1.258000E-7	3.333727E-3
1.259000E-7	3.162416E-3
1.260000E-7	3.152137E-3
1.261000E-7	3.138432E-3
1.262000E-7	3.272055E-3
1.263000E-7	3.282334E-3
1.264000E-7	3.182973E-3
1.265000E-7	2.939711E-3
1.266000E-7	2.593661E-3
1.267000E-7	2.442907E-3
1.268000E-7	2.463465E-3
1.269000E-7	2.802661E-3
1.270000E-7	3.227514E-3
1.271000E-7	3.460498E-3
1.272000E-7	3.652366E-3
1.273000E-7	3.484481E-3
1.274000E-7	3.135006E-3
1.275000E-7	2.730711E-3
1.276000E-7	2.607366E-3
1.277000E-7	2.727284E-3
1.278000E-7	3.176120E-3
1.279000E-7	3.686629E-3
1.280000E-7	4.097776E-3
1.281000E-7	4.262235E-3
1.282000E-7	4.368449E-3
1.283000E-7	4.197137E-3
1.284000E-7	4.097776E-3
1.285000E-7	4.070367E-3
1.286000E-7	3.940170E-3
1.287000E-7	3.686629E-3
1.288000E-7	3.395399E-3
1.289000E-7	3.131579E-3
1.290000E-7	3.021940E-3
1.291000E-7	3.056202E-3
1.292000E-7	3.045924E-3
1.293000E-7	2.919153E-3
1.294000E-7	2.603940E-3
1.295000E-7	2.179088E-3
1.296000E-7	1.815907E-3
1.297000E-7	1.843317E-3
1.298000E-7	2.141399E-3
1.299000E-7	2.754694E-3
1.300000E-7	3.261776E-3
1.301000E-7	3.412530E-3
1.302000E-7	3.128153E-3
1.303000E-7	2.679317E-3
1.304000E-7	2.185940E-3
1.305000E-7	1.959809E-3
1.306000E-7	2.127694E-3
1.307000E-7	2.442907E-3
1.308000E-7	2.850629E-3
1.309000E-7	3.206957E-3
1.310000E-7	3.316596E-3
1.311000E-7	3.241219E-3
1.312000E-7	3.093891E-3
1.313000E-7	2.919153E-3
1.314000E-7	2.881465E-3
1.315000E-7	2.799235E-3
1.316000E-7	2.706727E-3
1.317000E-7	2.593661E-3
1.318000E-7	2.384661E-3
1.319000E-7	2.254465E-3
1.320000E-7	2.113989E-3
1.321000E-7	2.028333E-3
1.322000E-7	1.994071E-3
1.323000E-7	2.100284E-3
1.324000E-7	2.305858E-3
1.325000E-7	2.528563E-3
1.326000E-7	2.946563E-3
1.327000E-7	3.292612E-3
1.328000E-7	3.556432E-3
1.329000E-7	3.600973E-3
1.330000E-7	3.522170E-3
1.331000E-7	3.354284E-3
1.332000E-7	3.042497E-3
1.333000E-7	2.699874E-3
1.334000E-7	2.271596E-3
1.335000E-7	2.096858E-3
1.336000E-7	2.127694E-3
1.337000E-7	2.350399E-3
1.338000E-7	2.621071E-3
1.339000E-7	2.788956E-3
1.340000E-7	2.758120E-3
1.341000E-7	2.634776E-3
1.342000E-7	2.233907E-3
1.343000E-7	1.963235E-3
1.344000E-7	1.637743E-3
1.345000E-7	1.531530E-3
1.346000E-7	1.562366E-3
1.347000E-7	1.894710E-3
1.348000E-7	2.230481E-3
1.349000E-7	2.552547E-3
1.350000E-7	2.915727E-3
1.351000E-7	3.011661E-3
1.352000E-7	2.809514E-3
1.353000E-7	2.494301E-3
1.354000E-7	2.189366E-3
1.355000E-7	2.199645E-3
1.356000E-7	2.552547E-3
1.357000E-7	3.251498E-3
1.358000E-7	3.830530E-3
1.359000E-7	4.173153E-3
1.360000E-7	3.912760E-3
1.361000E-7	3.320022E-3
1.362000E-7	2.538842E-3
1.363000E-7	2.028333E-3
1.364000E-7	1.891284E-3
1.365000E-7	2.196219E-3
1.366000E-7	2.614219E-3
1.367000E-7	2.788956E-3
1.368000E-7	2.703301E-3
1.369000E-7	2.370956E-3
1.370000E-7	2.035186E-3
1.371000E-7	1.946104E-3
1.372000E-7	2.175661E-3
1.373000E-7	2.607366E-3
1.374000E-7	2.946563E-3
1.375000E-7	2.994530E-3
1.376000E-7	2.669038E-3
1.377000E-7	2.278448E-3
1.378000E-7	2.018055E-3
1.379000E-7	2.062596E-3
1.380000E-7	2.391514E-3
1.381000E-7	2.860907E-3
1.382000E-7	3.200104E-3
1.383000E-7	3.405678E-3
1.384000E-7	3.439940E-3
1.385000E-7	3.169268E-3
1.386000E-7	2.795809E-3
1.387000E-7	2.418924E-3
1.388000E-7	2.055743E-3
1.389000E-7	1.870727E-3
1.390000E-7	1.942678E-3
1.391000E-7	2.203071E-3
1.392000E-7	2.665612E-3
1.393000E-7	3.135006E-3
1.394000E-7	3.337153E-3
1.395000E-7	3.344006E-3
1.396000E-7	3.059629E-3
1.397000E-7	2.576530E-3
1.398000E-7	2.141399E-3
1.399000E-7	1.733678E-3
1.400000E-7	1.452727E-3
1.401000E-7	1.250579E-3
1.402000E-7	1.120382E-3
1.403000E-7	1.202612E-3
1.404000E-7	1.456153E-3
1.405000E-7	2.004350E-3
1.406000E-7	2.610793E-3
1.407000E-7	3.172694E-3
1.408000E-7	3.296039E-3
1.409000E-7	3.087038E-3
1.410000E-7	2.840350E-3
1.411000E-7	2.562825E-3
1.412000E-7	2.370956E-3
1.413000E-7	2.460038E-3
1.414000E-7	2.518284E-3
1.415000E-7	2.456612E-3
1.416000E-7	2.312710E-3
1.417000E-7	2.192792E-3
1.418000E-7	2.244186E-3
1.419000E-7	2.418924E-3
1.420000E-7	2.686170E-3
1.421000E-7	2.847202E-3
1.422000E-7	2.830071E-3
1.423000E-7	2.847202E-3
1.424000E-7	2.720432E-3
1.425000E-7	2.703301E-3
1.426000E-7	2.699874E-3
1.427000E-7	2.710153E-3
1.428000E-7	2.388088E-3
1.429000E-7	2.004350E-3
1.430000E-7	1.613760E-3
1.431000E-7	1.473284E-3
1.432000E-7	1.606907E-3
1.433000E-7	1.970087E-3
1.434000E-7	2.329842E-3
1.435000E-7	2.600514E-3
1.436000E-7	2.782104E-3
1.437000E-7	2.799235E-3
1.438000E-7	2.902022E-3
1.439000E-7	2.963694E-3
1.440000E-7	2.987678E-3
1.441000E-7	2.881465E-3
1.442000E-7	2.549120E-3
1.443000E-7	2.066022E-3
1.444000E-7	1.524678E-3
1.445000E-7	1.158071E-3
1.446000E-7	1.154645E-3
1.447000E-7	1.569219E-3
1.448000E-7	2.141399E-3
1.449000E-7	2.610793E-3
1.450000E-7	2.874612E-3
1.451000E-7	2.730711E-3
1.452000E-7	2.449760E-3
1.453000E-7	1.932399E-3
1.454000E-7	1.552087E-3
1.455000E-7	1.373923E-3
1.456000E-7	1.391055E-3
1.457000E-7	1.538383E-3
1.458000E-7	1.805628E-3
1.459000E-7	2.285301E-3
1.460000E-7	2.665612E-3
1.461000E-7	3.097317E-3
1.462000E-7	3.330301E-3
1.463000E-7	3.340580E-3
1.464000E-7	3.213809E-3
1.465000E-7	2.997957E-3
1.466000E-7	2.672465E-3
1.467000E-7	2.597088E-3
1.468000E-7	2.655334E-3
1.469000E-7	2.675891E-3
1.470000E-7	2.710153E-3
1.471000E-7	2.583383E-3
1.472000E-7	2.275022E-3
1.473000E-7	1.881006E-3
1.474000E-7	1.541809E-3
1.475000E-7	1.524678E-3
1.476000E-7	1.870727E-3
1.477000E-7	2.377809E-3
1.478000E-7	2.836924E-3
1.479000E-7	3.189825E-3
1.480000E-7	3.313170E-3
1.481000E-7	3.282334E-3
1.482000E-7	3.148711E-3
1.483000E-7	2.905448E-3
1.484000E-7	2.658760E-3
1.485000E-7	2.569678E-3
1.486000E-7	2.484022E-3
1.487000E-7	2.333268E-3
1.488000E-7	2.343547E-3
1.489000E-7	2.391514E-3
1.490000E-7	2.381235E-3
1.491000E-7	2.384661E-3
1.492000E-7	2.412071E-3
1.493000E-7	2.295579E-3
1.494000E-7	2.364104E-3
1.495000E-7	2.528563E-3
1.496000E-7	2.703301E-3
1.497000E-7	2.949989E-3
1.498000E-7	3.028793E-3
1.499000E-7	2.949989E-3
1.500000E-7	2.799235E-3
1.501000E-7	2.795809E-3
1.502000E-7	2.778678E-3
1.503000E-7	2.932858E-3
1.504000E-7	3.155563E-3
1.505000E-7	3.272055E-3
1.506000E-7	3.350858E-3
1.507000E-7	3.309743E-3
1.508000E-7	3.289186E-3
1.509000E-7	3.374842E-3
1.510000E-7	3.443366E-3
1.511000E-7	3.457071E-3
1.512000E-7	3.385120E-3
1.513000E-7	3.121301E-3
1.514000E-7	2.878038E-3
1.515000E-7	2.758120E-3
1.516000E-7	2.658760E-3
1.517000E-7	2.850629E-3
1.518000E-7	2.963694E-3
1.519000E-7	3.025366E-3
1.520000E-7	2.795809E-3
1.521000E-7	2.655334E-3
1.522000E-7	2.603940E-3
1.523000E-7	2.727284E-3
1.524000E-7	3.004809E-3
1.525000E-7	3.148711E-3
1.526000E-7	3.018514E-3
1.527000E-7	2.809514E-3
1.528000E-7	2.436055E-3
1.529000E-7	2.093432E-3
1.530000E-7	1.904989E-3
1.531000E-7	1.922120E-3
1.532000E-7	2.079727E-3
1.533000E-7	2.172235E-3
1.534000E-7	2.233907E-3
1.535000E-7	2.124268E-3
1.536000E-7	2.018055E-3
1.537000E-7	2.090006E-3
1.538000E-7	2.072874E-3
1.539000E-7	2.261317E-3
1.540000E-7	2.480596E-3
1.541000E-7	2.860907E-3
1.542000E-7	3.131579E-3
1.543000E-7	3.402252E-3
1.544000E-7	3.347432E-3
1.545000E-7	3.275481E-3
1.546000E-7	2.991104E-3
1.547000E-7	2.713579E-3
1.548000E-7	2.501153E-3
1.549000E-7	2.449760E-3
1.550000E-7	2.518284E-3
1.551000E-7	2.627924E-3
1.552000E-7	2.689596E-3
1.553000E-7	2.610793E-3
1.554000E-7	2.641629E-3
1.555000E-7	2.583383E-3
1.556000E-7	2.542268E-3
1.557000E-7	2.723858E-3
1.558000E-7	2.782104E-3
1.559000E-7	2.860907E-3
1.560000E-7	2.799235E-3
1.561000E-7	2.768399E-3
1.562000E-7	2.549120E-3
1.563000E-7	2.501153E-3
1.564000E-7	2.425776E-3
1.565000E-7	2.264743E-3
1.566000E-7	2.069448E-3
1.567000E-7	1.904989E-3
1.568000E-7	1.795350E-3
1.569000E-7	1.672005E-3
1.570000E-7	1.713120E-3
1.571000E-7	1.802202E-3
1.572000E-7	2.113989E-3
1.573000E-7	2.531989E-3
1.574000E-7	2.816366E-3
1.575000E-7	2.984252E-3
1.576000E-7	2.806088E-3
1.577000E-7	2.285301E-3
1.578000E-7	1.843317E-3
1.579000E-7	1.353366E-3
1.580000E-7	1.058710E-3
1.581000E-7	1.312251E-3
1.582000E-7	1.812481E-3
1.583000E-7	2.391514E-3
1.584000E-7	2.819793E-3
1.585000E-7	3.063055E-3
1.586000E-7	3.234366E-3
1.587000E-7	3.412530E-3
1.588000E-7	3.467350E-3
1.589000E-7	3.484481E-3
1.590000E-7	3.323448E-3
1.591000E-7	3.111022E-3
1.592000E-7	2.651907E-3
1.593000E-7	2.288727E-3
1.594000E-7	1.956383E-3
1.595000E-7	1.774792E-3
1.596000E-7	1.685710E-3
1.597000E-7	1.795350E-3
1.598000E-7	1.915268E-3
1.599000E-7	2.172235E-3
1.600000E-7	2.360678E-3
1.601000E-7	2.549120E-3
1.602000E-7	2.576530E-3
1.603000E-7	2.617645E-3
1.604000E-7	2.723858E-3
1.605000E-7	2.939711E-3
1.606000E-7	3.018514E-3
1.607000E-7	3.018514E-3
1.608000E-7	3.032219E-3
1.609000E-7	2.997957E-3
1.610000E-7	2.771825E-3
1.611000E-7	2.610793E-3
1.612000E-7	2.391514E-3
1.613000E-7	2.254465E-3
1.614000E-7	2.240760E-3
1.615000E-7	2.353825E-3
1.616000E-7	2.463465E-3
1.617000E-7	2.675891E-3
1.618000E-7	2.912301E-3
1.619000E-7	2.878038E-3
1.620000E-7	2.843776E-3
1.621000E-7	2.840350E-3
1.622000E-7	2.819793E-3
1.623000E-7	2.919153E-3
1.624000E-7	2.898596E-3
1.625000E-7	2.956842E-3
1.626000E-7	2.782104E-3
1.627000E-7	2.569678E-3
1.628000E-7	2.336694E-3
1.629000E-7	2.326415E-3
1.630000E-7	2.504579E-3
1.631000E-7	2.665612E-3
1.632000E-7	2.991104E-3
1.633000E-7	3.145284E-3
1.634000E-7	2.980825E-3
1.635000E-7	2.703301E-3
1.636000E-7	2.230481E-3
1.637000E-7	1.672005E-3
1.638000E-7	1.226596E-3
1.639000E-7	9.045300E-4
1.640000E-7	6.407102E-4
1.641000E-7	4.488414E-4
1.642000E-7	3.563332E-4
1.643000E-7	4.077266E-4
1.644000E-7	6.372840E-4
1.645000E-7	1.000464E-3
1.646000E-7	1.322530E-3
1.647000E-7	1.648022E-3
1.648000E-7	1.815907E-3
1.649000E-7	1.911842E-3
1.650000E-7	1.970087E-3
1.651000E-7	2.021481E-3
1.652000E-7	2.055743E-3
1.653000E-7	2.127694E-3
1.654000E-7	2.161956E-3
1.655000E-7	2.251038E-3
1.656000E-7	2.316137E-3
1.657000E-7	2.470317E-3
1.658000E-7	2.610793E-3
1.659000E-7	2.795809E-3
1.660000E-7	2.915727E-3
1.661000E-7	3.111022E-3
1.662000E-7	3.165842E-3
1.663000E-7	3.165842E-3
1.664000E-7	2.970547E-3
1.665000E-7	2.823219E-3
1.666000E-7	2.689596E-3
1.667000E-7	2.641629E-3
1.668000E-7	2.720432E-3
1.669000E-7	2.809514E-3
1.670000E-7	2.747842E-3
1.671000E-7	2.531989E-3
1.672000E-7	2.161956E-3
1.673000E-7	1.699415E-3
1.674000E-7	1.356792E-3
1.675000E-7	1.212891E-3
1.676000E-7	1.332809E-3
1.677000E-7	1.627464E-3
1.678000E-7	2.062596E-3
1.679000E-7	2.257891E-3
1.680000E-7	2.429202E-3
1.681000E-7	2.535415E-3
1.682000E-7	2.830071E-3
1.683000E-7	3.176120E-3
1.684000E-7	3.532448E-3
1.685000E-7	3.782563E-3
1.686000E-7	3.772284E-3
1.687000E-7	3.409104E-3
1.688000E-7	2.867760E-3
1.689000E-7	2.432629E-3
1.690000E-7	2.227055E-3
1.691000E-7	2.254465E-3
1.692000E-7	2.586809E-3
1.693000E-7	3.021940E-3
1.694000E-7	3.100743E-3
1.695000E-7	2.991104E-3
1.696000E-7	2.645055E-3
1.697000E-7	2.388088E-3
1.698000E-7	2.240760E-3
1.699000E-7	2.381235E-3
1.700000E-7	2.696448E-3
1.701000E-7	3.100743E-3
1.702000E-7	3.230940E-3
1.703000E-7	3.045924E-3
1.704000E-7	2.744415E-3
1.705000E-7	2.473743E-3
1.706000E-7	2.285301E-3
1.707000E-7	2.401792E-3
1.708000E-7	2.559399E-3
1.709000E-7	2.723858E-3
1.710000E-7	2.860907E-3
1.711000E-7	2.891743E-3
1.712000E-7	2.775252E-3
1.713000E-7	2.751268E-3
1.714000E-7	2.754694E-3
1.715000E-7	2.682743E-3
1.716000E-7	2.600514E-3
1.717000E-7	2.521711E-3
1.718000E-7	2.299006E-3
1.719000E-7	2.203071E-3
1.720000E-7	2.244186E-3
1.721000E-7	2.312710E-3
1.722000E-7	2.583383E-3
1.723000E-7	2.675891E-3
1.724000E-7	2.675891E-3
1.725000E-7	2.477170E-3
1.726000E-7	2.333268E-3
1.727000E-7	2.220202E-3
1.728000E-7	2.141399E-3
1.729000E-7	2.192792E-3
1.730000E-7	2.161956E-3
1.731000E-7	2.213350E-3
1.732000E-7	2.004350E-3
1.733000E-7	1.733678E-3
1.734000E-7	1.576071E-3
1.735000E-7	1.432169E-3
1.736000E-7	1.319104E-3
1.737000E-7	1.281415E-3
1.738000E-7	1.377350E-3
1.739000E-7	1.545235E-3
1.740000E-7	1.867301E-3
1.741000E-7	2.257891E-3
1.742000E-7	2.631350E-3
1.743000E-7	2.919153E-3
1.744000E-7	2.953416E-3
1.745000E-7	2.833497E-3
1.746000E-7	2.655334E-3
1.747000E-7	2.549120E-3
1.748000E-7	2.456612E-3
1.749000E-7	2.579956E-3
1.750000E-7	2.634776E-3
1.751000E-7	2.778678E-3
1.752000E-7	2.836924E-3
1.753000E-7	2.891743E-3
1.754000E-7	2.850629E-3
1.755000E-7	2.559399E-3
1.756000E-7	2.161956E-3
1.757000E-7	1.682284E-3
1.758000E-7	1.353366E-3
1.759000E-7	1.277989E-3
1.760000E-7	1.346514E-3
1.761000E-7	1.569219E-3
1.762000E-7	1.648022E-3
1.763000E-7	1.476710E-3
1.764000E-7	1.308825E-3
1.765000E-7	1.315678E-3
1.766000E-7	1.538383E-3
1.767000E-7	1.946104E-3
1.768000E-7	2.436055E-3
1.769000E-7	2.758120E-3
1.770000E-7	2.850629E-3
1.771000E-7	2.878038E-3
1.772000E-7	2.809514E-3
1.773000E-7	2.902022E-3
1.774000E-7	3.021940E-3
1.775000E-7	3.063055E-3
1.776000E-7	3.080186E-3
1.777000E-7	2.843776E-3
1.778000E-7	2.275022E-3
1.779000E-7	1.788497E-3
1.780000E-7	1.497268E-3
1.781000E-7	1.579497E-3
1.782000E-7	1.843317E-3
1.783000E-7	2.329842E-3
1.784000E-7	2.830071E-3
1.785000E-7	3.179547E-3
1.786000E-7	3.011661E-3
1.787000E-7	2.501153E-3
1.788000E-7	1.658301E-3
1.789000E-7	1.206038E-3
1.790000E-7	9.764808E-4
1.791000E-7	1.281415E-3
1.792000E-7	1.970087E-3
1.793000E-7	2.603940E-3
1.794000E-7	3.087038E-3
1.795000E-7	3.090465E-3
1.796000E-7	2.778678E-3
1.797000E-7	2.299006E-3
1.798000E-7	1.754235E-3
1.799000E-7	1.483563E-3
1.800000E-7	1.514399E-3
1.801000E-7	1.822760E-3
1.802000E-7	2.052317E-3
1.803000E-7	2.278448E-3
1.804000E-7	2.350399E-3
1.805000E-7	2.384661E-3
1.806000E-7	2.223629E-3
1.807000E-7	2.124268E-3
1.808000E-7	1.870727E-3
1.809000E-7	1.778219E-3
1.810000E-7	1.603481E-3
1.811000E-7	1.548661E-3
1.812000E-7	1.586350E-3
1.813000E-7	1.743956E-3
1.814000E-7	1.874153E-3
1.815000E-7	2.059169E-3
1.816000E-7	2.192792E-3
1.817000E-7	2.329842E-3
1.818000E-7	2.484022E-3
1.819000E-7	2.682743E-3
1.820000E-7	2.764973E-3
1.821000E-7	2.689596E-3
1.822000E-7	2.607366E-3
1.823000E-7	2.391514E-3
1.824000E-7	2.418924E-3
1.825000E-7	2.381235E-3
1.826000E-7	2.449760E-3
1.827000E-7	2.432629E-3
1.828000E-7	2.398366E-3
1.829000E-7	2.175661E-3
1.830000E-7	1.809055E-3
1.831000E-7	1.521251E-3
1.832000E-7	1.175202E-3
1.833000E-7	9.833333E-4
1.834000E-7	8.325791E-4
1.835000E-7	6.372840E-4
1.836000E-7	5.995955E-4
1.837000E-7	6.852512E-4
1.838000E-7	9.696283E-4
1.839000E-7	1.353366E-3
1.840000E-7	1.767940E-3
1.841000E-7	2.131120E-3
1.842000E-7	2.370956E-3
1.843000E-7	2.340120E-3
1.844000E-7	2.137973E-3
1.845000E-7	1.983792E-3
1.846000E-7	1.932399E-3
1.847000E-7	2.072874E-3
1.848000E-7	2.329842E-3
1.849000E-7	2.614219E-3
1.850000E-7	2.621071E-3
1.851000E-7	2.473743E-3
1.852000E-7	2.227055E-3
1.853000E-7	1.935825E-3
1.854000E-7	1.740530E-3
1.855000E-7	1.781645E-3
1.856000E-7	1.922120E-3
1.857000E-7	2.090006E-3
1.858000E-7	2.093432E-3
1.859000E-7	1.898137E-3
1.860000E-7	1.778219E-3
1.861000E-7	1.795350E-3
1.862000E-7	1.867301E-3
1.863000E-7	2.213350E-3
1.864000E-7	2.555973E-3
1.865000E-7	2.977399E-3
1.866000E-7	3.083612E-3
1.867000E-7	2.919153E-3
1.868000E-7	2.514858E-3
1.869000E-7	2.096858E-3
1.870000E-7	1.850169E-3
1.871000E-7	1.761087E-3
1.872000E-7	1.904989E-3
1.873000E-7	2.175661E-3
1.874000E-7	2.302432E-3
1.875000E-7	2.244186E-3
1.876000E-7	1.987219E-3
1.877000E-7	1.747383E-3
1.878000E-7	1.603481E-3
1.879000E-7	1.586350E-3
1.880000E-7	1.678858E-3
1.881000E-7	1.836465E-3
1.882000E-7	1.891284E-3
1.883000E-7	1.702842E-3
1.884000E-7	1.415038E-3
1.885000E-7	1.137514E-3
1.886000E-7	1.062137E-3
1.887000E-7	1.315678E-3
1.888000E-7	1.624038E-3
1.889000E-7	1.983792E-3
1.890000E-7	2.299006E-3
1.891000E-7	2.453186E-3
1.892000E-7	2.281874E-3
1.893000E-7	2.175661E-3
1.894000E-7	2.055743E-3
1.895000E-7	2.158530E-3
1.896000E-7	2.367530E-3
1.897000E-7	2.624497E-3
1.898000E-7	2.672465E-3
1.899000E-7	2.717006E-3
1.900000E-7	2.648481E-3
1.901000E-7	2.531989E-3
1.902000E-7	2.545694E-3
1.903000E-7	2.549120E-3
1.904000E-7	2.501153E-3
1.905000E-7	2.542268E-3
1.906000E-7	2.607366E-3
1.907000E-7	2.607366E-3
1.908000E-7	2.727284E-3
1.909000E-7	2.645055E-3
1.910000E-7	2.394940E-3
1.911000E-7	2.096858E-3
1.912000E-7	1.682284E-3
1.913000E-7	1.322530E-3
1.914000E-7	1.199186E-3
1.915000E-7	1.188907E-3
1.916000E-7	1.332809E-3
1.917000E-7	1.627464E-3
1.918000E-7	1.781645E-3
1.919000E-7	1.867301E-3
1.920000E-7	1.898137E-3
1.921000E-7	1.915268E-3
1.922000E-7	1.887858E-3
1.923000E-7	2.059169E-3
1.924000E-7	2.179088E-3
1.925000E-7	2.285301E-3
1.926000E-7	2.172235E-3
1.927000E-7	2.028333E-3
1.928000E-7	1.695989E-3
1.929000E-7	1.439022E-3
1.930000E-7	1.243727E-3
1.931000E-7	1.103251E-3
1.932000E-7	1.123809E-3
1.933000E-7	1.216317E-3
1.934000E-7	1.391055E-3
1.935000E-7	1.682284E-3
1.936000E-7	2.014628E-3
1.937000E-7	2.137973E-3
1.938000E-7	2.275022E-3
1.939000E-7	2.309284E-3
1.940000E-7	2.251038E-3
1.941000E-7	2.223629E-3
1.942000E-7	2.336694E-3
1.943000E-7	2.569678E-3
1.944000E-7	2.754694E-3
1.945000E-7	2.953416E-3
1.946000E-7	2.929432E-3
1.947000E-7	2.713579E-3
1.948000E-7	2.456612E-3
1.949000E-7	2.230481E-3
1.950000E-7	2.069448E-3
1.951000E-7	2.141399E-3
1.952000E-7	2.429202E-3
1.953000E-7	2.864334E-3
1.954000E-7	3.265202E-3
1.955000E-7	3.532448E-3
1.956000E-7	3.525596E-3
1.957000E-7	3.412530E-3
1.958000E-7	3.189825E-3
1.959000E-7	3.083612E-3
1.960000E-7	3.213809E-3
1.961000E-7	3.402252E-3
1.962000E-7	3.696907E-3
1.963000E-7	3.690055E-3
1.964000E-7	3.535875E-3
1.965000E-7	2.956842E-3
1.966000E-7	2.346973E-3
1.967000E-7	1.860448E-3
1.968000E-7	1.836465E-3
1.969000E-7	2.107137E-3
1.970000E-7	2.477170E-3
1.971000E-7	2.919153E-3
1.972000E-7	2.994530E-3
1.973000E-7	2.792383E-3
1.974000E-7	2.484022E-3
1.975000E-7	2.220202E-3
1.976000E-7	2.007776E-3
1.977000E-7	2.066022E-3
1.978000E-7	2.168809E-3
1.979000E-7	2.165383E-3
1.980000E-7	1.959809E-3
1.981000E-7	1.860448E-3
1.982000E-7	1.891284E-3
1.983000E-7	2.004350E-3
1.984000E-7	2.165383E-3
1.985000E-7	2.240760E-3
1.986000E-7	2.137973E-3
1.987000E-7	1.702842E-3
1.988000E-7	1.137514E-3
1.989000E-7	7.880381E-4
1.990000E-7	8.154480E-4
1.991000E-7	1.086120E-3
1.992000E-7	1.510973E-3
1.993000E-7	1.952956E-3
1.994000E-7	2.107137E-3
1.995000E-7	2.018055E-3
1.996000E-7	1.994071E-3
1.997000E-7	2.103710E-3
1.998000E-7	2.381235E-3
1.999000E-7	2.734137E-3
2.000000E-7	3.100743E-3
2.001000E-7	3.268629E-3
