Study Name	Beam_cont_045-04_RT_lecroy
Sample Name	2025-03-19
Run Name	spot00
Operator	Elena
Date	3/19/2025
Time	13:51
Sign	POS
Grating Spacing	03.40um
Channel	3
Number Traces	2000
Files in Batch	6
Batch Number	36
dt	100.000001E-12
time stamp (ms)	1:58:01 PM
	
Time	Amplitude
0.000000E+0	-2.912259E-4
1.000000E-10	-1.438980E-4
2.000000E-10	3.769214E-5
3.000000E-10	1.439053E-4
4.000000E-10	7.880690E-5
5.000000E-10	-1.233407E-4
6.000000E-10	-2.980784E-4
7.000000E-10	-3.905866E-4
8.000000E-10	-2.912259E-4
9.000000E-10	-5.481607E-5
1.000000E-9	2.055774E-4
1.100000E-9	4.111512E-4
1.200000E-9	4.556922E-4
1.300000E-9	2.638233E-4
1.400000E-9	6.852821E-5
1.500000E-9	-1.438980E-4
1.600000E-9	-2.055702E-4
1.700000E-9	-1.301931E-4
1.800000E-9	9.936428E-5
1.900000E-9	2.706758E-4
2.000000E-9	4.556922E-4
2.100000E-9	4.968070E-4
2.200000E-9	3.905938E-4
2.300000E-9	2.295610E-4
2.400000E-9	-3.422617E-6
2.500000E-9	-1.576030E-4
2.600000E-9	-2.638161E-4
2.700000E-9	-3.837341E-4
2.800000E-9	-4.179964E-4
2.900000E-9	-4.693899E-4
3.000000E-9	-4.796686E-4
3.100000E-9	-4.899473E-4
3.200000E-9	-4.488325E-4
3.300000E-9	-2.946522E-4
3.400000E-9	-1.233407E-4
3.500000E-9	-1.712754E-5
3.600000E-9	-3.425869E-5
3.700000E-9	-1.096357E-4
3.800000E-9	-2.364063E-4
3.900000E-9	-3.666030E-4
4.000000E-9	-3.803079E-4
4.100000E-9	-2.980784E-4
4.200000E-9	-1.815866E-4
4.300000E-9	-1.164882E-4
4.400000E-9	-1.096357E-4
4.500000E-9	-2.158489E-4
4.600000E-9	-2.740948E-4
4.700000E-9	-2.843735E-4
4.800000E-9	-2.603899E-4
4.900000E-9	-1.884390E-4
5.000000E-9	-3.422617E-6
5.100000E-9	2.466922E-4
5.200000E-9	3.768889E-4
5.300000E-9	4.317086E-4
5.400000E-9	3.563315E-4
5.500000E-9	1.952987E-4
5.600000E-9	3.426591E-5
5.700000E-9	-5.138984E-5
5.800000E-9	-1.576030E-4
5.900000E-9	-1.850128E-4
6.000000E-9	-1.541767E-4
6.100000E-9	-1.473243E-4
6.200000E-9	-1.713079E-4
6.300000E-9	-1.610292E-4
6.400000E-9	-1.199144E-4
6.500000E-9	-3.425869E-5
6.600000E-9	5.139706E-5
6.700000E-9	9.936428E-5
6.800000E-9	1.370853E-5
6.900000E-9	-1.096357E-4
7.000000E-9	-2.843735E-4
7.100000E-9	-3.871604E-4
7.200000E-9	-3.700292E-4
7.300000E-9	-1.096357E-4
7.400000E-9	2.124299E-4
7.500000E-9	4.933807E-4
7.600000E-9	6.715447E-4
7.700000E-9	5.995939E-4
7.800000E-9	2.946594E-4
7.900000E-9	-4.796361E-5
8.000000E-9	-2.946522E-4
8.100000E-9	-3.426194E-4
8.200000E-9	-2.535374E-4
8.300000E-9	-1.336194E-4
8.400000E-9	-8.565214E-5
8.500000E-9	-2.466849E-4
8.600000E-9	-4.351276E-4
8.700000E-9	-5.756030E-4
8.800000E-9	-4.659637E-4
8.900000E-9	-2.980784E-4
9.000000E-9	-9.935706E-5
9.100000E-9	-7.194722E-5
9.200000E-9	-2.158489E-4
9.300000E-9	-4.591112E-4
9.400000E-9	-7.674719E-4
9.500000E-9	-8.873900E-4
9.600000E-9	-8.394227E-4
9.700000E-9	-5.824555E-4
9.800000E-9	-3.152095E-4
9.900000E-9	-6.509476E-5
1.000000E-8	9.593805E-5
1.010000E-8	1.747413E-4
1.020000E-8	1.404790E-4
1.030000E-8	3.429843E-6
1.040000E-8	-9.250460E-5
1.050000E-8	-1.267669E-4
1.060000E-8	-1.713079E-4
1.070000E-8	-1.507505E-4
1.080000E-8	-5.481607E-5
1.090000E-8	5.139706E-5
1.100000E-8	8.223313E-5
1.110000E-8	-6.852099E-5
1.120000E-8	-2.638161E-4
1.130000E-8	-4.179964E-4
1.140000E-8	-4.865211E-4
1.150000E-8	-4.488325E-4
1.160000E-8	-3.152095E-4
1.170000E-8	-9.935706E-5
1.180000E-8	6.167575E-5
1.190000E-8	2.261348E-4
1.200000E-8	3.083643E-4
1.210000E-8	2.535446E-4
1.220000E-8	1.096430E-4
1.230000E-8	-2.192751E-4
1.240000E-8	-4.762424E-4
1.250000E-8	-5.961604E-4
1.260000E-8	-4.933735E-4
1.270000E-8	-2.706686E-4
1.280000E-8	-1.096357E-4
1.290000E-8	-1.096357E-4
1.300000E-8	-3.186358E-4
1.310000E-8	-4.933735E-4
1.320000E-8	-6.167178E-4
1.330000E-8	-5.276358E-4
1.340000E-8	-2.021440E-4
1.350000E-8	2.535446E-4
1.360000E-8	5.927414E-4
1.370000E-8	7.434955E-4
1.380000E-8	6.681185E-4
1.390000E-8	4.625447E-4
1.400000E-8	2.124299E-4
1.410000E-8	4.454460E-5
1.420000E-8	-8.222591E-5
1.430000E-8	-1.850128E-4
1.440000E-8	-2.466849E-4
1.450000E-8	-2.638161E-4
1.460000E-8	-1.301931E-4
1.470000E-8	1.028230E-5
1.480000E-8	2.158561E-4
1.490000E-8	1.918725E-4
1.500000E-8	1.028230E-5
1.510000E-8	-2.638161E-4
1.520000E-8	-5.207834E-4
1.530000E-8	-5.379145E-4
1.540000E-8	-3.289145E-4
1.550000E-8	1.027905E-4
1.560000E-8	5.070857E-4
1.570000E-8	8.805447E-4
1.580000E-8	9.867579E-4
1.590000E-8	8.565611E-4
1.600000E-8	6.475611E-4
1.610000E-8	4.693971E-4
1.620000E-8	3.529053E-4
1.630000E-8	3.083643E-4
1.640000E-8	2.021512E-4
1.650000E-8	-3.422617E-6
1.660000E-8	-3.117833E-4
1.670000E-8	-5.173571E-4
1.680000E-8	-5.961604E-4
1.690000E-8	-5.173571E-4
1.700000E-8	-2.603899E-4
1.710000E-8	-2.398000E-5
1.720000E-8	1.815938E-4
1.730000E-8	2.124299E-4
1.740000E-8	1.199217E-4
1.750000E-8	-2.740623E-5
1.760000E-8	-1.336194E-4
1.770000E-8	-1.747341E-4
1.780000E-8	-6.509476E-5
1.790000E-8	1.027905E-4
1.800000E-8	2.775282E-4
1.810000E-8	3.700365E-4
1.820000E-8	3.700365E-4
1.830000E-8	1.713151E-4
1.840000E-8	-5.138984E-5
1.850000E-8	-1.541767E-4
1.860000E-8	-1.473243E-4
1.870000E-8	-7.194722E-5
1.880000E-8	-1.199144E-4
1.890000E-8	-1.233407E-4
1.900000E-8	-2.158489E-4
1.910000E-8	-3.871604E-4
1.920000E-8	-4.796686E-4
1.930000E-8	-4.317014E-4
1.940000E-8	-2.124226E-4
1.950000E-8	5.482329E-5
1.960000E-8	2.603971E-4
1.970000E-8	3.597578E-4
1.980000E-8	3.015119E-4
1.990000E-8	1.541840E-4
2.000000E-8	3.426591E-5
2.010000E-8	-5.138984E-5
2.020000E-8	4.111837E-5
2.030000E-8	2.364135E-4
2.040000E-8	4.591184E-4
2.050000E-8	6.749709E-4
2.060000E-8	7.606267E-4
2.070000E-8	6.852496E-4
2.080000E-8	6.235775E-4
2.090000E-8	4.762496E-4
2.100000E-8	3.597578E-4
2.110000E-8	3.220692E-4
2.120000E-8	3.597578E-4
2.130000E-8	4.693971E-4
2.140000E-8	4.042988E-4
2.150000E-8	3.220692E-4
2.160000E-8	1.370853E-5
2.170000E-8	-2.329800E-4
2.180000E-8	-3.357669E-4
2.190000E-8	-2.603899E-4
2.200000E-8	5.824952E-5
2.210000E-8	3.666102E-4
2.220000E-8	5.824627E-4
2.230000E-8	6.201512E-4
2.240000E-8	4.831020E-4
2.250000E-8	4.728234E-4
2.260000E-8	1.175201E-3
2.270000E-8	2.915725E-3
2.280000E-8	5.824595E-3
2.290000E-8	9.826431E-3
2.300000E-8	1.432850E-2
2.310000E-8	1.864897E-2
2.320000E-8	2.208891E-2
2.330000E-8	2.437078E-2
2.340000E-8	2.554597E-2
2.350000E-8	2.613871E-2
2.360000E-8	2.642994E-2
2.370000E-8	2.670747E-2
2.380000E-8	2.686507E-2
2.390000E-8	2.668348E-2
2.400000E-8	2.588517E-2
2.410000E-8	2.423030E-2
2.420000E-8	2.223624E-2
2.430000E-8	2.019420E-2
2.440000E-8	1.848109E-2
2.450000E-8	1.744637E-2
2.460000E-8	1.704207E-2
2.470000E-8	1.708661E-2
2.480000E-8	1.731274E-2
2.490000E-8	1.759712E-2
2.500000E-8	1.790548E-2
2.510000E-8	1.838173E-2
2.520000E-8	1.908410E-2
2.530000E-8	2.002289E-2
2.540000E-8	2.106789E-2
2.550000E-8	2.181481E-2
2.560000E-8	2.205122E-2
2.570000E-8	2.162294E-2
2.580000E-8	2.045117E-2
2.590000E-8	1.887853E-2
2.600000E-8	1.722366E-2
2.610000E-8	1.577437E-2
2.620000E-8	1.475335E-2
2.630000E-8	1.417432E-2
2.640000E-8	1.397902E-2
2.650000E-8	1.400643E-2
2.660000E-8	1.425997E-2
2.670000E-8	1.476363E-2
2.680000E-8	1.553110E-2
2.690000E-8	1.652128E-2
2.700000E-8	1.763138E-2
2.710000E-8	1.856674E-2
2.720000E-8	1.917319E-2
2.730000E-8	1.937876E-2
2.740000E-8	1.912179E-2
2.750000E-8	1.855304E-2
2.760000E-8	1.764509E-2
2.770000E-8	1.646304E-2
2.780000E-8	1.502402E-2
2.790000E-8	1.352333E-2
2.800000E-8	1.201237E-2
2.810000E-8	1.086801E-2
2.820000E-8	1.037120E-2
2.830000E-8	1.051168E-2
2.840000E-8	1.142991E-2
2.850000E-8	1.287578E-2
2.860000E-8	1.463686E-2
2.870000E-8	1.627460E-2
2.880000E-8	1.741210E-2
2.890000E-8	1.803568E-2
2.900000E-8	1.795345E-2
2.910000E-8	1.736414E-2
2.920000E-8	1.650415E-2
2.930000E-8	1.548656E-2
2.940000E-8	1.451009E-2
2.950000E-8	1.357130E-2
2.960000E-8	1.258455E-2
2.970000E-8	1.165946E-2
2.980000E-8	1.088171E-2
2.990000E-8	1.030610E-2
3.000000E-8	1.025471E-2
3.010000E-8	1.081661E-2
3.020000E-8	1.190958E-2
3.030000E-8	1.337943E-2
3.040000E-8	1.498976E-2
3.050000E-8	1.627117E-2
3.060000E-8	1.688789E-2
3.070000E-8	1.675084E-2
3.080000E-8	1.601763E-2
3.090000E-8	1.498633E-2
3.100000E-8	1.383169E-2
3.110000E-8	1.282438E-2
3.120000E-8	1.195755E-2
3.130000E-8	1.112155E-2
3.140000E-8	1.032666E-2
3.150000E-8	9.542054E-3
3.160000E-8	8.939038E-3
3.170000E-8	8.634103E-3
3.180000E-8	8.853382E-3
3.190000E-8	9.610579E-3
3.200000E-8	1.081319E-2
3.210000E-8	1.225220E-2
3.220000E-8	1.366038E-2
3.230000E-8	1.476363E-2
3.240000E-8	1.529127E-2
3.250000E-8	1.515422E-2
3.260000E-8	1.446555E-2
3.270000E-8	1.337601E-2
3.280000E-8	1.211515E-2
3.290000E-8	1.099478E-2
3.300000E-8	9.970333E-3
3.310000E-8	9.120628E-3
3.320000E-8	8.486775E-3
3.330000E-8	8.140726E-3
3.340000E-8	8.212677E-3
3.350000E-8	8.661513E-3
3.360000E-8	9.552333E-3
3.370000E-8	1.079263E-2
3.380000E-8	1.212201E-2
3.390000E-8	1.346851E-2
3.400000E-8	1.455463E-2
3.410000E-8	1.535294E-2
3.420000E-8	1.566815E-2
3.430000E-8	1.539406E-2
3.440000E-8	1.447583E-2
3.450000E-8	1.299569E-2
3.460000E-8	1.116266E-2
3.470000E-8	9.274808E-3
3.480000E-8	7.726152E-3
3.490000E-8	6.701710E-3
3.500000E-8	6.372791E-3
3.510000E-8	6.732546E-3
3.520000E-8	7.582251E-3
3.530000E-8	8.860234E-3
3.540000E-8	1.027869E-2
3.550000E-8	1.166289E-2
3.560000E-8	1.296486E-2
3.570000E-8	1.402356E-2
3.580000E-8	1.459917E-2
3.590000E-8	1.465056E-2
3.600000E-8	1.404069E-2
3.610000E-8	1.294773E-2
3.620000E-8	1.139222E-2
3.630000E-8	9.737349E-3
3.640000E-8	8.178415E-3
3.650000E-8	6.992939E-3
3.660000E-8	6.389923E-3
3.670000E-8	6.379644E-3
3.680000E-8	6.951824E-3
3.690000E-8	7.887185E-3
3.700000E-8	9.124054E-3
3.710000E-8	1.038148E-2
3.720000E-8	1.136481E-2
3.730000E-8	1.189245E-2
3.740000E-8	1.206033E-2
3.750000E-8	1.189245E-2
3.760000E-8	1.169373E-2
3.770000E-8	1.150186E-2
3.780000E-8	1.133055E-2
3.790000E-8	1.106330E-2
3.800000E-8	1.052538E-2
3.810000E-8	9.603726E-3
3.820000E-8	8.387415E-3
3.830000E-8	7.150546E-3
3.840000E-8	6.283709E-3
3.850000E-8	5.944513E-3
3.860000E-8	6.345382E-3
3.870000E-8	7.208792E-3
3.880000E-8	8.308611E-3
3.890000E-8	9.408431E-3
3.900000E-8	1.042602E-2
3.910000E-8	1.127573E-2
3.920000E-8	1.208432E-2
3.930000E-8	1.270446E-2
3.940000E-8	1.300255E-2
3.950000E-8	1.284151E-2
3.960000E-8	1.213571E-2
3.970000E-8	1.089542E-2
3.980000E-8	9.357038E-3
3.990000E-8	7.818661E-3
4.000000E-8	6.540677E-3
4.010000E-8	5.773201E-3
4.020000E-8	5.643004E-3
4.030000E-8	6.006185E-3
4.040000E-8	6.849037E-3
4.050000E-8	7.972841E-3
4.060000E-8	9.148038E-3
4.070000E-8	1.030953E-2
4.080000E-8	1.132712E-2
4.090000E-8	1.214942E-2
4.100000E-8	1.271132E-2
4.110000E-8	1.286892E-2
4.120000E-8	1.243722E-2
4.130000E-8	1.145732E-2
4.140000E-8	1.000802E-2
4.150000E-8	8.281202E-3
4.160000E-8	6.729119E-3
4.170000E-8	5.564201E-3
4.180000E-8	5.108513E-3
4.190000E-8	5.255840E-3
4.200000E-8	5.978775E-3
4.210000E-8	6.968955E-3
4.220000E-8	8.147579E-3
4.230000E-8	9.367316E-3
4.240000E-8	1.043287E-2
4.250000E-8	1.121405E-2
4.260000E-8	1.165946E-2
4.270000E-8	1.176910E-2
4.280000E-8	1.151214E-2
4.290000E-8	1.098107E-2
4.300000E-8	1.017591E-2
4.310000E-8	9.257677E-3
4.320000E-8	8.339447E-3
4.330000E-8	7.424644E-3
4.340000E-8	6.660595E-3
4.350000E-8	6.150087E-3
4.360000E-8	5.899972E-3
4.370000E-8	5.906824E-3
4.380000E-8	6.177496E-3
4.390000E-8	6.592070E-3
4.400000E-8	7.246480E-3
4.410000E-8	8.027661E-3
4.420000E-8	8.911628E-3
4.430000E-8	9.761333E-3
4.440000E-8	1.044658E-2
4.450000E-8	1.078578E-2
4.460000E-8	1.069669E-2
4.470000E-8	1.020332E-2
4.480000E-8	9.357038E-3
4.490000E-8	8.373710E-3
4.500000E-8	7.366398E-3
4.510000E-8	6.472152E-3
4.520000E-8	5.821168E-3
4.530000E-8	5.440857E-3
4.540000E-8	5.344922E-3
4.550000E-8	5.471693E-3
4.560000E-8	5.906824E-3
4.570000E-8	6.677726E-3
4.580000E-8	7.678185E-3
4.590000E-8	8.788284E-3
4.600000E-8	9.942923E-3
4.610000E-8	1.088171E-2
4.620000E-8	1.133397E-2
4.630000E-8	1.111469E-2
4.640000E-8	1.022730E-2
4.650000E-8	8.863661E-3
4.660000E-8	7.321857E-3
4.670000E-8	5.903398E-3
4.680000E-8	4.827562E-3
4.690000E-8	4.248529E-3
4.700000E-8	4.306775E-3
4.710000E-8	4.762463E-3
4.720000E-8	5.434004E-3
4.730000E-8	6.263152E-3
4.740000E-8	7.116283E-3
4.750000E-8	7.904316E-3
4.760000E-8	8.699202E-3
4.770000E-8	9.271382E-3
4.780000E-8	9.675677E-3
4.790000E-8	9.826431E-3
4.800000E-8	9.661972E-3
4.810000E-8	9.151464E-3
4.820000E-8	8.370284E-3
4.830000E-8	7.373251E-3
4.840000E-8	6.317972E-3
4.850000E-8	5.396316E-3
4.860000E-8	4.680234E-3
4.870000E-8	4.467808E-3
4.880000E-8	4.574021E-3
4.890000E-8	5.022857E-3
4.900000E-8	5.673841E-3
4.910000E-8	6.431037E-3
4.920000E-8	7.167677E-3
4.930000E-8	7.818661E-3
4.940000E-8	8.329169E-3
4.950000E-8	8.699202E-3
4.960000E-8	8.853382E-3
4.970000E-8	8.774579E-3
4.980000E-8	8.500480E-3
4.990000E-8	8.127021E-3
5.000000E-8	7.674759E-3
5.010000E-8	7.078595E-3
5.020000E-8	6.338529E-3
5.030000E-8	5.464841E-3
5.040000E-8	4.587726E-3
5.050000E-8	4.012119E-3
5.060000E-8	3.799693E-3
5.070000E-8	4.111480E-3
5.080000E-8	4.913217E-3
5.090000E-8	5.965070E-3
5.100000E-8	7.109431E-3
5.110000E-8	8.082480E-3
5.120000E-8	8.740316E-3
5.130000E-8	9.062382E-3
5.140000E-8	8.939038E-3
5.150000E-8	8.497054E-3
5.160000E-8	7.767267E-3
5.170000E-8	6.828480E-3
5.180000E-8	5.862283E-3
5.190000E-8	4.902939E-3
5.200000E-8	4.042955E-3
5.210000E-8	3.412529E-3
5.220000E-8	3.076758E-3
5.230000E-8	3.124725E-3
5.240000E-8	3.621529E-3
5.250000E-8	4.608283E-3
5.260000E-8	5.944513E-3
5.270000E-8	7.410939E-3
5.280000E-8	8.524464E-3
5.290000E-8	9.110349E-3
5.300000E-8	9.086366E-3
5.310000E-8	8.616972E-3
5.320000E-8	7.801529E-3
5.330000E-8	6.910710E-3
5.340000E-8	6.084988E-3
5.350000E-8	5.358627E-3
5.360000E-8	4.765890E-3
5.370000E-8	4.409562E-3
5.380000E-8	4.203988E-3
5.390000E-8	4.217693E-3
5.400000E-8	4.536332E-3
5.410000E-8	5.057119E-3
5.420000E-8	5.639578E-3
5.430000E-8	6.376218E-3
5.440000E-8	6.972382E-3
5.450000E-8	7.606234E-3
5.460000E-8	8.027661E-3
5.470000E-8	8.264070E-3
5.480000E-8	8.154431E-3
5.490000E-8	7.674759E-3
5.500000E-8	6.982660E-3
5.510000E-8	6.222037E-3
5.520000E-8	5.526513E-3
5.530000E-8	5.005726E-3
5.540000E-8	4.704217E-3
5.550000E-8	4.488365E-3
5.560000E-8	4.275939E-3
5.570000E-8	4.108053E-3
5.580000E-8	4.032676E-3
5.590000E-8	4.193709E-3
5.600000E-8	4.656250E-3
5.610000E-8	5.396316E-3
5.620000E-8	6.266578E-3
5.630000E-8	6.999792E-3
5.640000E-8	7.530857E-3
5.650000E-8	7.722726E-3
5.660000E-8	7.633644E-3
5.670000E-8	7.232775E-3
5.680000E-8	6.592070E-3
5.690000E-8	5.845152E-3
5.700000E-8	5.060545E-3
5.710000E-8	4.313627E-3
5.720000E-8	3.762004E-3
5.730000E-8	3.381693E-3
5.740000E-8	3.272053E-3
5.750000E-8	3.313168E-3
5.760000E-8	3.659217E-3
5.770000E-8	4.241676E-3
5.780000E-8	5.057119E-3
5.790000E-8	6.013037E-3
5.800000E-8	6.835333E-3
5.810000E-8	7.345841E-3
5.820000E-8	7.541136E-3
5.830000E-8	7.383529E-3
5.840000E-8	7.030628E-3
5.850000E-8	6.489283E-3
5.860000E-8	5.742365E-3
5.870000E-8	4.899513E-3
5.880000E-8	3.984709E-3
5.890000E-8	3.141857E-3
5.900000E-8	2.545693E-3
5.910000E-8	2.429201E-3
5.920000E-8	2.847201E-3
5.930000E-8	3.607824E-3
5.940000E-8	4.577447E-3
5.950000E-8	5.457988E-3
5.960000E-8	6.174070E-3
5.970000E-8	6.592070E-3
5.980000E-8	6.694857E-3
5.990000E-8	6.677726E-3
6.000000E-8	6.465300E-3
6.010000E-8	6.215185E-3
6.020000E-8	5.821168E-3
6.030000E-8	5.348349E-3
6.040000E-8	4.783021E-3
6.050000E-8	4.104627E-3
6.060000E-8	3.405676E-3
6.070000E-8	2.867758E-3
6.080000E-8	2.538840E-3
6.090000E-8	2.586807E-3
6.100000E-8	3.035643E-3
6.110000E-8	3.830529E-3
6.120000E-8	4.868676E-3
6.130000E-8	5.766349E-3
6.140000E-8	6.376218E-3
6.150000E-8	6.653742E-3
6.160000E-8	6.657169E-3
6.170000E-8	6.492710E-3
6.180000E-8	6.263152E-3
6.190000E-8	5.992480E-3
6.200000E-8	5.574480E-3
6.210000E-8	4.885808E-3
6.220000E-8	4.008693E-3
6.230000E-8	3.035643E-3
6.240000E-8	2.268168E-3
6.250000E-8	1.904988E-3
6.260000E-8	1.994069E-3
6.270000E-8	2.549119E-3
6.280000E-8	3.272053E-3
6.290000E-8	4.056660E-3
6.300000E-8	4.776168E-3
6.310000E-8	5.307234E-3
6.320000E-8	5.632726E-3
6.330000E-8	5.732086E-3
6.340000E-8	5.725234E-3
6.350000E-8	5.660136E-3
6.360000E-8	5.475119E-3
6.370000E-8	5.204447E-3
6.380000E-8	4.807004E-3
6.390000E-8	4.227971E-3
6.400000E-8	3.659217E-3
6.410000E-8	3.083611E-3
6.420000E-8	2.662184E-3
6.430000E-8	2.346971E-3
6.440000E-8	2.384660E-3
6.450000E-8	2.679315E-3
6.460000E-8	3.330299E-3
6.470000E-8	4.186857E-3
6.480000E-8	5.101660E-3
6.490000E-8	5.814316E-3
6.500000E-8	6.122677E-3
6.510000E-8	6.054152E-3
6.520000E-8	5.581332E-3
6.530000E-8	4.909791E-3
6.540000E-8	4.125185E-3
6.550000E-8	3.388545E-3
6.560000E-8	2.764971E-3
6.570000E-8	2.288725E-3
6.580000E-8	2.052315E-3
6.590000E-8	2.021479E-3
6.600000E-8	2.206496E-3
6.610000E-8	2.549119E-3
6.620000E-8	2.980824E-3
6.630000E-8	3.600971E-3
6.640000E-8	4.296496E-3
6.650000E-8	4.981742E-3
6.660000E-8	5.622447E-3
6.670000E-8	6.002759E-3
6.680000E-8	6.074709E-3
6.690000E-8	5.810890E-3
6.700000E-8	5.296955E-3
6.710000E-8	4.714496E-3
6.720000E-8	4.012119E-3
6.730000E-8	3.398824E-3
6.740000E-8	3.021938E-3
6.750000E-8	2.754693E-3
6.760000E-8	2.665611E-3
6.770000E-8	2.717004E-3
6.780000E-8	2.857479E-3
6.790000E-8	2.973971E-3
6.800000E-8	3.210381E-3
6.810000E-8	3.443365E-3
6.820000E-8	3.875070E-3
6.830000E-8	4.430119E-3
6.840000E-8	5.039988E-3
6.850000E-8	5.557349E-3
6.860000E-8	5.848578E-3
6.870000E-8	5.800611E-3
6.880000E-8	5.375759E-3
6.890000E-8	4.639119E-3
6.900000E-8	3.669496E-3
6.910000E-8	2.631348E-3
6.920000E-8	1.757660E-3
6.930000E-8	1.254004E-3
6.940000E-8	1.116955E-3
6.950000E-8	1.439020E-3
6.960000E-8	2.090004E-3
6.970000E-8	2.929430E-3
6.980000E-8	3.693480E-3
6.990000E-8	4.224545E-3
7.000000E-8	4.683660E-3
7.010000E-8	5.026283E-3
7.020000E-8	5.262693E-3
7.030000E-8	5.396316E-3
7.040000E-8	5.396316E-3
7.050000E-8	5.070824E-3
7.060000E-8	4.450676E-3
7.070000E-8	3.765430E-3
7.080000E-8	3.035643E-3
7.090000E-8	2.528561E-3
7.100000E-8	2.299004E-3
7.110000E-8	2.357250E-3
7.120000E-8	2.603938E-3
7.130000E-8	3.035643E-3
7.140000E-8	3.556430E-3
7.150000E-8	4.049808E-3
7.160000E-8	4.495217E-3
7.170000E-8	4.796726E-3
7.180000E-8	4.933775E-3
7.190000E-8	4.889234E-3
7.200000E-8	4.700791E-3
7.210000E-8	4.378726E-3
7.220000E-8	4.138889E-3
7.230000E-8	3.885348E-3
7.240000E-8	3.597545E-3
7.250000E-8	3.306316E-3
7.260000E-8	2.994529E-3
7.270000E-8	2.689594E-3
7.280000E-8	2.508004E-3
7.290000E-8	2.484020E-3
7.300000E-8	2.586807E-3
7.310000E-8	2.857479E-3
7.320000E-8	3.220660E-3
7.330000E-8	3.642086E-3
7.340000E-8	4.070365E-3
7.350000E-8	4.423267E-3
7.360000E-8	4.611709E-3
7.370000E-8	4.645972E-3
7.380000E-8	4.464381E-3
7.390000E-8	4.173152E-3
7.400000E-8	3.844234E-3
7.410000E-8	3.505037E-3
7.420000E-8	3.155561E-3
7.430000E-8	2.905447E-3
7.440000E-8	2.648479E-3
7.450000E-8	2.384660E-3
7.460000E-8	2.220201E-3
7.470000E-8	2.086578E-3
7.480000E-8	2.148250E-3
7.490000E-8	2.453184E-3
7.500000E-8	2.881463E-3
7.510000E-8	3.402250E-3
7.520000E-8	3.971004E-3
7.530000E-8	4.402709E-3
7.540000E-8	4.724775E-3
7.550000E-8	4.728201E-3
7.560000E-8	4.502070E-3
7.570000E-8	4.104627E-3
7.580000E-8	3.611250E-3
7.590000E-8	3.087037E-3
7.600000E-8	2.518283E-3
7.610000E-8	2.117414E-3
7.620000E-8	1.976938E-3
7.630000E-8	1.942676E-3
7.640000E-8	2.093430E-3
7.650000E-8	2.377807E-3
7.660000E-8	2.830070E-3
7.670000E-8	3.378266E-3
7.680000E-8	3.912758E-3
7.690000E-8	4.474660E-3
7.700000E-8	4.995447E-3
7.710000E-8	5.396316E-3
7.720000E-8	5.406595E-3
7.730000E-8	5.094808E-3
7.740000E-8	4.450676E-3
7.750000E-8	3.693480E-3
7.760000E-8	2.997955E-3
7.770000E-8	2.456611E-3
7.780000E-8	2.124266E-3
7.790000E-8	2.096856E-3
7.800000E-8	2.285299E-3
7.810000E-8	2.497725E-3
7.820000E-8	2.833496E-3
7.830000E-8	3.206955E-3
7.840000E-8	3.590693E-3
7.850000E-8	4.042955E-3
7.860000E-8	4.389004E-3
7.870000E-8	4.553463E-3
7.880000E-8	4.484939E-3
7.890000E-8	4.296496E-3
7.900000E-8	3.967578E-3
7.910000E-8	3.642086E-3
7.920000E-8	3.347430E-3
7.930000E-8	3.169266E-3
7.940000E-8	2.953414E-3
7.950000E-8	2.802660E-3
7.960000E-8	2.651906E-3
7.970000E-8	2.508004E-3
7.980000E-8	2.501152E-3
7.990000E-8	2.552545E-3
8.000000E-8	2.696447E-3
8.010000E-8	2.850627E-3
8.020000E-8	3.042496E-3
8.030000E-8	3.213807E-3
8.040000E-8	3.337152E-3
8.050000E-8	3.532447E-3
8.060000E-8	3.635234E-3
8.070000E-8	3.755152E-3
8.080000E-8	3.679775E-3
8.090000E-8	3.525594E-3
8.100000E-8	3.265201E-3
8.110000E-8	2.867758E-3
8.120000E-8	2.549119E-3
8.130000E-8	2.230479E-3
8.140000E-8	2.045463E-3
8.150000E-8	1.963233E-3
8.160000E-8	1.942676E-3
8.170000E-8	2.059168E-3
8.180000E-8	2.316135E-3
8.190000E-8	2.634775E-3
8.200000E-8	2.994529E-3
8.210000E-8	3.460496E-3
8.220000E-8	3.854512E-3
8.230000E-8	4.101201E-3
8.240000E-8	4.234824E-3
8.250000E-8	4.183430E-3
8.260000E-8	3.964152E-3
8.270000E-8	3.672922E-3
8.280000E-8	3.265201E-3
8.290000E-8	2.812938E-3
8.300000E-8	2.350397E-3
8.310000E-8	1.860447E-3
8.320000E-8	1.541807E-3
8.330000E-8	1.373922E-3
8.340000E-8	1.600053E-3
8.350000E-8	2.014627E-3
8.360000E-8	2.552545E-3
8.370000E-8	3.056201E-3
8.380000E-8	3.388545E-3
8.390000E-8	3.453643E-3
8.400000E-8	3.450217E-3
8.410000E-8	3.374840E-3
8.420000E-8	3.248070E-3
8.430000E-8	3.135004E-3
8.440000E-8	3.076758E-3
8.450000E-8	3.042496E-3
8.460000E-8	2.919152E-3
8.470000E-8	2.840348E-3
8.480000E-8	2.610791E-3
8.490000E-8	2.377807E-3
8.500000E-8	2.055742E-3
8.510000E-8	1.976938E-3
8.520000E-8	2.083151E-3
8.530000E-8	2.391512E-3
8.540000E-8	2.908873E-3
8.550000E-8	3.491332E-3
8.560000E-8	3.950447E-3
8.570000E-8	4.190283E-3
8.580000E-8	4.203988E-3
8.590000E-8	4.029250E-3
8.600000E-8	3.796266E-3
8.610000E-8	3.532447E-3
8.620000E-8	3.275480E-3
8.630000E-8	2.888316E-3
8.640000E-8	2.490873E-3
8.650000E-8	2.042037E-3
8.660000E-8	1.761086E-3
8.670000E-8	1.637742E-3
8.680000E-8	1.743955E-3
8.690000E-8	2.096856E-3
8.700000E-8	2.552545E-3
8.710000E-8	3.001381E-3
8.720000E-8	3.313168E-3
8.730000E-8	3.433086E-3
8.740000E-8	3.457070E-3
8.750000E-8	3.467348E-3
8.760000E-8	3.436512E-3
8.770000E-8	3.515316E-3
8.780000E-8	3.522168E-3
8.790000E-8	3.422807E-3
8.800000E-8	3.169266E-3
8.810000E-8	2.771824E-3
8.820000E-8	2.329840E-3
8.830000E-8	1.877578E-3
8.840000E-8	1.730250E-3
8.850000E-8	1.809053E-3
8.860000E-8	2.206496E-3
8.870000E-8	2.823217E-3
8.880000E-8	3.333725E-3
8.890000E-8	3.652365E-3
8.900000E-8	3.635234E-3
8.910000E-8	3.511889E-3
8.920000E-8	3.306316E-3
8.930000E-8	3.196676E-3
8.940000E-8	3.196676E-3
8.950000E-8	3.265201E-3
8.960000E-8	3.254922E-3
8.970000E-8	3.104168E-3
8.980000E-8	2.874611E-3
8.990000E-8	2.535414E-3
9.000000E-8	2.288725E-3
9.010000E-8	2.096856E-3
9.020000E-8	1.949528E-3
9.030000E-8	2.052315E-3
9.040000E-8	2.319561E-3
9.050000E-8	2.638201E-3
9.060000E-8	2.997955E-3
9.070000E-8	3.278906E-3
9.080000E-8	3.433086E-3
9.090000E-8	3.320021E-3
9.100000E-8	3.135004E-3
9.110000E-8	2.905447E-3
9.120000E-8	2.744414E-3
9.130000E-8	2.662184E-3
9.140000E-8	2.610791E-3
9.150000E-8	2.477168E-3
9.160000E-8	2.292151E-3
9.170000E-8	2.110561E-3
9.180000E-8	1.959807E-3
9.190000E-8	1.819332E-3
9.200000E-8	1.863873E-3
9.210000E-8	2.124266E-3
9.220000E-8	2.374381E-3
9.230000E-8	2.734135E-3
9.240000E-8	2.943135E-3
9.250000E-8	3.052775E-3
9.260000E-8	2.994529E-3
9.270000E-8	2.860906E-3
9.280000E-8	2.720430E-3
9.290000E-8	2.686168E-3
9.300000E-8	2.658758E-3
9.310000E-8	2.576529E-3
9.320000E-8	2.422348E-3
9.330000E-8	2.179086E-3
9.340000E-8	1.973512E-3
9.350000E-8	1.846742E-3
9.360000E-8	1.946102E-3
9.370000E-8	2.165381E-3
9.380000E-8	2.494299E-3
9.390000E-8	2.819791E-3
9.400000E-8	3.045922E-3
9.410000E-8	3.203529E-3
9.420000E-8	3.227512E-3
9.430000E-8	3.258348E-3
9.440000E-8	3.196676E-3
9.450000E-8	3.069906E-3
9.460000E-8	2.878037E-3
9.470000E-8	2.610791E-3
9.480000E-8	2.329840E-3
9.490000E-8	2.117414E-3
9.500000E-8	1.928971E-3
9.510000E-8	1.863873E-3
9.520000E-8	1.925545E-3
9.530000E-8	2.103709E-3
9.540000E-8	2.388086E-3
9.550000E-8	2.593660E-3
9.560000E-8	2.740988E-3
9.570000E-8	2.686168E-3
9.580000E-8	2.501152E-3
9.590000E-8	2.295578E-3
9.600000E-8	2.069447E-3
9.610000E-8	1.983791E-3
9.620000E-8	2.055742E-3
9.630000E-8	2.206496E-3
9.640000E-8	2.377807E-3
9.650000E-8	2.429201E-3
9.660000E-8	2.367529E-3
9.670000E-8	2.203070E-3
9.680000E-8	2.113988E-3
9.690000E-8	2.137971E-3
9.700000E-8	2.254463E-3
9.710000E-8	2.453184E-3
9.720000E-8	2.463463E-3
9.730000E-8	2.370955E-3
9.740000E-8	2.076299E-3
9.750000E-8	1.740528E-3
9.760000E-8	1.582922E-3
9.770000E-8	1.644594E-3
9.780000E-8	1.891283E-3
9.790000E-8	2.151676E-3
9.800000E-8	2.275020E-3
9.810000E-8	2.124266E-3
9.820000E-8	1.815906E-3
9.830000E-8	1.483561E-3
9.840000E-8	1.247151E-3
9.850000E-8	1.295119E-3
9.860000E-8	1.534955E-3
9.870000E-8	1.874151E-3
9.880000E-8	2.090004E-3
9.890000E-8	2.100283E-3
9.900000E-8	1.942676E-3
9.910000E-8	1.781643E-3
9.920000E-8	1.668578E-3
9.930000E-8	1.644594E-3
9.940000E-8	1.798774E-3
9.950000E-8	2.107135E-3
9.960000E-8	2.377807E-3
9.970000E-8	2.672463E-3
9.980000E-8	2.860906E-3
9.990000E-8	2.984250E-3
1.000000E-7	2.881463E-3
1.001000E-7	2.696447E-3
1.002000E-7	2.336692E-3
1.003000E-7	1.932397E-3
1.004000E-7	1.538381E-3
1.005000E-7	1.288266E-3
1.006000E-7	1.274561E-3
1.007000E-7	1.456151E-3
1.008000E-7	1.884430E-3
1.009000E-7	2.412070E-3
1.010000E-7	2.905447E-3
1.011000E-7	3.121299E-3
1.012000E-7	3.162414E-3
1.013000E-7	2.843775E-3
1.014000E-7	2.436053E-3
1.015000E-7	2.052315E-3
1.016000E-7	1.761086E-3
1.017000E-7	1.562365E-3
1.018000E-7	1.466430E-3
1.019000E-7	1.483561E-3
1.020000E-7	1.558938E-3
1.021000E-7	1.634315E-3
1.022000E-7	1.658299E-3
1.023000E-7	1.617184E-3
1.024000E-7	1.589774E-3
1.025000E-7	1.630889E-3
1.026000E-7	1.726824E-3
1.027000E-7	1.925545E-3
1.028000E-7	2.168807E-3
1.029000E-7	2.333266E-3
1.030000E-7	2.322988E-3
1.031000E-7	2.182512E-3
1.032000E-7	2.024906E-3
1.033000E-7	1.983791E-3
1.034000E-7	2.069447E-3
1.035000E-7	2.237332E-3
1.036000E-7	2.343545E-3
1.037000E-7	2.299004E-3
1.038000E-7	2.069447E-3
1.039000E-7	1.767938E-3
1.040000E-7	1.497266E-3
1.041000E-7	1.493840E-3
1.042000E-7	1.651446E-3
1.043000E-7	2.045463E-3
1.044000E-7	2.439479E-3
1.045000E-7	2.723856E-3
1.046000E-7	2.785529E-3
1.047000E-7	2.696447E-3
1.048000E-7	2.597086E-3
1.049000E-7	2.562824E-3
1.050000E-7	2.576529E-3
1.051000E-7	2.545693E-3
1.052000E-7	2.484020E-3
1.053000E-7	2.237332E-3
1.054000E-7	1.915266E-3
1.055000E-7	1.641168E-3
1.056000E-7	1.603479E-3
1.057000E-7	1.795348E-3
1.058000E-7	2.144824E-3
1.059000E-7	2.518283E-3
1.060000E-7	2.764971E-3
1.061000E-7	2.895168E-3
1.062000E-7	2.915725E-3
1.063000E-7	2.898594E-3
1.064000E-7	2.854053E-3
1.065000E-7	2.758119E-3
1.066000E-7	2.638201E-3
1.067000E-7	2.456611E-3
1.068000E-7	2.230479E-3
1.069000E-7	2.014627E-3
1.070000E-7	1.798774E-3
1.071000E-7	1.654873E-3
1.072000E-7	1.593201E-3
1.073000E-7	1.654873E-3
1.074000E-7	1.719971E-3
1.075000E-7	1.781643E-3
1.076000E-7	1.891283E-3
1.077000E-7	1.867299E-3
1.078000E-7	1.829610E-3
1.079000E-7	1.774791E-3
1.080000E-7	1.764512E-3
1.081000E-7	1.846742E-3
1.082000E-7	2.028332E-3
1.083000E-7	2.268168E-3
1.084000E-7	2.508004E-3
1.085000E-7	2.655332E-3
1.086000E-7	2.679315E-3
1.087000E-7	2.521709E-3
1.088000E-7	2.275020E-3
1.089000E-7	1.942676E-3
1.090000E-7	1.730250E-3
1.091000E-7	1.617184E-3
1.092000E-7	1.634315E-3
1.093000E-7	1.857020E-3
1.094000E-7	2.203070E-3
1.095000E-7	2.542266E-3
1.096000E-7	2.782102E-3
1.097000E-7	2.775250E-3
1.098000E-7	2.665611E-3
1.099000E-7	2.374381E-3
1.100000E-7	2.004348E-3
1.101000E-7	1.757660E-3
1.102000E-7	1.637742E-3
1.103000E-7	1.569217E-3
1.104000E-7	1.507545E-3
1.105000E-7	1.404758E-3
1.106000E-7	1.305397E-3
1.107000E-7	1.288266E-3
1.108000E-7	1.367069E-3
1.109000E-7	1.617184E-3
1.110000E-7	2.052315E-3
1.111000E-7	2.412070E-3
1.112000E-7	2.713578E-3
1.113000E-7	2.734135E-3
1.114000E-7	2.576529E-3
1.115000E-7	2.333266E-3
1.116000E-7	2.045463E-3
1.117000E-7	1.894709E-3
1.118000E-7	1.822758E-3
1.119000E-7	1.781643E-3
1.120000E-7	1.822758E-3
1.121000E-7	1.805627E-3
1.122000E-7	1.791922E-3
1.123000E-7	1.665151E-3
1.124000E-7	1.548660E-3
1.125000E-7	1.421889E-3
1.126000E-7	1.301971E-3
1.127000E-7	1.277987E-3
1.128000E-7	1.363643E-3
1.129000E-7	1.589774E-3
1.130000E-7	1.976938E-3
1.131000E-7	2.271594E-3
1.132000E-7	2.446332E-3
1.133000E-7	2.456611E-3
1.134000E-7	2.261315E-3
1.135000E-7	1.956381E-3
1.136000E-7	1.545233E-3
1.137000E-7	1.291692E-3
1.138000E-7	1.188905E-3
1.139000E-7	1.301971E-3
1.140000E-7	1.456151E-3
1.141000E-7	1.586348E-3
1.142000E-7	1.764512E-3
1.143000E-7	1.833037E-3
1.144000E-7	1.860447E-3
1.145000E-7	1.928971E-3
1.146000E-7	2.062594E-3
1.147000E-7	2.247611E-3
1.148000E-7	2.364102E-3
1.149000E-7	2.398365E-3
1.150000E-7	2.394938E-3
1.151000E-7	2.319561E-3
1.152000E-7	2.257889E-3
1.153000E-7	2.233906E-3
1.154000E-7	2.227053E-3
1.155000E-7	2.216774E-3
1.156000E-7	2.189365E-3
1.157000E-7	2.072873E-3
1.158000E-7	1.959807E-3
1.159000E-7	1.843315E-3
1.160000E-7	1.843315E-3
1.161000E-7	1.904988E-3
1.162000E-7	2.000922E-3
1.163000E-7	2.110561E-3
1.164000E-7	2.264742E-3
1.165000E-7	2.336692E-3
1.166000E-7	2.326414E-3
1.167000E-7	2.244184E-3
1.168000E-7	2.093430E-3
1.169000E-7	1.983791E-3
1.170000E-7	1.898135E-3
1.171000E-7	1.946102E-3
1.172000E-7	2.052315E-3
1.173000E-7	2.066020E-3
1.174000E-7	1.970086E-3
1.175000E-7	1.785069E-3
1.176000E-7	1.627463E-3
1.177000E-7	1.665151E-3
1.178000E-7	1.918692E-3
1.179000E-7	2.292151E-3
1.180000E-7	2.634775E-3
1.181000E-7	2.857479E-3
1.182000E-7	2.782102E-3
1.183000E-7	2.508004E-3
1.184000E-7	2.083151E-3
1.185000E-7	1.733676E-3
1.186000E-7	1.514397E-3
1.187000E-7	1.452725E-3
1.188000E-7	1.493840E-3
1.189000E-7	1.555512E-3
1.190000E-7	1.606905E-3
1.191000E-7	1.695987E-3
1.192000E-7	1.754233E-3
1.193000E-7	1.870725E-3
1.194000E-7	1.925545E-3
1.195000E-7	2.031758E-3
1.196000E-7	2.055742E-3
1.197000E-7	1.963233E-3
1.198000E-7	1.833037E-3
1.199000E-7	1.709692E-3
1.200000E-7	1.589774E-3
1.201000E-7	1.452725E-3
1.202000E-7	1.373922E-3
1.203000E-7	1.349938E-3
1.204000E-7	1.463004E-3
1.205000E-7	1.538381E-3
1.206000E-7	1.634315E-3
1.207000E-7	1.726824E-3
1.208000E-7	1.730250E-3
1.209000E-7	1.644594E-3
1.210000E-7	1.562365E-3
1.211000E-7	1.593201E-3
1.212000E-7	1.757660E-3
1.213000E-7	2.059168E-3
1.214000E-7	2.302430E-3
1.215000E-7	2.305856E-3
1.216000E-7	2.223627E-3
1.217000E-7	1.963233E-3
1.218000E-7	1.709692E-3
1.219000E-7	1.565791E-3
1.220000E-7	1.545233E-3
1.221000E-7	1.521250E-3
1.222000E-7	1.517824E-3
1.223000E-7	1.367069E-3
1.224000E-7	1.195758E-3
1.225000E-7	1.202610E-3
1.226000E-7	1.257430E-3
1.227000E-7	1.415037E-3
1.228000E-7	1.552086E-3
1.229000E-7	1.654873E-3
1.230000E-7	1.685709E-3
1.231000E-7	1.754233E-3
1.232000E-7	1.850168E-3
1.233000E-7	1.946102E-3
1.234000E-7	2.048889E-3
1.235000E-7	2.076299E-3
1.236000E-7	1.922119E-3
1.237000E-7	1.716545E-3
1.238000E-7	1.463004E-3
1.239000E-7	1.339660E-3
1.240000E-7	1.394479E-3
1.241000E-7	1.654873E-3
1.242000E-7	1.990643E-3
1.243000E-7	2.185938E-3
1.244000E-7	2.336692E-3
1.245000E-7	2.230479E-3
1.246000E-7	2.120840E-3
1.247000E-7	2.028332E-3
1.248000E-7	1.932397E-3
1.249000E-7	1.928971E-3
1.250000E-7	1.963233E-3
1.251000E-7	1.970086E-3
1.252000E-7	2.021479E-3
1.253000E-7	2.011201E-3
1.254000E-7	2.048889E-3
1.255000E-7	1.949528E-3
1.256000E-7	1.822758E-3
1.257000E-7	1.692561E-3
1.258000E-7	1.510971E-3
1.259000E-7	1.339660E-3
1.260000E-7	1.212889E-3
1.261000E-7	1.079266E-3
1.262000E-7	1.072414E-3
1.263000E-7	9.867579E-4
1.264000E-7	1.010741E-3
1.265000E-7	1.140938E-3
1.266000E-7	1.336233E-3
1.267000E-7	1.545233E-3
1.268000E-7	1.733676E-3
1.269000E-7	1.959807E-3
1.270000E-7	2.045463E-3
1.271000E-7	2.069447E-3
1.272000E-7	2.072873E-3
1.273000E-7	2.052315E-3
1.274000E-7	1.956381E-3
1.275000E-7	1.733676E-3
1.276000E-7	1.449299E-3
1.277000E-7	1.226594E-3
1.278000E-7	1.089545E-3
1.279000E-7	1.171774E-3
1.280000E-7	1.384201E-3
1.281000E-7	1.637742E-3
1.282000E-7	1.901561E-3
1.283000E-7	2.038610E-3
1.284000E-7	1.987217E-3
1.285000E-7	1.922119E-3
1.286000E-7	1.809053E-3
1.287000E-7	1.713119E-3
1.288000E-7	1.709692E-3
1.289000E-7	1.672004E-3
1.290000E-7	1.665151E-3
1.291000E-7	1.630889E-3
1.292000E-7	1.637742E-3
1.293000E-7	1.555512E-3
1.294000E-7	1.483561E-3
1.295000E-7	1.384201E-3
1.296000E-7	1.264282E-3
1.297000E-7	1.185479E-3
1.298000E-7	1.240299E-3
1.299000E-7	1.353364E-3
1.300000E-7	1.445873E-3
1.301000E-7	1.531528E-3
1.302000E-7	1.541807E-3
1.303000E-7	1.524676E-3
1.304000E-7	1.428742E-3
1.305000E-7	1.367069E-3
1.306000E-7	1.332807E-3
1.307000E-7	1.380774E-3
1.308000E-7	1.480135E-3
1.309000E-7	1.507545E-3
1.310000E-7	1.435594E-3
1.311000E-7	1.329381E-3
1.312000E-7	1.202610E-3
1.313000E-7	1.086119E-3
1.314000E-7	1.082692E-3
1.315000E-7	1.219742E-3
1.316000E-7	1.466430E-3
1.317000E-7	1.706266E-3
1.318000E-7	1.788496E-3
1.319000E-7	1.767938E-3
1.320000E-7	1.678856E-3
1.321000E-7	1.442446E-3
1.322000E-7	1.212889E-3
1.323000E-7	1.055282E-3
1.324000E-7	9.867579E-4
1.325000E-7	1.082692E-3
1.326000E-7	1.192332E-3
1.327000E-7	1.373922E-3
1.328000E-7	1.442446E-3
1.329000E-7	1.466430E-3
1.330000E-7	1.387627E-3
1.331000E-7	1.421889E-3
1.332000E-7	1.504119E-3
1.333000E-7	1.665151E-3
1.334000E-7	1.767938E-3
1.335000E-7	1.774791E-3
1.336000E-7	1.627463E-3
1.337000E-7	1.411610E-3
1.338000E-7	1.209463E-3
1.339000E-7	1.116955E-3
1.340000E-7	1.236873E-3
1.341000E-7	1.432168E-3
1.342000E-7	1.600053E-3
1.343000E-7	1.682283E-3
1.344000E-7	1.534955E-3
1.345000E-7	1.134086E-3
1.346000E-7	6.886758E-4
1.347000E-7	3.426266E-4
1.348000E-7	2.227086E-4
1.349000E-7	4.351348E-4
1.350000E-7	8.428562E-4
1.351000E-7	1.291692E-3
1.352000E-7	1.678856E-3
1.353000E-7	1.860447E-3
1.354000E-7	1.771365E-3
1.355000E-7	1.634315E-3
1.356000E-7	1.510971E-3
1.357000E-7	1.552086E-3
1.358000E-7	1.606905E-3
1.359000E-7	1.658299E-3
1.360000E-7	1.555512E-3
1.361000E-7	1.380774E-3
1.362000E-7	1.195758E-3
1.363000E-7	1.130660E-3
1.364000E-7	1.277987E-3
1.365000E-7	1.517824E-3
1.366000E-7	1.829610E-3
1.367000E-7	2.031758E-3
1.368000E-7	2.141397E-3
1.369000E-7	2.045463E-3
1.370000E-7	1.887856E-3
1.371000E-7	1.627463E-3
1.372000E-7	1.346512E-3
1.373000E-7	1.206037E-3
1.374000E-7	1.031299E-3
1.375000E-7	9.285119E-4
1.376000E-7	8.805447E-4
1.377000E-7	8.805447E-4
1.378000E-7	9.867579E-4
1.379000E-7	1.127233E-3
1.380000E-7	1.329381E-3
1.381000E-7	1.552086E-3
1.382000E-7	1.648020E-3
1.383000E-7	1.579496E-3
1.384000E-7	1.411610E-3
1.385000E-7	1.243725E-3
1.386000E-7	1.171774E-3
1.387000E-7	1.216315E-3
1.388000E-7	1.415037E-3
1.389000E-7	1.634315E-3
1.390000E-7	1.805627E-3
1.391000E-7	1.853594E-3
1.392000E-7	1.785069E-3
1.393000E-7	1.644594E-3
1.394000E-7	1.476709E-3
1.395000E-7	1.254004E-3
1.396000E-7	1.000463E-3
1.397000E-7	8.085939E-4
1.398000E-7	7.366431E-4
1.399000E-7	7.914627E-4
1.400000E-7	9.490693E-4
1.401000E-7	1.130660E-3
1.402000E-7	1.384201E-3
1.403000E-7	1.558938E-3
1.404000E-7	1.541807E-3
1.405000E-7	1.593201E-3
1.406000E-7	1.510971E-3
1.407000E-7	1.466430E-3
1.408000E-7	1.439020E-3
1.409000E-7	1.456151E-3
1.410000E-7	1.442446E-3
1.411000E-7	1.432168E-3
1.412000E-7	1.514397E-3
1.413000E-7	1.606905E-3
1.414000E-7	1.648020E-3
1.415000E-7	1.785069E-3
1.416000E-7	1.922119E-3
1.417000E-7	2.004348E-3
1.418000E-7	2.144824E-3
1.419000E-7	2.120840E-3
1.420000E-7	2.038610E-3
1.421000E-7	1.757660E-3
1.422000E-7	1.394479E-3
1.423000E-7	1.034725E-3
1.424000E-7	7.469218E-4
1.425000E-7	6.064463E-4
1.426000E-7	7.674791E-4
1.427000E-7	1.099823E-3
1.428000E-7	1.319102E-3
1.429000E-7	1.534955E-3
1.430000E-7	1.449299E-3
1.431000E-7	1.274561E-3
1.432000E-7	1.116955E-3
1.433000E-7	1.140938E-3
1.434000E-7	1.308823E-3
1.435000E-7	1.596627E-3
1.436000E-7	1.908414E-3
1.437000E-7	2.024906E-3
1.438000E-7	1.963233E-3
1.439000E-7	1.651446E-3
1.440000E-7	1.315676E-3
1.441000E-7	1.038151E-3
1.442000E-7	8.257250E-4
1.443000E-7	7.297906E-4
1.444000E-7	6.681185E-4
1.445000E-7	6.886758E-4
1.446000E-7	7.092332E-4
1.447000E-7	8.771185E-4
1.448000E-7	1.123807E-3
1.449000E-7	1.397905E-3
1.450000E-7	1.634315E-3
1.451000E-7	1.836463E-3
1.452000E-7	1.904988E-3
1.453000E-7	1.894709E-3
1.454000E-7	1.781643E-3
1.455000E-7	1.637742E-3
1.456000E-7	1.514397E-3
1.457000E-7	1.514397E-3
1.458000E-7	1.476709E-3
1.459000E-7	1.510971E-3
1.460000E-7	1.593201E-3
1.461000E-7	1.661725E-3
1.462000E-7	1.641168E-3
1.463000E-7	1.600053E-3
1.464000E-7	1.473283E-3
1.465000E-7	1.435594E-3
1.466000E-7	1.391053E-3
1.467000E-7	1.339660E-3
1.468000E-7	1.329381E-3
1.469000E-7	1.394479E-3
1.470000E-7	1.469856E-3
1.471000E-7	1.682283E-3
1.472000E-7	1.894709E-3
1.473000E-7	2.000922E-3
1.474000E-7	2.011201E-3
1.475000E-7	1.870725E-3
1.476000E-7	1.634315E-3
1.477000E-7	1.476709E-3
1.478000E-7	1.425315E-3
1.479000E-7	1.562365E-3
1.480000E-7	1.795348E-3
1.481000E-7	1.908414E-3
1.482000E-7	1.884430E-3
1.483000E-7	1.634315E-3
1.484000E-7	1.301971E-3
1.485000E-7	9.970365E-4
1.486000E-7	9.387906E-4
1.487000E-7	1.062135E-3
1.488000E-7	1.301971E-3
1.489000E-7	1.552086E-3
1.490000E-7	1.764512E-3
1.491000E-7	1.853594E-3
1.492000E-7	1.829610E-3
1.493000E-7	1.819332E-3
1.494000E-7	1.716545E-3
1.495000E-7	1.593201E-3
1.496000E-7	1.490414E-3
1.497000E-7	1.397905E-3
1.498000E-7	1.284840E-3
1.499000E-7	1.158069E-3
1.500000E-7	1.086119E-3
1.501000E-7	9.730529E-4
1.502000E-7	9.285119E-4
1.503000E-7	9.011021E-4
1.504000E-7	1.000463E-3
1.505000E-7	1.140938E-3
1.506000E-7	1.185479E-3
1.507000E-7	1.188905E-3
1.508000E-7	1.202610E-3
1.509000E-7	1.212889E-3
1.510000E-7	1.271135E-3
1.511000E-7	1.360217E-3
1.512000E-7	1.452725E-3
1.513000E-7	1.483561E-3
1.514000E-7	1.469856E-3
1.515000E-7	1.384201E-3
1.516000E-7	1.308823E-3
1.517000E-7	1.168348E-3
1.518000E-7	1.027873E-3
1.519000E-7	9.867579E-4
1.520000E-7	1.065561E-3
1.521000E-7	1.295119E-3
1.522000E-7	1.644594E-3
1.523000E-7	2.031758E-3
1.524000E-7	2.247611E-3
1.525000E-7	2.230479E-3
1.526000E-7	1.987217E-3
1.527000E-7	1.630889E-3
1.528000E-7	1.267709E-3
1.529000E-7	9.662005E-4
1.530000E-7	8.017414E-4
1.531000E-7	7.297906E-4
1.532000E-7	8.085939E-4
1.533000E-7	8.668398E-4
1.534000E-7	1.027873E-3
1.535000E-7	1.140938E-3
1.536000E-7	1.250578E-3
1.537000E-7	1.219742E-3
1.538000E-7	1.086119E-3
1.539000E-7	9.456431E-4
1.540000E-7	8.771185E-4
1.541000E-7	9.593480E-4
1.542000E-7	1.144364E-3
1.543000E-7	1.435594E-3
1.544000E-7	1.788496E-3
1.545000E-7	2.031758E-3
1.546000E-7	2.042037E-3
1.547000E-7	1.952955E-3
1.548000E-7	1.719971E-3
1.549000E-7	1.483561E-3
1.550000E-7	1.380774E-3
1.551000E-7	1.291692E-3
1.552000E-7	1.226594E-3
1.553000E-7	1.178627E-3
1.554000E-7	1.182053E-3
1.555000E-7	1.127233E-3
1.556000E-7	1.144364E-3
1.557000E-7	1.230020E-3
1.558000E-7	1.353364E-3
1.559000E-7	1.445873E-3
1.560000E-7	1.624037E-3
1.561000E-7	1.658299E-3
1.562000E-7	1.617184E-3
1.563000E-7	1.569217E-3
1.564000E-7	1.486987E-3
1.565000E-7	1.439020E-3
1.566000E-7	1.408184E-3
1.567000E-7	1.449299E-3
1.568000E-7	1.514397E-3
1.569000E-7	1.524676E-3
1.570000E-7	1.500692E-3
1.571000E-7	1.391053E-3
1.572000E-7	1.233446E-3
1.573000E-7	1.099823E-3
1.574000E-7	1.045004E-3
1.575000E-7	1.103250E-3
1.576000E-7	1.308823E-3
1.577000E-7	1.476709E-3
1.578000E-7	1.606905E-3
1.579000E-7	1.702840E-3
1.580000E-7	1.805627E-3
1.581000E-7	1.805627E-3
1.582000E-7	1.829610E-3
1.583000E-7	1.942676E-3
1.584000E-7	2.000922E-3
1.585000E-7	1.898135E-3
1.586000E-7	1.706266E-3
1.587000E-7	1.517824E-3
1.588000E-7	1.322528E-3
1.589000E-7	1.250578E-3
1.590000E-7	1.254004E-3
1.591000E-7	1.415037E-3
1.592000E-7	1.648020E-3
1.593000E-7	1.881004E-3
1.594000E-7	2.004348E-3
1.595000E-7	1.997496E-3
1.596000E-7	1.836463E-3
1.597000E-7	1.504119E-3
1.598000E-7	1.178627E-3
1.599000E-7	9.764792E-4
1.600000E-7	9.011021E-4
1.601000E-7	1.021020E-3
1.602000E-7	1.202610E-3
1.603000E-7	1.312250E-3
1.604000E-7	1.353364E-3
1.605000E-7	1.336233E-3
1.606000E-7	1.394479E-3
1.607000E-7	1.545233E-3
1.608000E-7	1.740528E-3
1.609000E-7	1.853594E-3
1.610000E-7	1.795348E-3
1.611000E-7	1.538381E-3
1.612000E-7	1.154643E-3
1.613000E-7	8.120201E-4
1.614000E-7	6.646922E-4
1.615000E-7	7.503480E-4
1.616000E-7	9.730529E-4
1.617000E-7	1.123807E-3
1.618000E-7	1.185479E-3
1.619000E-7	1.140938E-3
1.620000E-7	1.038151E-3
1.621000E-7	9.524956E-4
1.622000E-7	1.055282E-3
1.623000E-7	1.267709E-3
1.624000E-7	1.483561E-3
1.625000E-7	1.476709E-3
1.626000E-7	1.363643E-3
1.627000E-7	1.178627E-3
1.628000E-7	1.188905E-3
1.629000E-7	1.435594E-3
1.630000E-7	1.877578E-3
1.631000E-7	2.251037E-3
1.632000E-7	2.312709E-3
1.633000E-7	2.072873E-3
1.634000E-7	1.579496E-3
1.635000E-7	1.144364E-3
1.636000E-7	9.011021E-4
1.637000E-7	9.148070E-4
1.638000E-7	1.209463E-3
1.639000E-7	1.404758E-3
1.640000E-7	1.538381E-3
1.641000E-7	1.449299E-3
1.642000E-7	1.356791E-3
1.643000E-7	1.343086E-3
1.644000E-7	1.377348E-3
1.645000E-7	1.439020E-3
1.646000E-7	1.387627E-3
1.647000E-7	1.206037E-3
1.648000E-7	9.456431E-4
1.649000E-7	7.126595E-4
1.650000E-7	5.653316E-4
1.651000E-7	6.578398E-4
1.652000E-7	1.000463E-3
1.653000E-7	1.397905E-3
1.654000E-7	1.706266E-3
1.655000E-7	1.812479E-3
1.656000E-7	1.730250E-3
1.657000E-7	1.439020E-3
1.658000E-7	1.068987E-3
1.659000E-7	7.948890E-4
1.660000E-7	7.469218E-4
1.661000E-7	8.222988E-4
1.662000E-7	9.901841E-4
1.663000E-7	1.151217E-3
1.664000E-7	1.223168E-3
1.665000E-7	1.192332E-3
1.666000E-7	1.096397E-3
1.667000E-7	9.696267E-4
1.668000E-7	8.634136E-4
1.669000E-7	8.942496E-4
1.670000E-7	9.079546E-4
1.671000E-7	1.062135E-3
1.672000E-7	1.185479E-3
1.673000E-7	1.123807E-3
1.674000E-7	1.017594E-3
1.675000E-7	8.839710E-4
1.676000E-7	8.051677E-4
1.677000E-7	8.154464E-4
1.678000E-7	9.627742E-4
1.679000E-7	1.182053E-3
1.680000E-7	1.401332E-3
1.681000E-7	1.469856E-3
1.682000E-7	1.367069E-3
1.683000E-7	1.182053E-3
1.684000E-7	1.003889E-3
1.685000E-7	8.360037E-4
1.686000E-7	7.846103E-4
1.687000E-7	8.839710E-4
1.688000E-7	1.045004E-3
1.689000E-7	1.219742E-3
1.690000E-7	1.329381E-3
1.691000E-7	1.353364E-3
1.692000E-7	1.301971E-3
1.693000E-7	1.274561E-3
1.694000E-7	1.267709E-3
1.695000E-7	1.120381E-3
1.696000E-7	1.051856E-3
1.697000E-7	1.021020E-3
1.698000E-7	1.007315E-3
1.699000E-7	1.014168E-3
1.700000E-7	1.027873E-3
1.701000E-7	1.024446E-3
1.702000E-7	1.048430E-3
1.703000E-7	1.195758E-3
1.704000E-7	1.452725E-3
1.705000E-7	1.757660E-3
1.706000E-7	2.024906E-3
1.707000E-7	2.035184E-3
1.708000E-7	1.874151E-3
1.709000E-7	1.442446E-3
1.710000E-7	1.017594E-3
1.711000E-7	7.469218E-4
1.712000E-7	6.338562E-4
1.713000E-7	7.229381E-4
1.714000E-7	8.873972E-4
1.715000E-7	1.038151E-3
1.716000E-7	1.281414E-3
1.717000E-7	1.517824E-3
1.718000E-7	1.733676E-3
1.719000E-7	1.928971E-3
1.720000E-7	1.973512E-3
1.721000E-7	1.915266E-3
1.722000E-7	1.761086E-3
1.723000E-7	1.473283E-3
1.724000E-7	1.113528E-3
1.725000E-7	8.668398E-4
1.726000E-7	7.400693E-4
1.727000E-7	8.531349E-4
1.728000E-7	1.254004E-3
1.729000E-7	1.754233E-3
1.730000E-7	2.141397E-3
1.731000E-7	2.240758E-3
1.732000E-7	1.987217E-3
1.733000E-7	1.524676E-3
1.734000E-7	9.970365E-4
1.735000E-7	5.995939E-4
1.736000E-7	5.276430E-4
1.737000E-7	7.160857E-4
1.738000E-7	1.082692E-3
1.739000E-7	1.493840E-3
1.740000E-7	1.709692E-3
1.741000E-7	1.853594E-3
1.742000E-7	1.867299E-3
1.743000E-7	1.850168E-3
1.744000E-7	1.678856E-3
1.745000E-7	1.401332E-3
1.746000E-7	1.116955E-3
1.747000E-7	8.462824E-4
1.748000E-7	7.023808E-4
1.749000E-7	6.749709E-4
1.750000E-7	8.291513E-4
1.751000E-7	1.000463E-3
1.752000E-7	1.284840E-3
1.753000E-7	1.548660E-3
1.754000E-7	1.692561E-3
1.755000E-7	1.678856E-3
1.756000E-7	1.620610E-3
1.757000E-7	1.558938E-3
1.758000E-7	1.534955E-3
1.759000E-7	1.665151E-3
1.760000E-7	1.812479E-3
1.761000E-7	1.952955E-3
1.762000E-7	1.997496E-3
1.763000E-7	1.990643E-3
1.764000E-7	1.983791E-3
1.765000E-7	2.024906E-3
1.766000E-7	2.093430E-3
1.767000E-7	2.172233E-3
1.768000E-7	2.223627E-3
1.769000E-7	2.199643E-3
1.770000E-7	2.086578E-3
1.771000E-7	1.894709E-3
1.772000E-7	1.692561E-3
1.773000E-7	1.572643E-3
1.774000E-7	1.493840E-3
1.775000E-7	1.586348E-3
1.776000E-7	1.689135E-3
1.777000E-7	1.812479E-3
1.778000E-7	1.884430E-3
1.779000E-7	1.959807E-3
1.780000E-7	1.908414E-3
1.781000E-7	1.826184E-3
1.782000E-7	1.586348E-3
1.783000E-7	1.401332E-3
1.784000E-7	1.130660E-3
1.785000E-7	8.497087E-4
1.786000E-7	5.207906E-4
1.787000E-7	3.220692E-4
1.788000E-7	2.912332E-4
1.789000E-7	4.180037E-4
1.790000E-7	6.030201E-4
1.791000E-7	7.092332E-4
1.792000E-7	8.428562E-4
1.793000E-7	9.182333E-4
1.794000E-7	9.730529E-4
1.795000E-7	9.799054E-4
1.796000E-7	1.000463E-3
1.797000E-7	9.833316E-4
1.798000E-7	9.936103E-4
1.799000E-7	1.027873E-3
1.800000E-7	1.068987E-3
1.801000E-7	1.223168E-3
1.802000E-7	1.298545E-3
1.803000E-7	1.305397E-3
1.804000E-7	1.188905E-3
1.805000E-7	1.038151E-3
1.806000E-7	1.010741E-3
1.807000E-7	1.106676E-3
1.808000E-7	1.219742E-3
1.809000E-7	1.305397E-3
1.810000E-7	1.315676E-3
1.811000E-7	1.182053E-3
1.812000E-7	8.942496E-4
1.813000E-7	6.509873E-4
1.814000E-7	6.304299E-4
1.815000E-7	7.332168E-4
1.816000E-7	9.970365E-4
1.817000E-7	1.264282E-3
1.818000E-7	1.428742E-3
1.819000E-7	1.384201E-3
1.820000E-7	1.233446E-3
1.821000E-7	1.062135E-3
1.822000E-7	9.799054E-4
1.823000E-7	1.007315E-3
1.824000E-7	1.130660E-3
1.825000E-7	1.291692E-3
1.826000E-7	1.514397E-3
1.827000E-7	1.702840E-3
1.828000E-7	1.761086E-3
1.829000E-7	1.836463E-3
1.830000E-7	1.709692E-3
1.831000E-7	1.548660E-3
1.832000E-7	1.319102E-3
1.833000E-7	1.123807E-3
1.834000E-7	9.867579E-4
1.835000E-7	1.003889E-3
1.836000E-7	1.120381E-3
1.837000E-7	1.322528E-3
1.838000E-7	1.356791E-3
1.839000E-7	1.291692E-3
1.840000E-7	1.151217E-3
1.841000E-7	1.089545E-3
1.842000E-7	1.010741E-3
1.843000E-7	1.038151E-3
1.844000E-7	1.134086E-3
1.845000E-7	1.257430E-3
1.846000E-7	1.223168E-3
1.847000E-7	1.103250E-3
1.848000E-7	1.003889E-3
1.849000E-7	9.901841E-4
1.850000E-7	1.072414E-3
1.851000E-7	1.199184E-3
1.852000E-7	1.322528E-3
1.853000E-7	1.504119E-3
1.854000E-7	1.644594E-3
1.855000E-7	1.774791E-3
1.856000E-7	1.884430E-3
1.857000E-7	1.829610E-3
1.858000E-7	1.689135E-3
1.859000E-7	1.401332E-3
1.860000E-7	1.144364E-3
1.861000E-7	1.034725E-3
1.862000E-7	1.021020E-3
1.863000E-7	1.168348E-3
1.864000E-7	1.391053E-3
1.865000E-7	1.562365E-3
1.866000E-7	1.548660E-3
1.867000E-7	1.411610E-3
1.868000E-7	1.250578E-3
1.869000E-7	1.164922E-3
1.870000E-7	1.171774E-3
1.871000E-7	1.469856E-3
1.872000E-7	1.778217E-3
1.873000E-7	2.069447E-3
1.874000E-7	2.189365E-3
1.875000E-7	2.072873E-3
1.876000E-7	1.812479E-3
1.877000E-7	1.510971E-3
1.878000E-7	1.312250E-3
1.879000E-7	1.178627E-3
1.880000E-7	1.158069E-3
1.881000E-7	1.140938E-3
1.882000E-7	1.065561E-3
1.883000E-7	1.000463E-3
1.884000E-7	9.867579E-4
1.885000E-7	1.151217E-3
1.886000E-7	1.421889E-3
1.887000E-7	1.723397E-3
1.888000E-7	1.857020E-3
1.889000E-7	1.812479E-3
1.890000E-7	1.620610E-3
1.891000E-7	1.404758E-3
1.892000E-7	1.230020E-3
1.893000E-7	1.123807E-3
1.894000E-7	1.182053E-3
1.895000E-7	1.257430E-3
1.896000E-7	1.295119E-3
1.897000E-7	1.353364E-3
1.898000E-7	1.370496E-3
1.899000E-7	1.291692E-3
1.900000E-7	1.394479E-3
1.901000E-7	1.432168E-3
1.902000E-7	1.459578E-3
1.903000E-7	1.483561E-3
1.904000E-7	1.411610E-3
1.905000E-7	1.260856E-3
1.906000E-7	1.140938E-3
1.907000E-7	1.068987E-3
1.908000E-7	1.024446E-3
1.909000E-7	9.970365E-4
1.910000E-7	1.003889E-3
1.911000E-7	1.041578E-3
1.912000E-7	1.065561E-3
1.913000E-7	1.120381E-3
1.914000E-7	1.168348E-3
1.915000E-7	1.151217E-3
1.916000E-7	1.089545E-3
1.917000E-7	8.805447E-4
1.918000E-7	7.332168E-4
1.919000E-7	5.139381E-4
1.920000E-7	4.180037E-4
1.921000E-7	5.105119E-4
1.922000E-7	7.434955E-4
1.923000E-7	1.045004E-3
1.924000E-7	1.384201E-3
1.925000E-7	1.582922E-3
1.926000E-7	1.644594E-3
1.927000E-7	1.603479E-3
1.928000E-7	1.555512E-3
1.929000E-7	1.528102E-3
1.930000E-7	1.555512E-3
1.931000E-7	1.733676E-3
1.932000E-7	1.987217E-3
1.933000E-7	2.055742E-3
1.934000E-7	2.028332E-3
1.935000E-7	1.733676E-3
1.936000E-7	1.421889E-3
1.937000E-7	1.068987E-3
1.938000E-7	9.045283E-4
1.939000E-7	9.045283E-4
1.940000E-7	1.055282E-3
1.941000E-7	1.130660E-3
1.942000E-7	1.106676E-3
1.943000E-7	8.668398E-4
1.944000E-7	6.338562E-4
1.945000E-7	5.002332E-4
1.946000E-7	5.858889E-4
1.947000E-7	7.469218E-4
1.948000E-7	9.730529E-4
1.949000E-7	1.158069E-3
1.950000E-7	1.312250E-3
1.951000E-7	1.356791E-3
1.952000E-7	1.353364E-3
1.953000E-7	1.301971E-3
1.954000E-7	1.209463E-3
1.955000E-7	1.051856E-3
1.956000E-7	9.079546E-4
1.957000E-7	7.503480E-4
1.958000E-7	6.441349E-4
1.959000E-7	7.606267E-4
1.960000E-7	9.627742E-4
1.961000E-7	1.336233E-3
1.962000E-7	1.771365E-3
1.963000E-7	2.107135E-3
1.964000E-7	2.223627E-3
1.965000E-7	2.127692E-3
1.966000E-7	1.877578E-3
1.967000E-7	1.565791E-3
1.968000E-7	1.233446E-3
1.969000E-7	1.024446E-3
1.970000E-7	1.062135E-3
1.971000E-7	1.236873E-3
1.972000E-7	1.521250E-3
1.973000E-7	1.771365E-3
1.974000E-7	1.959807E-3
1.975000E-7	1.990643E-3
1.976000E-7	1.898135E-3
1.977000E-7	1.747381E-3
1.978000E-7	1.606905E-3
1.979000E-7	1.627463E-3
1.980000E-7	1.733676E-3
1.981000E-7	1.822758E-3
1.982000E-7	1.843315E-3
1.983000E-7	1.675430E-3
1.984000E-7	1.391053E-3
1.985000E-7	1.055282E-3
1.986000E-7	8.634136E-4
1.987000E-7	7.469218E-4
1.988000E-7	8.051677E-4
1.989000E-7	7.743316E-4
1.990000E-7	7.126595E-4
1.991000E-7	5.344955E-4
1.992000E-7	3.631840E-4
1.993000E-7	3.357742E-4
1.994000E-7	4.762496E-4
1.995000E-7	8.531349E-4
1.996000E-7	1.332807E-3
1.997000E-7	1.774791E-3
1.998000E-7	1.983791E-3
1.999000E-7	1.922119E-3
2.000000E-7	1.576069E-3
2.001000E-7	1.058709E-3
