Study Name	Beam_cont_045-04_RT_lecroy
Sample Name	2025-03-19
Run Name	spot00
Operator	Elena
Date	3/19/2025
Time	13:51
Sign	NEG
Grating Spacing	03.40um
Channel	3
Number Traces	2000
Files in Batch	6
Batch Number	36
dt	100.000001E-12
time stamp (ms)	1:58:01 PM
	
Time	Amplitude
0.000000E+0	-1.610344E-4
1.000000E-10	9.935905E-5
2.000000E-10	1.747361E-4
3.000000E-10	2.192771E-4
4.000000E-10	2.638181E-4
5.000000E-10	3.152115E-4
6.000000E-10	3.871624E-4
7.000000E-10	4.145722E-4
8.000000E-10	2.843755E-4
9.000000E-10	1.507525E-4
1.000000E-9	-8.223114E-5
1.100000E-9	-1.713131E-4
1.200000E-9	-3.427851E-6
1.300000E-9	3.597525E-4
1.400000E-9	8.085887E-4
1.500000E-9	1.140933E-3
1.600000E-9	1.147785E-3
1.700000E-9	8.497034E-4
1.800000E-9	3.905886E-4
1.900000E-9	-1.781656E-4
2.000000E-9	-6.270017E-4
2.100000E-9	-7.983132E-4
2.200000E-9	-6.235755E-4
2.300000E-9	-2.295590E-4
2.400000E-9	2.569656E-4
2.500000E-9	5.653263E-4
2.600000E-9	5.516214E-4
2.700000E-9	2.843755E-4
2.800000E-9	-2.090017E-4
2.900000E-9	-6.132968E-4
3.000000E-9	-8.497067E-4
3.100000E-9	-8.839690E-4
3.200000E-9	-7.400673E-4
3.300000E-9	-4.693951E-4
3.400000E-9	-1.952967E-4
3.500000E-9	8.565413E-5
3.600000E-9	3.768837E-4
3.700000E-9	4.179984E-4
3.800000E-9	3.803099E-4
3.900000E-9	2.158509E-4
4.000000E-9	-4.111638E-5
4.100000E-9	-2.090017E-4
4.200000E-9	-1.781656E-4
4.300000E-9	8.565413E-5
4.400000E-9	3.597525E-4
4.500000E-9	6.098673E-4
4.600000E-9	6.304247E-4
4.700000E-9	2.980804E-4
4.800000E-9	1.712953E-5
4.900000E-9	-1.644607E-4
5.000000E-9	3.768691E-5
5.100000E-9	4.214247E-4
5.200000E-9	9.936051E-4
5.300000E-9	1.349933E-3
5.400000E-9	1.418458E-3
5.500000E-9	1.099818E-3
5.600000E-9	5.550476E-4
5.700000E-9	6.509675E-5
5.800000E-9	-3.837394E-4
5.900000E-9	-6.064443E-4
6.000000E-9	-6.270017E-4
6.100000E-9	-4.454115E-4
6.200000E-9	-1.473295E-4
6.300000E-9	3.049329E-4
6.400000E-9	6.646870E-4
6.500000E-9	8.085887E-4
6.600000E-9	6.681132E-4
6.700000E-9	1.884410E-4
6.800000E-9	-3.734607E-4
6.900000E-9	-6.578378E-4
7.000000E-9	-6.646902E-4
7.100000E-9	-3.529033E-4
7.200000E-9	2.501132E-4
7.300000E-9	8.908182E-4
7.400000E-9	1.219736E-3
7.500000E-9	1.315671E-3
7.600000E-9	1.127228E-3
7.700000E-9	8.359985E-4
7.800000E-9	5.824575E-4
7.900000E-9	3.289165E-4
8.000000E-9	2.055722E-4
8.100000E-9	9.593282E-5
8.200000E-9	-1.370654E-5
8.300000E-9	-8.565737E-5
8.400000E-9	-1.096410E-4
8.500000E-9	-5.824753E-5
8.600000E-9	5.481806E-5
8.700000E-9	3.460476E-4
8.800000E-9	6.235722E-4
8.900000E-9	8.736870E-4
9.000000E-9	8.873920E-4
9.100000E-9	7.914575E-4
9.200000E-9	4.830968E-4
9.300000E-9	1.952935E-4
9.400000E-9	-1.610344E-4
9.500000E-9	-4.625427E-4
9.600000E-9	-7.126575E-4
9.700000E-9	-7.503460E-4
9.800000E-9	-6.270017E-4
9.900000E-9	-3.083623E-4
1.000000E-8	1.267689E-4
1.010000E-8	4.317034E-4
1.020000E-8	4.968017E-4
1.030000E-8	1.918673E-4
1.040000E-8	-3.494771E-4
1.050000E-8	-6.886739E-4
1.060000E-8	-8.428542E-4
1.070000E-8	-6.921001E-4
1.080000E-8	-2.295590E-4
1.090000E-8	1.404738E-4
1.100000E-8	4.008673E-4
1.110000E-8	4.385558E-4
1.120000E-8	1.987197E-4
1.130000E-8	-8.223114E-5
1.140000E-8	-3.254935E-4
1.150000E-8	-3.734607E-4
1.160000E-8	-3.666082E-4
1.170000E-8	-1.884443E-4
1.180000E-8	-8.565737E-5
1.190000E-8	1.199164E-4
1.200000E-8	3.015066E-4
1.210000E-8	4.762444E-4
1.220000E-8	4.968017E-4
1.230000E-8	4.385558E-4
1.240000E-8	2.775230E-4
1.250000E-8	9.935905E-5
1.260000E-8	-1.028031E-5
1.270000E-8	-1.473295E-4
1.280000E-8	-2.364115E-4
1.290000E-8	-2.329853E-4
1.300000E-8	-8.223114E-5
1.310000E-8	1.267689E-4
1.320000E-8	3.837361E-4
1.330000E-8	5.653263E-4
1.340000E-8	4.693919E-4
1.350000E-8	2.706706E-4
1.360000E-8	-1.644607E-4
1.370000E-8	-5.379197E-4
1.380000E-8	-7.537722E-4
1.390000E-8	-6.578378E-4
1.400000E-8	-2.946574E-4
1.410000E-8	1.027853E-4
1.420000E-8	3.940148E-4
1.430000E-8	4.008673E-4
1.440000E-8	2.809492E-4
1.450000E-8	5.481806E-5
1.460000E-8	-5.139507E-5
1.470000E-8	3.424610E-6
1.480000E-8	1.781623E-4
1.490000E-8	4.693919E-4
1.500000E-8	7.948837E-4
1.510000E-8	8.942444E-4
1.520000E-8	9.730477E-4
1.530000E-8	7.948837E-4
1.540000E-8	4.933755E-4
1.550000E-8	2.021460E-4
1.560000E-8	3.083445E-5
1.570000E-8	6.167052E-5
1.580000E-8	1.301951E-4
1.590000E-8	2.809492E-4
1.600000E-8	3.871624E-4
1.610000E-8	4.385558E-4
1.620000E-8	4.591132E-4
1.630000E-8	3.426214E-4
1.640000E-8	1.850148E-4
1.650000E-8	-2.398523E-5
1.660000E-8	-1.884443E-4
1.670000E-8	-4.111492E-4
1.680000E-8	-4.728214E-4
1.690000E-8	-5.756083E-4
1.700000E-8	-5.721820E-4
1.710000E-8	-4.899525E-4
1.720000E-8	-3.974443E-4
1.730000E-8	-4.282804E-4
1.740000E-8	-2.090017E-4
1.750000E-8	3.426068E-5
1.760000E-8	2.980804E-4
1.770000E-8	5.242116E-4
1.780000E-8	4.419821E-4
1.790000E-8	1.301951E-4
1.800000E-8	-1.439033E-4
1.810000E-8	-4.522640E-4
1.820000E-8	-5.824607E-4
1.830000E-8	-4.693951E-4
1.840000E-8	-2.775263E-4
1.850000E-8	-1.267721E-4
1.860000E-8	1.027707E-5
1.870000E-8	-1.233459E-4
1.880000E-8	-3.015099E-4
1.890000E-8	-4.522640E-4
1.900000E-8	-6.475591E-4
1.910000E-8	-7.366411E-4
1.920000E-8	-7.503460E-4
1.930000E-8	-7.058050E-4
1.940000E-8	-7.160837E-4
1.950000E-8	-6.441329E-4
1.960000E-8	-6.201493E-4
1.970000E-8	-5.961656E-4
1.980000E-8	-5.687558E-4
1.990000E-8	-5.961656E-4
2.000000E-8	-6.270017E-4
2.010000E-8	-5.961656E-4
2.020000E-8	-6.098706E-4
2.030000E-8	-6.749689E-4
2.040000E-8	-7.297886E-4
2.050000E-8	-9.011001E-4
2.060000E-8	-1.075838E-3
2.070000E-8	-1.103248E-3
2.080000E-8	-9.079526E-4
2.090000E-8	-4.796738E-4
2.100000E-8	5.139183E-5
2.110000E-8	5.276378E-4
2.120000E-8	7.366378E-4
2.130000E-8	6.681132E-4
2.140000E-8	3.220640E-4
2.150000E-8	-3.426392E-5
2.160000E-8	-2.980836E-4
2.170000E-8	-3.666082E-4
2.180000E-8	-2.124279E-4
2.190000E-8	-5.139507E-5
2.200000E-8	2.055576E-5
2.210000E-8	-4.145755E-4
2.220000E-8	-1.528100E-3
2.230000E-8	-3.960724E-3
2.240000E-8	-7.698740E-3
2.250000E-8	-1.263251E-2
2.260000E-8	-1.806309E-2
2.270000E-8	-2.318873E-2
2.280000E-8	-2.707407E-2
2.290000E-8	-2.933196E-2
2.300000E-8	-3.008915E-2
2.310000E-8	-2.990071E-2
2.320000E-8	-2.949642E-2
2.330000E-8	-2.930797E-2
2.340000E-8	-2.917092E-2
2.350000E-8	-2.899961E-2
2.360000E-8	-2.813963E-2
2.370000E-8	-2.648133E-2
2.380000E-8	-2.421660E-2
2.390000E-8	-2.191074E-2
2.400000E-8	-1.991668E-2
2.410000E-8	-1.860786E-2
2.420000E-8	-1.798086E-2
2.430000E-8	-1.780612E-2
2.440000E-8	-1.796715E-2
2.450000E-8	-1.829607E-2
2.460000E-8	-1.881686E-2
2.470000E-8	-1.957405E-2
2.480000E-8	-2.051284E-2
2.490000E-8	-2.147904E-2
2.500000E-8	-2.219512E-2
2.510000E-8	-2.253432E-2
2.520000E-8	-2.222596E-2
2.530000E-8	-2.148932E-2
2.540000E-8	-2.042376E-2
2.550000E-8	-1.923486E-2
2.560000E-8	-1.805966E-2
2.570000E-8	-1.706605E-2
2.580000E-8	-1.618894E-2
2.590000E-8	-1.542146E-2
2.600000E-8	-1.485956E-2
2.610000E-8	-1.455463E-2
2.620000E-8	-1.468825E-2
2.630000E-8	-1.520561E-2
2.640000E-8	-1.608615E-2
2.650000E-8	-1.715856E-2
2.660000E-8	-1.814532E-2
2.670000E-8	-1.885112E-2
2.680000E-8	-1.935135E-2
2.690000E-8	-1.952609E-2
2.700000E-8	-1.928625E-2
2.710000E-8	-1.877232E-2
2.720000E-8	-1.789177E-2
2.730000E-8	-1.665833E-2
2.740000E-8	-1.521589E-2
2.750000E-8	-1.371520E-2
2.760000E-8	-1.245777E-2
2.770000E-8	-1.169715E-2
2.780000E-8	-1.154982E-2
2.790000E-8	-1.192328E-2
2.800000E-8	-1.275586E-2
2.810000E-8	-1.397902E-2
2.820000E-8	-1.530840E-2
2.830000E-8	-1.654869E-2
2.840000E-8	-1.761082E-2
2.850000E-8	-1.820699E-2
2.860000E-8	-1.828579E-2
2.870000E-8	-1.785066E-2
2.880000E-8	-1.694956E-2
2.890000E-8	-1.589428E-2
2.900000E-8	-1.468140E-2
2.910000E-8	-1.344795E-2
2.920000E-8	-1.222822E-2
2.930000E-8	-1.125859E-2
2.940000E-8	-1.047741E-2
2.950000E-8	-1.015535E-2
2.960000E-8	-1.037805E-2
2.970000E-8	-1.119692E-2
2.980000E-8	-1.267020E-2
2.990000E-8	-1.451009E-2
3.000000E-8	-1.623348E-2
3.010000E-8	-1.756628E-2
3.020000E-8	-1.820014E-2
3.030000E-8	-1.797743E-2
3.040000E-8	-1.707976E-2
3.050000E-8	-1.575038E-2
3.060000E-8	-1.432507E-2
3.070000E-8	-1.312246E-2
3.080000E-8	-1.230702E-2
3.090000E-8	-1.173827E-2
3.100000E-8	-1.142648E-2
3.110000E-8	-1.118664E-2
3.120000E-8	-1.092282E-2
3.130000E-8	-1.081318E-2
3.140000E-8	-1.085772E-2
3.150000E-8	-1.122090E-2
3.160000E-8	-1.200209E-2
3.170000E-8	-1.312589E-2
3.180000E-8	-1.422571E-2
3.190000E-8	-1.515422E-2
3.200000E-8	-1.582233E-2
3.210000E-8	-1.592512E-2
3.220000E-8	-1.562361E-2
3.230000E-8	-1.493836E-2
3.240000E-8	-1.389336E-2
3.250000E-8	-1.264622E-2
3.260000E-8	-1.119350E-2
3.270000E-8	-9.685954E-3
3.280000E-8	-8.541593E-3
3.290000E-8	-7.935150E-3
3.300000E-8	-7.948855E-3
3.310000E-8	-8.658085E-3
3.320000E-8	-9.874397E-3
3.330000E-8	-1.143333E-2
3.340000E-8	-1.304709E-2
3.350000E-8	-1.439702E-2
3.360000E-8	-1.540776E-2
3.370000E-8	-1.588743E-2
3.380000E-8	-1.583604E-2
3.390000E-8	-1.517135E-2
3.400000E-8	-1.394133E-2
3.410000E-8	-1.237554E-2
3.420000E-8	-1.062817E-2
3.430000E-8	-9.007560E-3
3.440000E-8	-7.835790E-3
3.450000E-8	-7.088872E-3
3.460000E-8	-6.951822E-3
3.470000E-8	-7.431495E-3
3.480000E-8	-8.222954E-3
3.490000E-8	-9.189151E-3
3.500000E-8	-1.027869E-2
3.510000E-8	-1.119350E-2
3.520000E-8	-1.201922E-2
3.530000E-8	-1.272502E-2
3.540000E-8	-1.332118E-2
3.550000E-8	-1.377345E-2
3.560000E-8	-1.403727E-2
3.570000E-8	-1.378715E-2
3.580000E-8	-1.304366E-2
3.590000E-8	-1.175540E-2
3.600000E-8	-1.004228E-2
3.610000E-8	-8.377134E-3
3.620000E-8	-7.082019E-3
3.630000E-8	-6.458445E-3
3.640000E-8	-6.650314E-3
3.650000E-8	-7.654199E-3
3.660000E-8	-9.038396E-3
3.670000E-8	-1.028212E-2
3.680000E-8	-1.117979E-2
3.690000E-8	-1.149500E-2
3.700000E-8	-1.150186E-2
3.710000E-8	-1.126545E-2
3.720000E-8	-1.102218E-2
3.730000E-8	-1.087143E-2
3.740000E-8	-1.088513E-2
3.750000E-8	-1.070012E-2
3.760000E-8	-1.022387E-2
3.770000E-8	-9.528347E-3
3.780000E-8	-8.466216E-3
3.790000E-8	-7.414363E-3
3.800000E-8	-6.537249E-3
3.810000E-8	-6.119248E-3
3.820000E-8	-6.383068E-3
3.830000E-8	-7.116281E-3
3.840000E-8	-8.140724E-3
3.850000E-8	-9.291937E-3
3.860000E-8	-1.033351E-2
3.870000E-8	-1.114895E-2
3.880000E-8	-1.161150E-2
3.890000E-8	-1.186161E-2
3.900000E-8	-1.173827E-2
3.910000E-8	-1.148130E-2
3.920000E-8	-1.084402E-2
3.930000E-8	-9.918938E-3
3.940000E-8	-8.925331E-3
3.950000E-8	-7.832363E-3
3.960000E-8	-6.674298E-3
3.970000E-8	-5.595035E-3
3.980000E-8	-4.861822E-3
3.990000E-8	-4.618560E-3
4.000000E-8	-4.992019E-3
4.010000E-8	-5.992478E-3
4.020000E-8	-7.486314E-3
4.030000E-8	-9.041823E-3
4.040000E-8	-1.050482E-2
4.050000E-8	-1.140935E-2
4.060000E-8	-1.174512E-2
4.070000E-8	-1.151556E-2
4.080000E-8	-1.088513E-2
4.090000E-8	-9.960052E-3
4.100000E-8	-8.897921E-3
4.110000E-8	-7.695314E-3
4.120000E-8	-6.547527E-3
4.130000E-8	-5.584757E-3
4.140000E-8	-4.968035E-3
4.150000E-8	-4.738478E-3
4.160000E-8	-5.029707E-3
4.170000E-8	-5.629298E-3
4.180000E-8	-6.585216E-3
4.190000E-8	-7.753560E-3
4.200000E-8	-8.873937E-3
4.210000E-8	-9.977183E-3
4.220000E-8	-1.090912E-2
4.230000E-8	-1.133740E-2
4.240000E-8	-1.119007E-2
4.250000E-8	-1.046028E-2
4.260000E-8	-9.199429E-3
4.270000E-8	-7.811806E-3
4.280000E-8	-6.612626E-3
4.290000E-8	-5.745789E-3
4.300000E-8	-5.358625E-3
4.310000E-8	-5.430576E-3
4.320000E-8	-5.725232E-3
4.330000E-8	-6.105544E-3
4.340000E-8	-6.557806E-3
4.350000E-8	-6.989511E-3
4.360000E-8	-7.619937E-3
4.370000E-8	-8.394265E-3
4.380000E-8	-9.196003E-3
4.390000E-8	-1.012451E-2
4.400000E-8	-1.078235E-2
4.410000E-8	-1.115581E-2
4.420000E-8	-1.116609E-2
4.430000E-8	-1.053566E-2
4.440000E-8	-9.507790E-3
4.450000E-8	-8.219527E-3
4.460000E-8	-6.897003E-3
4.470000E-8	-5.759494E-3
4.480000E-8	-5.084527E-3
4.490000E-8	-4.971461E-3
4.500000E-8	-5.190740E-3
4.510000E-8	-5.639576E-3
4.520000E-8	-6.061003E-3
4.530000E-8	-6.365937E-3
4.540000E-8	-6.701708E-3
4.550000E-8	-7.270462E-3
4.560000E-8	-7.979691E-3
4.570000E-8	-8.911626E-3
4.580000E-8	-9.812724E-3
4.590000E-8	-1.027869E-2
4.600000E-8	-1.021702E-2
4.610000E-8	-9.473528E-3
4.620000E-8	-8.133872E-3
4.630000E-8	-6.629757E-3
4.640000E-8	-5.355199E-3
4.650000E-8	-4.426691E-3
4.660000E-8	-3.964150E-3
4.670000E-8	-3.902478E-3
4.680000E-8	-4.108051E-3
4.690000E-8	-4.707642E-3
4.700000E-8	-5.519658E-3
4.710000E-8	-6.492708E-3
4.720000E-8	-7.695314E-3
4.730000E-8	-8.846528E-3
4.740000E-8	-9.586593E-3
4.750000E-8	-9.853839E-3
4.760000E-8	-9.542052E-3
4.770000E-8	-8.702626E-3
4.780000E-8	-7.657626E-3
4.790000E-8	-6.561232E-3
4.800000E-8	-5.413445E-3
4.810000E-8	-4.515773E-3
4.820000E-8	-3.885346E-3
4.830000E-8	-3.566707E-3
4.840000E-8	-3.686625E-3
4.850000E-8	-4.265658E-3
4.860000E-8	-5.170183E-3
4.870000E-8	-6.300839E-3
4.880000E-8	-7.352691E-3
4.890000E-8	-8.181839E-3
4.900000E-8	-8.647806E-3
4.910000E-8	-8.781429E-3
4.920000E-8	-8.658085E-3
4.930000E-8	-8.473068E-3
4.940000E-8	-8.144150E-3
4.950000E-8	-7.743281E-3
4.960000E-8	-7.153970E-3
4.970000E-8	-6.427609E-3
4.980000E-8	-5.567625E-3
4.990000E-8	-4.752183E-3
5.000000E-8	-4.135461E-3
5.010000E-8	-3.714035E-3
5.020000E-8	-3.642084E-3
5.030000E-8	-3.936740E-3
5.040000E-8	-4.553461E-3
5.050000E-8	-5.444281E-3
5.060000E-8	-6.564658E-3
5.070000E-8	-7.482888E-3
5.080000E-8	-8.274347E-3
5.090000E-8	-8.699200E-3
5.100000E-8	-8.723183E-3
5.110000E-8	-8.500478E-3
5.120000E-8	-8.127019E-3
5.130000E-8	-7.565118E-3
5.140000E-8	-6.920986E-3
5.150000E-8	-6.023314E-3
5.160000E-8	-5.016002E-3
5.170000E-8	-4.042953E-3
5.180000E-8	-3.268625E-3
5.190000E-8	-2.963691E-3
5.200000E-8	-3.299461E-3
5.210000E-8	-4.248527E-3
5.220000E-8	-5.523084E-3
5.230000E-8	-6.886724E-3
5.240000E-8	-8.133872E-3
5.250000E-8	-8.949314E-3
5.260000E-8	-9.329626E-3
5.270000E-8	-9.377593E-3
5.280000E-8	-9.000708E-3
5.290000E-8	-8.298331E-3
5.300000E-8	-7.232773E-3
5.310000E-8	-5.910248E-3
5.320000E-8	-4.580871E-3
5.330000E-8	-3.611248E-3
5.340000E-8	-3.045920E-3
5.350000E-8	-3.008232E-3
5.360000E-8	-3.371412E-3
5.370000E-8	-3.971002E-3
5.380000E-8	-4.556888E-3
5.390000E-8	-5.074248E-3
5.400000E-8	-5.718380E-3
5.410000E-8	-6.280281E-3
5.420000E-8	-6.770232E-3
5.430000E-8	-7.109429E-3
5.440000E-8	-7.201937E-3
5.450000E-8	-7.058035E-3
5.460000E-8	-6.544101E-3
5.470000E-8	-5.869134E-3
5.480000E-8	-5.146199E-3
5.490000E-8	-4.502068E-3
5.500000E-8	-4.032674E-3
5.510000E-8	-3.755150E-3
5.520000E-8	-3.700330E-3
5.530000E-8	-3.724314E-3
5.540000E-8	-3.731166E-3
5.550000E-8	-3.789412E-3
5.560000E-8	-3.926461E-3
5.570000E-8	-4.166297E-3
5.580000E-8	-4.587724E-3
5.590000E-8	-5.221576E-3
5.600000E-8	-5.995904E-3
5.610000E-8	-6.670871E-3
5.620000E-8	-7.184806E-3
5.630000E-8	-7.445199E-3
5.640000E-8	-7.253331E-3
5.650000E-8	-6.694855E-3
5.660000E-8	-5.872560E-3
5.670000E-8	-4.827560E-3
5.680000E-8	-3.710609E-3
5.690000E-8	-2.799232E-3
5.700000E-8	-2.179084E-3
5.710000E-8	-1.987215E-3
5.720000E-8	-2.278445E-3
5.730000E-8	-2.881461E-3
5.740000E-8	-3.878494E-3
5.750000E-8	-5.019429E-3
5.760000E-8	-5.968494E-3
5.770000E-8	-6.883298E-3
5.780000E-8	-7.582249E-3
5.790000E-8	-7.839216E-3
5.800000E-8	-7.715872E-3
5.810000E-8	-7.335560E-3
5.820000E-8	-6.564658E-3
5.830000E-8	-5.536789E-3
5.840000E-8	-4.341035E-3
5.850000E-8	-3.056199E-3
5.860000E-8	-2.083149E-3
5.870000E-8	-1.545231E-3
5.880000E-8	-1.641166E-3
5.890000E-8	-2.288723E-3
5.900000E-8	-3.415953E-3
5.910000E-8	-4.498642E-3
5.920000E-8	-5.358625E-3
5.930000E-8	-5.828019E-3
5.940000E-8	-5.845150E-3
5.950000E-8	-5.632724E-3
5.960000E-8	-5.389461E-3
5.970000E-8	-5.269543E-3
5.980000E-8	-5.197593E-3
5.990000E-8	-5.139347E-3
6.000000E-8	-4.820707E-3
6.010000E-8	-4.392429E-3
6.020000E-8	-3.789412E-3
6.030000E-8	-3.135002E-3
6.040000E-8	-2.617641E-3
6.050000E-8	-2.408641E-3
6.060000E-8	-2.586805E-3
6.070000E-8	-3.152133E-3
6.080000E-8	-3.916183E-3
6.090000E-8	-4.642543E-3
6.100000E-8	-5.225002E-3
6.110000E-8	-5.588183E-3
6.120000E-8	-5.660134E-3
6.130000E-8	-5.649855E-3
6.140000E-8	-5.574478E-3
6.150000E-8	-5.553920E-3
6.160000E-8	-5.471691E-3
6.170000E-8	-5.204445E-3
6.180000E-8	-4.601429E-3
6.190000E-8	-3.707183E-3
6.200000E-8	-2.734133E-3
6.210000E-8	-1.802199E-3
6.220000E-8	-1.277985E-3
6.230000E-8	-1.171772E-3
6.240000E-8	-1.637740E-3
6.250000E-8	-2.497723E-3
6.260000E-8	-3.576986E-3
6.270000E-8	-4.574019E-3
6.280000E-8	-5.403166E-3
6.290000E-8	-5.999330E-3
6.300000E-8	-6.225462E-3
6.310000E-8	-6.225462E-3
6.320000E-8	-6.047298E-3
6.330000E-8	-5.629298E-3
6.340000E-8	-4.964609E-3
6.350000E-8	-4.149166E-3
6.360000E-8	-3.224084E-3
6.370000E-8	-2.415494E-3
6.380000E-8	-2.042035E-3
6.390000E-8	-2.103707E-3
6.400000E-8	-2.665609E-3
6.410000E-8	-3.539297E-3
6.420000E-8	-4.395855E-3
6.430000E-8	-5.084527E-3
6.440000E-8	-5.392888E-3
6.450000E-8	-5.519658E-3
6.460000E-8	-5.595035E-3
6.470000E-8	-5.756068E-3
6.480000E-8	-5.882839E-3
6.490000E-8	-5.814314E-3
6.500000E-8	-5.475117E-3
6.510000E-8	-4.848117E-3
6.520000E-8	-4.094346E-3
6.530000E-8	-3.450215E-3
6.540000E-8	-3.100740E-3
6.550000E-8	-3.011658E-3
6.560000E-8	-3.039068E-3
6.570000E-8	-3.162412E-3
6.580000E-8	-3.248068E-3
6.590000E-8	-3.313166E-3
6.600000E-8	-3.381691E-3
6.610000E-8	-3.679773E-3
6.620000E-8	-4.132035E-3
6.630000E-8	-4.608281E-3
6.640000E-8	-5.081101E-3
6.650000E-8	-5.338068E-3
6.660000E-8	-5.276396E-3
6.670000E-8	-4.752183E-3
6.680000E-8	-3.998412E-3
6.690000E-8	-3.090461E-3
6.700000E-8	-2.408641E-3
6.710000E-8	-2.079723E-3
6.720000E-8	-2.199641E-3
6.730000E-8	-2.603936E-3
6.740000E-8	-3.073330E-3
6.750000E-8	-3.460494E-3
6.760000E-8	-3.676346E-3
6.770000E-8	-3.806543E-3
6.780000E-8	-3.875068E-3
6.790000E-8	-4.036101E-3
6.800000E-8	-4.334183E-3
6.810000E-8	-4.759035E-3
6.820000E-8	-5.170183E-3
6.830000E-8	-5.475117E-3
6.840000E-8	-5.509379E-3
6.850000E-8	-5.146199E-3
6.860000E-8	-4.375297E-3
6.870000E-8	-3.316592E-3
6.880000E-8	-2.401789E-3
6.890000E-8	-1.791920E-3
6.900000E-8	-1.497264E-3
6.910000E-8	-1.747379E-3
6.920000E-8	-2.268166E-3
6.930000E-8	-2.799232E-3
6.940000E-8	-3.371412E-3
6.950000E-8	-3.885346E-3
6.960000E-8	-4.217691E-3
6.970000E-8	-4.591150E-3
6.980000E-8	-4.930347E-3
6.990000E-8	-5.039986E-3
7.000000E-8	-5.016002E-3
7.010000E-8	-4.913215E-3
7.020000E-8	-4.478084E-3
7.030000E-8	-3.854510E-3
7.040000E-8	-3.275478E-3
7.050000E-8	-2.555969E-3
7.060000E-8	-2.024904E-3
7.070000E-8	-1.788494E-3
7.080000E-8	-1.795346E-3
7.090000E-8	-2.141395E-3
7.100000E-8	-2.734133E-3
7.110000E-8	-3.381691E-3
7.120000E-8	-3.926461E-3
7.130000E-8	-4.440396E-3
7.140000E-8	-4.769314E-3
7.150000E-8	-4.961183E-3
7.160000E-8	-5.077675E-3
7.170000E-8	-4.875527E-3
7.180000E-8	-4.423265E-3
7.190000E-8	-3.792838E-3
7.200000E-8	-3.097314E-3
7.210000E-8	-2.429199E-3
7.220000E-8	-2.161953E-3
7.230000E-8	-2.227051E-3
7.240000E-8	-2.504576E-3
7.250000E-8	-2.932855E-3
7.260000E-8	-3.224084E-3
7.270000E-8	-3.350855E-3
7.280000E-8	-3.299461E-3
7.290000E-8	-3.398822E-3
7.300000E-8	-3.611248E-3
7.310000E-8	-4.073789E-3
7.320000E-8	-4.543183E-3
7.330000E-8	-5.033134E-3
7.340000E-8	-5.320937E-3
7.350000E-8	-5.207871E-3
7.360000E-8	-4.854970E-3
7.370000E-8	-4.286215E-3
7.380000E-8	-3.714035E-3
7.390000E-8	-3.224084E-3
7.400000E-8	-3.015084E-3
7.410000E-8	-2.912297E-3
7.420000E-8	-2.922576E-3
7.430000E-8	-2.956838E-3
7.440000E-8	-2.919150E-3
7.450000E-8	-2.946559E-3
7.460000E-8	-3.011658E-3
7.470000E-8	-3.227510E-3
7.480000E-8	-3.738019E-3
7.490000E-8	-4.402707E-3
7.500000E-8	-5.053691E-3
7.510000E-8	-5.365478E-3
7.520000E-8	-5.207871E-3
7.530000E-8	-4.560314E-3
7.540000E-8	-3.515314E-3
7.550000E-8	-2.425772E-3
7.560000E-8	-1.507543E-3
7.570000E-8	-9.182313E-4
7.580000E-8	-8.291493E-4
7.590000E-8	-1.014166E-3
7.600000E-8	-1.411608E-3
7.610000E-8	-1.894707E-3
7.620000E-8	-2.377805E-3
7.630000E-8	-2.871182E-3
7.640000E-8	-3.395396E-3
7.650000E-8	-3.844232E-3
7.660000E-8	-4.241674E-3
7.670000E-8	-4.491789E-3
7.680000E-8	-4.440396E-3
7.690000E-8	-4.090920E-3
7.700000E-8	-3.542723E-3
7.710000E-8	-2.795805E-3
7.720000E-8	-2.072871E-3
7.730000E-8	-1.572641E-3
7.740000E-8	-1.411608E-3
7.750000E-8	-1.449297E-3
7.760000E-8	-1.627461E-3
7.770000E-8	-1.788494E-3
7.780000E-8	-2.031756E-3
7.790000E-8	-2.346969E-3
7.800000E-8	-2.720428E-3
7.810000E-8	-3.292609E-3
7.820000E-8	-3.905904E-3
7.830000E-8	-4.436970E-3
7.840000E-8	-4.728199E-3
7.850000E-8	-4.841265E-3
7.860000E-8	-4.563740E-3
7.870000E-8	-4.221117E-3
7.880000E-8	-3.796264E-3
7.890000E-8	-3.344002E-3
7.900000E-8	-2.991100E-3
7.910000E-8	-2.713576E-3
7.920000E-8	-2.460035E-3
7.930000E-8	-2.295576E-3
7.940000E-8	-2.141395E-3
7.950000E-8	-2.189363E-3
7.960000E-8	-2.381231E-3
7.970000E-8	-2.703297E-3
7.980000E-8	-3.169264E-3
7.990000E-8	-3.580412E-3
8.000000E-8	-4.049806E-3
8.010000E-8	-4.245101E-3
8.020000E-8	-4.251953E-3
8.030000E-8	-4.128609E-3
8.040000E-8	-3.923035E-3
8.050000E-8	-3.809969E-3
8.060000E-8	-3.662642E-3
8.070000E-8	-3.378264E-3
8.080000E-8	-3.028789E-3
8.090000E-8	-2.535412E-3
8.100000E-8	-1.884428E-3
8.110000E-8	-1.346510E-3
8.120000E-8	-1.089543E-3
8.130000E-8	-1.045002E-3
8.140000E-8	-1.456149E-3
8.150000E-8	-2.148248E-3
8.160000E-8	-2.960264E-3
8.170000E-8	-3.652363E-3
8.180000E-8	-4.286215E-3
8.190000E-8	-4.587724E-3
8.200000E-8	-4.669953E-3
8.210000E-8	-4.467806E-3
8.220000E-8	-3.977855E-3
8.230000E-8	-3.374838E-3
8.240000E-8	-2.699871E-3
8.250000E-8	-2.035182E-3
8.260000E-8	-1.391051E-3
8.270000E-8	-9.216575E-4
8.280000E-8	-7.743296E-4
8.290000E-8	-1.007313E-3
8.300000E-8	-1.476707E-3
8.310000E-8	-1.980363E-3
8.320000E-8	-2.525133E-3
8.330000E-8	-2.994527E-3
8.340000E-8	-3.087035E-3
8.350000E-8	-3.039068E-3
8.360000E-8	-2.922576E-3
8.370000E-8	-2.658756E-3
8.380000E-8	-2.466887E-3
8.390000E-8	-2.233904E-3
8.400000E-8	-2.048887E-3
8.410000E-8	-1.894707E-3
8.420000E-8	-1.757658E-3
8.430000E-8	-1.517822E-3
8.440000E-8	-1.305395E-3
8.450000E-8	-1.123805E-3
8.460000E-8	-9.661985E-4
8.470000E-8	-9.764772E-4
8.480000E-8	-1.195756E-3
8.490000E-8	-1.600051E-3
8.500000E-8	-2.113986E-3
8.510000E-8	-2.720428E-3
8.520000E-8	-3.285756E-3
8.530000E-8	-3.703756E-3
8.540000E-8	-3.885346E-3
8.550000E-8	-3.690051E-3
8.560000E-8	-3.337150E-3
8.570000E-8	-2.833494E-3
8.580000E-8	-2.326412E-3
8.590000E-8	-1.911838E-3
8.600000E-8	-1.695985E-3
8.610000E-8	-1.665149E-3
8.620000E-8	-1.798772E-3
8.630000E-8	-1.983789E-3
8.640000E-8	-2.086576E-3
8.650000E-8	-2.206494E-3
8.660000E-8	-2.264740E-3
8.670000E-8	-2.442904E-3
8.680000E-8	-2.720428E-3
8.690000E-8	-3.200100E-3
8.700000E-8	-3.676346E-3
8.710000E-8	-4.183428E-3
8.720000E-8	-4.337609E-3
8.730000E-8	-4.224543E-3
8.740000E-8	-3.785986E-3
8.750000E-8	-3.237789E-3
8.760000E-8	-2.590232E-3
8.770000E-8	-2.045461E-3
8.780000E-8	-1.658297E-3
8.790000E-8	-1.243723E-3
8.800000E-8	-1.072412E-3
8.810000E-8	-9.490673E-4
8.820000E-8	-9.901821E-4
8.830000E-8	-1.212887E-3
8.840000E-8	-1.743953E-3
8.850000E-8	-2.268166E-3
8.860000E-8	-2.706723E-3
8.870000E-8	-3.008232E-3
8.880000E-8	-2.932855E-3
8.890000E-8	-2.658756E-3
8.900000E-8	-2.299002E-3
8.910000E-8	-1.901559E-3
8.920000E-8	-1.747379E-3
8.930000E-8	-1.740526E-3
8.940000E-8	-1.757658E-3
8.950000E-8	-1.737100E-3
8.960000E-8	-1.716543E-3
8.970000E-8	-1.617182E-3
8.980000E-8	-1.466428E-3
8.990000E-8	-1.531526E-3
9.000000E-8	-1.699412E-3
9.010000E-8	-1.997494E-3
9.020000E-8	-2.336690E-3
9.030000E-8	-2.511428E-3
9.040000E-8	-2.470313E-3
9.050000E-8	-2.247609E-3
9.060000E-8	-1.898133E-3
9.070000E-8	-1.606904E-3
9.080000E-8	-1.510969E-3
9.090000E-8	-1.562363E-3
9.100000E-8	-1.761084E-3
9.110000E-8	-1.925543E-3
9.120000E-8	-1.973510E-3
9.130000E-8	-1.822756E-3
9.140000E-8	-1.713117E-3
9.150000E-8	-1.521248E-3
9.160000E-8	-1.562363E-3
9.170000E-8	-1.805625E-3
9.180000E-8	-2.137969E-3
9.190000E-8	-2.501150E-3
9.200000E-8	-2.802658E-3
9.210000E-8	-2.915723E-3
9.220000E-8	-3.008232E-3
9.230000E-8	-2.932855E-3
9.240000E-8	-2.864330E-3
9.250000E-8	-2.740986E-3
9.260000E-8	-2.597084E-3
9.270000E-8	-2.268166E-3
9.280000E-8	-1.877576E-3
9.290000E-8	-1.490412E-3
9.300000E-8	-1.199182E-3
9.310000E-8	-1.034723E-3
9.320000E-8	-1.068985E-3
9.330000E-8	-1.291690E-3
9.340000E-8	-1.565789E-3
9.350000E-8	-1.822756E-3
9.360000E-8	-2.045461E-3
9.370000E-8	-2.227051E-3
9.380000E-8	-2.275018E-3
9.390000E-8	-2.090002E-3
9.400000E-8	-1.860445E-3
9.410000E-8	-1.658297E-3
9.420000E-8	-1.425313E-3
9.430000E-8	-1.243723E-3
9.440000E-8	-1.161494E-3
9.450000E-8	-1.038149E-3
9.460000E-8	-9.764772E-4
9.470000E-8	-9.696247E-4
9.480000E-8	-1.038149E-3
9.490000E-8	-1.144362E-3
9.500000E-8	-1.466428E-3
9.510000E-8	-1.702838E-3
9.520000E-8	-1.874149E-3
9.530000E-8	-1.980363E-3
9.540000E-8	-1.925543E-3
9.550000E-8	-1.918690E-3
9.560000E-8	-1.922117E-3
9.570000E-8	-1.915264E-3
9.580000E-8	-1.887854E-3
9.590000E-8	-1.812477E-3
9.600000E-8	-1.634313E-3
9.610000E-8	-1.493838E-3
9.620000E-8	-1.469854E-3
9.630000E-8	-1.521248E-3
9.640000E-8	-1.678854E-3
9.650000E-8	-1.788494E-3
9.660000E-8	-1.709690E-3
9.670000E-8	-1.569215E-3
9.680000E-8	-1.397903E-3
9.690000E-8	-1.435592E-3
9.700000E-8	-1.812477E-3
9.710000E-8	-2.559395E-3
9.720000E-8	-3.217232E-3
9.730000E-8	-3.703756E-3
9.740000E-8	-3.727740E-3
9.750000E-8	-3.275478E-3
9.760000E-8	-2.641625E-3
9.770000E-8	-1.987215E-3
9.780000E-8	-1.442444E-3
9.790000E-8	-1.092969E-3
9.800000E-8	-9.627723E-4
9.810000E-8	-7.503460E-4
9.820000E-8	-7.366411E-4
9.830000E-8	-8.771165E-4
9.840000E-8	-1.250576E-3
9.850000E-8	-1.665149E-3
9.860000E-8	-2.110559E-3
9.870000E-8	-2.418920E-3
9.880000E-8	-2.552543E-3
9.890000E-8	-2.552543E-3
9.900000E-8	-2.439477E-3
9.910000E-8	-2.446330E-3
9.920000E-8	-2.415494E-3
9.930000E-8	-2.384658E-3
9.940000E-8	-2.374379E-3
9.950000E-8	-2.346969E-3
9.960000E-8	-2.203068E-3
9.970000E-8	-2.028330E-3
9.980000E-8	-1.870723E-3
9.990000E-8	-1.675428E-3
1.000000E-7	-1.497264E-3
1.001000E-7	-1.445871E-3
1.002000E-7	-1.528100E-3
1.003000E-7	-1.695985E-3
1.004000E-7	-2.007772E-3
1.005000E-7	-2.264740E-3
1.006000E-7	-2.415494E-3
1.007000E-7	-2.518281E-3
1.008000E-7	-2.401789E-3
1.009000E-7	-2.066018E-3
1.010000E-7	-1.774789E-3
1.011000E-7	-1.627461E-3
1.012000E-7	-1.678854E-3
1.013000E-7	-1.884428E-3
1.014000E-7	-2.090002E-3
1.015000E-7	-2.264740E-3
1.016000E-7	-2.312707E-3
1.017000E-7	-2.059166E-3
1.018000E-7	-1.740526E-3
1.019000E-7	-1.534953E-3
1.020000E-7	-1.373920E-3
1.021000E-7	-1.401330E-3
1.022000E-7	-1.504117E-3
1.023000E-7	-1.572641E-3
1.024000E-7	-1.627461E-3
1.025000E-7	-1.713117E-3
1.026000E-7	-1.781641E-3
1.027000E-7	-1.959805E-3
1.028000E-7	-2.158527E-3
1.029000E-7	-2.247609E-3
1.030000E-7	-2.336690E-3
1.031000E-7	-2.346969E-3
1.032000E-7	-2.285297E-3
1.033000E-7	-2.329838E-3
1.034000E-7	-2.237330E-3
1.035000E-7	-2.066018E-3
1.036000E-7	-1.812477E-3
1.037000E-7	-1.459576E-3
1.038000E-7	-1.099821E-3
1.039000E-7	-8.771165E-4
1.040000E-7	-9.559198E-4
1.041000E-7	-1.257428E-3
1.042000E-7	-1.716543E-3
1.043000E-7	-2.322986E-3
1.044000E-7	-2.696445E-3
1.045000E-7	-2.840346E-3
1.046000E-7	-2.782100E-3
1.047000E-7	-2.436051E-3
1.048000E-7	-1.894707E-3
1.049000E-7	-1.367067E-3
1.050000E-7	-1.000461E-3
1.051000E-7	-9.799034E-4
1.052000E-7	-1.319100E-3
1.053000E-7	-1.826182E-3
1.054000E-7	-2.415494E-3
1.055000E-7	-2.792379E-3
1.056000E-7	-2.936281E-3
1.057000E-7	-2.850625E-3
1.058000E-7	-2.693018E-3
1.059000E-7	-2.442904E-3
1.060000E-7	-2.209920E-3
1.061000E-7	-2.120838E-3
1.062000E-7	-1.987215E-3
1.063000E-7	-1.949527E-3
1.064000E-7	-1.915264E-3
1.065000E-7	-1.867297E-3
1.066000E-7	-1.826182E-3
1.067000E-7	-1.778215E-3
1.068000E-7	-1.624035E-3
1.069000E-7	-1.452723E-3
1.070000E-7	-1.277985E-3
1.071000E-7	-1.103248E-3
1.072000E-7	-1.134084E-3
1.073000E-7	-1.264280E-3
1.074000E-7	-1.411608E-3
1.075000E-7	-1.517822E-3
1.076000E-7	-1.538379E-3
1.077000E-7	-1.349936E-3
1.078000E-7	-1.140936E-3
1.079000E-7	-1.182051E-3
1.080000E-7	-1.391051E-3
1.081000E-7	-1.672002E-3
1.082000E-7	-1.983789E-3
1.083000E-7	-2.185936E-3
1.084000E-7	-2.237330E-3
1.085000E-7	-2.165379E-3
1.086000E-7	-1.949527E-3
1.087000E-7	-1.802199E-3
1.088000E-7	-1.682281E-3
1.089000E-7	-1.576067E-3
1.090000E-7	-1.486985E-3
1.091000E-7	-1.384199E-3
1.092000E-7	-1.298543E-3
1.093000E-7	-1.319100E-3
1.094000E-7	-1.439018E-3
1.095000E-7	-1.500690E-3
1.096000E-7	-1.558936E-3
1.097000E-7	-1.654871E-3
1.098000E-7	-1.675428E-3
1.099000E-7	-1.706264E-3
1.100000E-7	-1.641166E-3
1.101000E-7	-1.442444E-3
1.102000E-7	-1.178625E-3
1.103000E-7	-9.011001E-4
1.104000E-7	-6.235755E-4
1.105000E-7	-4.556902E-4
1.106000E-7	-4.488378E-4
1.107000E-7	-5.447722E-4
1.108000E-7	-7.674771E-4
1.109000E-7	-1.014166E-3
1.110000E-7	-1.233444E-3
1.111000E-7	-1.445871E-3
1.112000E-7	-1.730248E-3
1.113000E-7	-1.949527E-3
1.114000E-7	-2.011199E-3
1.115000E-7	-1.867297E-3
1.116000E-7	-1.528100E-3
1.117000E-7	-1.271133E-3
1.118000E-7	-1.041576E-3
1.119000E-7	-9.524936E-4
1.120000E-7	-9.696247E-4
1.121000E-7	-1.151215E-3
1.122000E-7	-1.319100E-3
1.123000E-7	-1.363641E-3
1.124000E-7	-1.493838E-3
1.125000E-7	-1.524674E-3
1.126000E-7	-1.709690E-3
1.127000E-7	-1.857018E-3
1.128000E-7	-1.970084E-3
1.129000E-7	-1.908412E-3
1.130000E-7	-1.665149E-3
1.131000E-7	-1.367067E-3
1.132000E-7	-1.045002E-3
1.133000E-7	-8.222968E-4
1.134000E-7	-8.154444E-4
1.135000E-7	-9.833296E-4
1.136000E-7	-1.271133E-3
1.137000E-7	-1.363641E-3
1.138000E-7	-1.373920E-3
1.139000E-7	-1.247149E-3
1.140000E-7	-1.113526E-3
1.141000E-7	-1.045002E-3
1.142000E-7	-1.048428E-3
1.143000E-7	-9.936083E-4
1.144000E-7	-1.031297E-3
1.145000E-7	-1.010739E-3
1.146000E-7	-9.011001E-4
1.147000E-7	-8.531329E-4
1.148000E-7	-8.805427E-4
1.149000E-7	-8.839690E-4
1.150000E-7	-8.942477E-4
1.151000E-7	-9.250837E-4
1.152000E-7	-8.839690E-4
1.153000E-7	-8.702640E-4
1.154000E-7	-9.593460E-4
1.155000E-7	-1.106674E-3
1.156000E-7	-1.367067E-3
1.157000E-7	-1.665149E-3
1.158000E-7	-1.833035E-3
1.159000E-7	-1.911838E-3
1.160000E-7	-1.956379E-3
1.161000E-7	-1.898133E-3
1.162000E-7	-1.942674E-3
1.163000E-7	-2.117412E-3
1.164000E-7	-2.312707E-3
1.165000E-7	-2.627920E-3
1.166000E-7	-2.751264E-3
1.167000E-7	-2.617641E-3
1.168000E-7	-2.240756E-3
1.169000E-7	-1.750805E-3
1.170000E-7	-1.195756E-3
1.171000E-7	-8.736903E-4
1.172000E-7	-8.120181E-4
1.173000E-7	-1.014166E-3
1.174000E-7	-1.397903E-3
1.175000E-7	-1.685707E-3
1.176000E-7	-1.774789E-3
1.177000E-7	-1.695985E-3
1.178000E-7	-1.295117E-3
1.179000E-7	-7.640509E-4
1.180000E-7	-3.666082E-4
1.181000E-7	-3.152148E-4
1.182000E-7	-5.619033E-4
1.183000E-7	-1.058707E-3
1.184000E-7	-1.600051E-3
1.185000E-7	-1.987215E-3
1.186000E-7	-2.038608E-3
1.187000E-7	-1.863871E-3
1.188000E-7	-1.483559E-3
1.189000E-7	-1.319100E-3
1.190000E-7	-1.305395E-3
1.191000E-7	-1.456149E-3
1.192000E-7	-1.723395E-3
1.193000E-7	-1.935822E-3
1.194000E-7	-1.963231E-3
1.195000E-7	-1.699412E-3
1.196000E-7	-1.308821E-3
1.197000E-7	-7.674771E-4
1.198000E-7	-4.351328E-4
1.199000E-7	-2.672476E-4
1.200000E-7	-4.385591E-4
1.201000E-7	-7.332148E-4
1.202000E-7	-1.031297E-3
1.203000E-7	-1.103248E-3
1.204000E-7	-9.148050E-4
1.205000E-7	-6.578378E-4
1.206000E-7	-4.419853E-4
1.207000E-7	-5.447722E-4
1.208000E-7	-7.606247E-4
1.209000E-7	-9.901821E-4
1.210000E-7	-1.175199E-3
1.211000E-7	-1.079264E-3
1.212000E-7	-8.017394E-4
1.213000E-7	-5.344935E-4
1.214000E-7	-4.659689E-4
1.215000E-7	-5.481984E-4
1.216000E-7	-9.250837E-4
1.217000E-7	-1.363641E-3
1.218000E-7	-1.565789E-3
1.219000E-7	-1.668576E-3
1.220000E-7	-1.582920E-3
1.221000E-7	-1.332805E-3
1.222000E-7	-1.082690E-3
1.223000E-7	-9.524936E-4
1.224000E-7	-9.216575E-4
1.225000E-7	-9.970346E-4
1.226000E-7	-1.171772E-3
1.227000E-7	-1.346510E-3
1.228000E-7	-1.514395E-3
1.229000E-7	-1.672002E-3
1.230000E-7	-1.658297E-3
1.231000E-7	-1.668576E-3
1.232000E-7	-1.675428E-3
1.233000E-7	-1.730248E-3
1.234000E-7	-1.730248E-3
1.235000E-7	-1.689133E-3
1.236000E-7	-1.517822E-3
1.237000E-7	-1.408182E-3
1.238000E-7	-1.209461E-3
1.239000E-7	-1.000461E-3
1.240000E-7	-8.839690E-4
1.241000E-7	-9.285100E-4
1.242000E-7	-9.970346E-4
1.243000E-7	-1.017592E-3
1.244000E-7	-9.799034E-4
1.245000E-7	-8.531329E-4
1.246000E-7	-5.653296E-4
1.247000E-7	-4.385591E-4
1.248000E-7	-2.466902E-4
1.249000E-7	-2.261328E-4
1.250000E-7	-2.946574E-4
1.251000E-7	-4.385591E-4
1.252000E-7	-6.921001E-4
1.253000E-7	-9.490673E-4
1.254000E-7	-1.178625E-3
1.255000E-7	-1.349936E-3
1.256000E-7	-1.572641E-3
1.257000E-7	-1.627461E-3
1.258000E-7	-1.630887E-3
1.259000E-7	-1.538379E-3
1.260000E-7	-1.425313E-3
1.261000E-7	-1.315674E-3
1.262000E-7	-1.418461E-3
1.263000E-7	-1.572641E-3
1.264000E-7	-1.713117E-3
1.265000E-7	-1.857018E-3
1.266000E-7	-1.836461E-3
1.267000E-7	-1.709690E-3
1.268000E-7	-1.500690E-3
1.269000E-7	-1.250576E-3
1.270000E-7	-1.164920E-3
1.271000E-7	-1.322526E-3
1.272000E-7	-1.600051E-3
1.273000E-7	-1.987215E-3
1.274000E-7	-2.370953E-3
1.275000E-7	-2.412068E-3
1.276000E-7	-2.203068E-3
1.277000E-7	-1.747379E-3
1.278000E-7	-1.182051E-3
1.279000E-7	-8.257231E-4
1.280000E-7	-7.640509E-4
1.281000E-7	-8.668378E-4
1.282000E-7	-1.140936E-3
1.283000E-7	-1.411608E-3
1.284000E-7	-1.555510E-3
1.285000E-7	-1.490412E-3
1.286000E-7	-1.325953E-3
1.287000E-7	-1.110100E-3
1.288000E-7	-9.764772E-4
1.289000E-7	-1.075838E-3
1.290000E-7	-1.192330E-3
1.291000E-7	-1.463002E-3
1.292000E-7	-1.843313E-3
1.293000E-7	-1.973510E-3
1.294000E-7	-1.918690E-3
1.295000E-7	-1.737100E-3
1.296000E-7	-1.500690E-3
1.297000E-7	-1.277985E-3
1.298000E-7	-1.209461E-3
1.299000E-7	-1.312248E-3
1.300000E-7	-1.524674E-3
1.301000E-7	-1.822756E-3
1.302000E-7	-2.007772E-3
1.303000E-7	-2.018051E-3
1.304000E-7	-1.973510E-3
1.305000E-7	-1.791920E-3
1.306000E-7	-1.795346E-3
1.307000E-7	-1.791920E-3
1.308000E-7	-1.785067E-3
1.309000E-7	-1.692559E-3
1.310000E-7	-1.463002E-3
1.311000E-7	-1.075838E-3
1.312000E-7	-6.407066E-4
1.313000E-7	-3.940181E-4
1.314000E-7	-3.837394E-4
1.315000E-7	-5.550509E-4
1.316000E-7	-7.846083E-4
1.317000E-7	-7.332148E-4
1.318000E-7	-5.550509E-4
1.319000E-7	-3.049361E-4
1.320000E-7	9.250659E-5
1.321000E-7	3.494738E-4
1.322000E-7	3.152115E-4
1.323000E-7	1.370476E-4
1.324000E-7	-2.090017E-4
1.325000E-7	-6.064443E-4
1.326000E-7	-9.045263E-4
1.327000E-7	-1.137510E-3
1.328000E-7	-1.243723E-3
1.329000E-7	-1.168346E-3
1.330000E-7	-9.319362E-4
1.331000E-7	-7.297886E-4
1.332000E-7	-7.092312E-4
1.333000E-7	-1.027871E-3
1.334000E-7	-1.442444E-3
1.335000E-7	-1.819330E-3
1.336000E-7	-2.151674E-3
1.337000E-7	-2.220199E-3
1.338000E-7	-1.870723E-3
1.339000E-7	-1.569215E-3
1.340000E-7	-1.250576E-3
1.341000E-7	-1.120379E-3
1.342000E-7	-1.209461E-3
1.343000E-7	-1.312248E-3
1.344000E-7	-1.305395E-3
1.345000E-7	-1.185477E-3
1.346000E-7	-8.873952E-4
1.347000E-7	-5.584771E-4
1.348000E-7	-3.323459E-4
1.349000E-7	-2.809525E-4
1.350000E-7	-4.008705E-4
1.351000E-7	-6.372804E-4
1.352000E-7	-8.497067E-4
1.353000E-7	-9.559198E-4
1.354000E-7	-9.730509E-4
1.355000E-7	-9.559198E-4
1.356000E-7	-7.777558E-4
1.357000E-7	-8.531329E-4
1.358000E-7	-8.497067E-4
1.359000E-7	-9.182313E-4
1.360000E-7	-9.422149E-4
1.361000E-7	-1.021018E-3
1.362000E-7	-1.051854E-3
1.363000E-7	-1.202608E-3
1.364000E-7	-1.370494E-3
1.365000E-7	-1.517822E-3
1.366000E-7	-1.620608E-3
1.367000E-7	-1.555510E-3
1.368000E-7	-1.346510E-3
1.369000E-7	-1.092969E-3
1.370000E-7	-8.325755E-4
1.371000E-7	-6.646902E-4
1.372000E-7	-6.201493E-4
1.373000E-7	-7.434935E-4
1.374000E-7	-8.120181E-4
1.375000E-7	-8.771165E-4
1.376000E-7	-1.003887E-3
1.377000E-7	-9.045263E-4
1.378000E-7	-7.880345E-4
1.379000E-7	-7.092312E-4
1.380000E-7	-4.831001E-4
1.381000E-7	-3.529033E-4
1.382000E-7	-3.289197E-4
1.383000E-7	-5.002312E-4
1.384000E-7	-7.743296E-4
1.385000E-7	-1.051854E-3
1.386000E-7	-1.188903E-3
1.387000E-7	-1.240297E-3
1.388000E-7	-1.206035E-3
1.389000E-7	-1.127231E-3
1.390000E-7	-1.195756E-3
1.391000E-7	-1.254002E-3
1.392000E-7	-1.377346E-3
1.393000E-7	-1.301969E-3
1.394000E-7	-1.137510E-3
1.395000E-7	-8.017394E-4
1.396000E-7	-5.756083E-4
1.397000E-7	-5.447722E-4
1.398000E-7	-6.612640E-4
1.399000E-7	-9.285100E-4
1.400000E-7	-1.096395E-3
1.401000E-7	-1.202608E-3
1.402000E-7	-1.137510E-3
1.403000E-7	-1.058707E-3
1.404000E-7	-8.565591E-4
1.405000E-7	-7.126575E-4
1.406000E-7	-6.612640E-4
1.407000E-7	-6.304279E-4
1.408000E-7	-7.023788E-4
1.409000E-7	-9.456411E-4
1.410000E-7	-1.154641E-3
1.411000E-7	-1.418461E-3
1.412000E-7	-1.593199E-3
1.413000E-7	-1.665149E-3
1.414000E-7	-1.528100E-3
1.415000E-7	-1.346510E-3
1.416000E-7	-1.096395E-3
1.417000E-7	-9.661985E-4
1.418000E-7	-9.319362E-4
1.419000E-7	-9.011001E-4
1.420000E-7	-8.702640E-4
1.421000E-7	-7.332148E-4
1.422000E-7	-5.207886E-4
1.423000E-7	-4.248541E-4
1.424000E-7	-6.132968E-4
1.425000E-7	-9.387886E-4
1.426000E-7	-1.404756E-3
1.427000E-7	-1.692559E-3
1.428000E-7	-1.737100E-3
1.429000E-7	-1.555510E-3
1.430000E-7	-1.291690E-3
1.431000E-7	-9.730509E-4
1.432000E-7	-9.456411E-4
1.433000E-7	-1.175199E-3
1.434000E-7	-1.432166E-3
1.435000E-7	-1.685707E-3
1.436000E-7	-1.764510E-3
1.437000E-7	-1.528100E-3
1.438000E-7	-1.216313E-3
1.439000E-7	-9.422149E-4
1.440000E-7	-8.497067E-4
1.441000E-7	-1.058707E-3
1.442000E-7	-1.425313E-3
1.443000E-7	-1.771363E-3
1.444000E-7	-1.976936E-3
1.445000E-7	-1.904986E-3
1.446000E-7	-1.524674E-3
1.447000E-7	-9.422149E-4
1.448000E-7	-4.214279E-4
1.449000E-7	3.426068E-5
1.450000E-7	2.158509E-4
1.451000E-7	2.227033E-4
1.452000E-7	1.507525E-4
1.453000E-7	1.164902E-4
1.454000E-7	3.768691E-5
1.455000E-7	-1.713277E-5
1.456000E-7	-1.678869E-4
1.457000E-7	-3.700345E-4
1.458000E-7	-6.612640E-4
1.459000E-7	-9.422149E-4
1.460000E-7	-1.219740E-3
1.461000E-7	-1.418461E-3
1.462000E-7	-1.665149E-3
1.463000E-7	-1.846740E-3
1.464000E-7	-1.952953E-3
1.465000E-7	-1.952953E-3
1.466000E-7	-1.805625E-3
1.467000E-7	-1.490412E-3
1.468000E-7	-1.168346E-3
1.469000E-7	-9.799034E-4
1.470000E-7	-8.908214E-4
1.471000E-7	-1.086117E-3
1.472000E-7	-1.346510E-3
1.473000E-7	-1.620608E-3
1.474000E-7	-1.857018E-3
1.475000E-7	-2.035182E-3
1.476000E-7	-1.980363E-3
1.477000E-7	-1.791920E-3
1.478000E-7	-1.521248E-3
1.479000E-7	-1.216313E-3
1.480000E-7	-1.068985E-3
1.481000E-7	-1.000461E-3
1.482000E-7	-9.867559E-4
1.483000E-7	-1.068985E-3
1.484000E-7	-1.175199E-3
1.485000E-7	-1.264280E-3
1.486000E-7	-1.319100E-3
1.487000E-7	-1.387625E-3
1.488000E-7	-1.428740E-3
1.489000E-7	-1.421887E-3
1.490000E-7	-1.226592E-3
1.491000E-7	-9.045263E-4
1.492000E-7	-7.092312E-4
1.493000E-7	-5.687558E-4
1.494000E-7	-6.441329E-4
1.495000E-7	-8.531329E-4
1.496000E-7	-1.110100E-3
1.497000E-7	-1.277985E-3
1.498000E-7	-1.325953E-3
1.499000E-7	-1.260854E-3
1.500000E-7	-1.106674E-3
1.501000E-7	-1.021018E-3
1.502000E-7	-1.051854E-3
1.503000E-7	-1.120379E-3
1.504000E-7	-1.164920E-3
1.505000E-7	-1.199182E-3
1.506000E-7	-1.185477E-3
1.507000E-7	-1.199182E-3
1.508000E-7	-1.277985E-3
1.509000E-7	-1.257428E-3
1.510000E-7	-1.250576E-3
1.511000E-7	-1.216313E-3
1.512000E-7	-1.212887E-3
1.513000E-7	-1.271133E-3
1.514000E-7	-1.312248E-3
1.515000E-7	-1.284838E-3
1.516000E-7	-1.154641E-3
1.517000E-7	-1.000461E-3
1.518000E-7	-7.263624E-4
1.519000E-7	-5.344935E-4
1.520000E-7	-5.344935E-4
1.521000E-7	-8.051657E-4
1.522000E-7	-1.195756E-3
1.523000E-7	-1.565789E-3
1.524000E-7	-1.613756E-3
1.525000E-7	-1.418461E-3
1.526000E-7	-9.148050E-4
1.527000E-7	-4.111492E-4
1.528000E-7	1.370330E-5
1.529000E-7	2.535394E-4
1.530000E-7	1.918673E-4
1.531000E-7	-6.852622E-5
1.532000E-7	-4.796738E-4
1.533000E-7	-8.908214E-4
1.534000E-7	-1.260854E-3
1.535000E-7	-1.562363E-3
1.536000E-7	-1.445871E-3
1.537000E-7	-1.212887E-3
1.538000E-7	-8.942477E-4
1.539000E-7	-6.441329E-4
1.540000E-7	-5.550509E-4
1.541000E-7	-7.743296E-4
1.542000E-7	-1.065559E-3
1.543000E-7	-1.346510E-3
1.544000E-7	-1.425313E-3
1.545000E-7	-1.319100E-3
1.546000E-7	-1.250576E-3
1.547000E-7	-1.113526E-3
1.548000E-7	-1.068985E-3
1.549000E-7	-1.021018E-3
1.550000E-7	-8.839690E-4
1.551000E-7	-5.653296E-4
1.552000E-7	-2.158541E-4
1.553000E-7	5.824429E-5
1.554000E-7	1.301951E-4
1.555000E-7	-1.267721E-4
1.556000E-7	-5.995919E-4
1.557000E-7	-1.024444E-3
1.558000E-7	-1.463002E-3
1.559000E-7	-1.644592E-3
1.560000E-7	-1.541805E-3
1.561000E-7	-1.188903E-3
1.562000E-7	-8.942477E-4
1.563000E-7	-6.338542E-4
1.564000E-7	-7.400673E-4
1.565000E-7	-1.017592E-3
1.566000E-7	-1.421887E-3
1.567000E-7	-1.833035E-3
1.568000E-7	-2.055740E-3
1.569000E-7	-1.966658E-3
1.570000E-7	-1.620608E-3
1.571000E-7	-1.240297E-3
1.572000E-7	-9.113788E-4
1.573000E-7	-7.948870E-4
1.574000E-7	-9.148050E-4
1.575000E-7	-1.045002E-3
1.576000E-7	-1.195756E-3
1.577000E-7	-1.288264E-3
1.578000E-7	-1.233444E-3
1.579000E-7	-1.127231E-3
1.580000E-7	-9.799034E-4
1.581000E-7	-7.434935E-4
1.582000E-7	-7.263624E-4
1.583000E-7	-7.606247E-4
1.584000E-7	-9.422149E-4
1.585000E-7	-1.079264E-3
1.586000E-7	-1.130658E-3
1.587000E-7	-1.038149E-3
1.588000E-7	-8.668378E-4
1.589000E-7	-6.989525E-4
1.590000E-7	-6.304279E-4
1.591000E-7	-6.749689E-4
1.592000E-7	-8.531329E-4
1.593000E-7	-1.038149E-3
1.594000E-7	-1.092969E-3
1.595000E-7	-1.068985E-3
1.596000E-7	-1.000461E-3
1.597000E-7	-1.024444E-3
1.598000E-7	-1.154641E-3
1.599000E-7	-1.401330E-3
1.600000E-7	-1.750805E-3
1.601000E-7	-1.891281E-3
1.602000E-7	-1.891281E-3
1.603000E-7	-1.754231E-3
1.604000E-7	-1.600051E-3
1.605000E-7	-1.473281E-3
1.606000E-7	-1.473281E-3
1.607000E-7	-1.682281E-3
1.608000E-7	-1.826182E-3
1.609000E-7	-1.857018E-3
1.610000E-7	-1.668576E-3
1.611000E-7	-1.223166E-3
1.612000E-7	-8.668378E-4
1.613000E-7	-5.927394E-4
1.614000E-7	-4.831001E-4
1.615000E-7	-5.756083E-4
1.616000E-7	-7.571985E-4
1.617000E-7	-8.462804E-4
1.618000E-7	-9.730509E-4
1.619000E-7	-8.976739E-4
1.620000E-7	-8.839690E-4
1.621000E-7	-1.017592E-3
1.622000E-7	-1.182051E-3
1.623000E-7	-1.281412E-3
1.624000E-7	-1.466428E-3
1.625000E-7	-1.473281E-3
1.626000E-7	-1.483559E-3
1.627000E-7	-1.380772E-3
1.628000E-7	-1.305395E-3
1.629000E-7	-1.092969E-3
1.630000E-7	-9.867559E-4
1.631000E-7	-1.007313E-3
1.632000E-7	-1.017592E-3
1.633000E-7	-1.017592E-3
1.634000E-7	-9.627723E-4
1.635000E-7	-8.394280E-4
1.636000E-7	-7.195099E-4
1.637000E-7	-5.207886E-4
1.638000E-7	-3.803132E-4
1.639000E-7	-3.905918E-4
1.640000E-7	-6.030181E-4
1.641000E-7	-8.908214E-4
1.642000E-7	-1.247149E-3
1.643000E-7	-1.572641E-3
1.644000E-7	-1.846740E-3
1.645000E-7	-1.874149E-3
1.646000E-7	-1.661723E-3
1.647000E-7	-1.158067E-3
1.648000E-7	-6.270017E-4
1.649000E-7	-3.426392E-5
1.650000E-7	3.597525E-4
1.651000E-7	3.597525E-4
1.652000E-7	-4.796884E-5
1.653000E-7	-6.475591E-4
1.654000E-7	-1.363641E-3
1.655000E-7	-1.843313E-3
1.656000E-7	-1.956379E-3
1.657000E-7	-1.733674E-3
1.658000E-7	-1.384199E-3
1.659000E-7	-1.062133E-3
1.660000E-7	-9.216575E-4
1.661000E-7	-1.017592E-3
1.662000E-7	-1.120379E-3
1.663000E-7	-1.281412E-3
1.664000E-7	-1.295117E-3
1.665000E-7	-1.113526E-3
1.666000E-7	-8.531329E-4
1.667000E-7	-6.270017E-4
1.668000E-7	-5.105099E-4
1.669000E-7	-5.516247E-4
1.670000E-7	-7.811821E-4
1.671000E-7	-1.079264E-3
1.672000E-7	-1.435592E-3
1.673000E-7	-1.771363E-3
1.674000E-7	-1.833035E-3
1.675000E-7	-1.740526E-3
1.676000E-7	-1.356789E-3
1.677000E-7	-9.456411E-4
1.678000E-7	-5.002312E-4
1.679000E-7	-2.227066E-4
1.680000E-7	-1.096410E-4
1.681000E-7	-9.936229E-5
1.682000E-7	-2.741000E-4
1.683000E-7	-4.111492E-4
1.684000E-7	-5.790345E-4
1.685000E-7	-6.715427E-4
1.686000E-7	-6.098706E-4
1.687000E-7	-5.310673E-4
1.688000E-7	-5.207886E-4
1.689000E-7	-5.790345E-4
1.690000E-7	-6.509853E-4
1.691000E-7	-6.886739E-4
1.692000E-7	-7.743296E-4
1.693000E-7	-8.291493E-4
1.694000E-7	-9.696247E-4
1.695000E-7	-1.103248E-3
1.696000E-7	-1.236871E-3
1.697000E-7	-1.254002E-3
1.698000E-7	-1.096395E-3
1.699000E-7	-8.565591E-4
1.700000E-7	-6.475591E-4
1.701000E-7	-3.426246E-4
1.702000E-7	-2.535426E-4
1.703000E-7	-2.843787E-4
1.704000E-7	-3.631820E-4
1.705000E-7	-4.214279E-4
1.706000E-7	-4.762476E-4
1.707000E-7	-4.659689E-4
1.708000E-7	-5.481984E-4
1.709000E-7	-4.556902E-4
1.710000E-7	-4.008705E-4
1.711000E-7	-3.734607E-4
1.712000E-7	-3.529033E-4
1.713000E-7	-3.768869E-4
1.714000E-7	-5.242148E-4
1.715000E-7	-8.394280E-4
1.716000E-7	-1.185477E-3
1.717000E-7	-1.545231E-3
1.718000E-7	-1.767936E-3
1.719000E-7	-1.802199E-3
1.720000E-7	-1.774789E-3
1.721000E-7	-1.692559E-3
1.722000E-7	-1.435592E-3
1.723000E-7	-1.277985E-3
1.724000E-7	-1.267707E-3
1.725000E-7	-1.260854E-3
1.726000E-7	-1.319100E-3
1.727000E-7	-1.394477E-3
1.728000E-7	-1.442444E-3
1.729000E-7	-1.428740E-3
1.730000E-7	-1.497264E-3
1.731000E-7	-1.531526E-3
1.732000E-7	-1.634313E-3
1.733000E-7	-1.654871E-3
1.734000E-7	-1.572641E-3
1.735000E-7	-1.404756E-3
1.736000E-7	-1.264280E-3
1.737000E-7	-1.072412E-3
1.738000E-7	-9.422149E-4
1.739000E-7	-8.702640E-4
1.740000E-7	-7.880345E-4
1.741000E-7	-7.674771E-4
1.742000E-7	-7.811821E-4
1.743000E-7	-8.222968E-4
1.744000E-7	-9.799034E-4
1.745000E-7	-1.116953E-3
1.746000E-7	-1.298543E-3
1.747000E-7	-1.421887E-3
1.748000E-7	-1.463002E-3
1.749000E-7	-1.271133E-3
1.750000E-7	-1.058707E-3
1.751000E-7	-8.805427E-4
1.752000E-7	-6.783952E-4
1.753000E-7	-5.584771E-4
1.754000E-7	-3.734607E-4
1.755000E-7	-2.946574E-4
1.756000E-7	-2.364115E-4
1.757000E-7	-2.261328E-4
1.758000E-7	-1.987230E-4
1.759000E-7	-3.871656E-4
1.760000E-7	-5.447722E-4
1.761000E-7	-6.372804E-4
1.762000E-7	-6.304279E-4
1.763000E-7	-6.407066E-4
1.764000E-7	-5.653296E-4
1.765000E-7	-6.064443E-4
1.766000E-7	-7.058050E-4
1.767000E-7	-9.148050E-4
1.768000E-7	-1.175199E-3
1.769000E-7	-1.408182E-3
1.770000E-7	-1.401330E-3
1.771000E-7	-1.346510E-3
1.772000E-7	-1.175199E-3
1.773000E-7	-1.065559E-3
1.774000E-7	-1.075838E-3
1.775000E-7	-1.247149E-3
1.776000E-7	-1.343084E-3
1.777000E-7	-1.391051E-3
1.778000E-7	-1.288264E-3
1.779000E-7	-9.901821E-4
1.780000E-7	-7.983132E-4
1.781000E-7	-5.790345E-4
1.782000E-7	-5.276410E-4
1.783000E-7	-6.372804E-4
1.784000E-7	-7.777558E-4
1.785000E-7	-8.257231E-4
1.786000E-7	-8.291493E-4
1.787000E-7	-7.640509E-4
1.788000E-7	-7.023788E-4
1.789000E-7	-8.771165E-4
1.790000E-7	-1.202608E-3
1.791000E-7	-1.349936E-3
1.792000E-7	-1.432166E-3
1.793000E-7	-1.373920E-3
1.794000E-7	-1.277985E-3
1.795000E-7	-1.113526E-3
1.796000E-7	-1.058707E-3
1.797000E-7	-1.065559E-3
1.798000E-7	-1.068985E-3
1.799000E-7	-1.110100E-3
1.800000E-7	-1.017592E-3
1.801000E-7	-9.011001E-4
1.802000E-7	-7.674771E-4
1.803000E-7	-6.098706E-4
1.804000E-7	-3.597558E-4
1.805000E-7	-3.460509E-4
1.806000E-7	-3.152148E-4
1.807000E-7	-3.940181E-4
1.808000E-7	-6.167230E-4
1.809000E-7	-7.743296E-4
1.810000E-7	-9.353624E-4
1.811000E-7	-9.524936E-4
1.812000E-7	-7.606247E-4
1.813000E-7	-5.619033E-4
1.814000E-7	-4.248541E-4
1.815000E-7	-4.042968E-4
1.816000E-7	-3.700345E-4
1.817000E-7	-3.494771E-4
1.818000E-7	-2.672476E-4
1.819000E-7	-1.781656E-4
1.820000E-7	-1.404771E-4
1.821000E-7	-2.364115E-4
1.822000E-7	-5.105099E-4
1.823000E-7	-8.599854E-4
1.824000E-7	-9.970346E-4
1.825000E-7	-1.000461E-3
1.826000E-7	-8.222968E-4
1.827000E-7	-4.865263E-4
1.828000E-7	-2.261328E-4
1.829000E-7	-1.987230E-4
1.830000E-7	-3.083623E-4
1.831000E-7	-4.899525E-4
1.832000E-7	-6.509853E-4
1.833000E-7	-6.886739E-4
1.834000E-7	-6.338542E-4
1.835000E-7	-7.023788E-4
1.836000E-7	-6.749689E-4
1.837000E-7	-7.366411E-4
1.838000E-7	-7.434935E-4
1.839000E-7	-7.811821E-4
1.840000E-7	-9.148050E-4
1.841000E-7	-1.062133E-3
1.842000E-7	-1.188903E-3
1.843000E-7	-1.305395E-3
1.844000E-7	-1.380772E-3
1.845000E-7	-1.271133E-3
1.846000E-7	-1.099821E-3
1.847000E-7	-9.216575E-4
1.848000E-7	-6.646902E-4
1.849000E-7	-4.419853E-4
1.850000E-7	-2.603951E-4
1.851000E-7	-1.952967E-4
1.852000E-7	-3.049361E-4
1.853000E-7	-5.070837E-4
1.854000E-7	-7.195099E-4
1.855000E-7	-8.873952E-4
1.856000E-7	-8.702640E-4
1.857000E-7	-7.434935E-4
1.858000E-7	-7.263624E-4
1.859000E-7	-7.434935E-4
1.860000E-7	-8.805427E-4
1.861000E-7	-9.799034E-4
1.862000E-7	-1.123805E-3
1.863000E-7	-9.696247E-4
1.864000E-7	-8.291493E-4
1.865000E-7	-6.681165E-4
1.866000E-7	-5.139361E-4
1.867000E-7	-5.344935E-4
1.868000E-7	-6.578378E-4
1.869000E-7	-6.989525E-4
1.870000E-7	-6.955263E-4
1.871000E-7	-7.434935E-4
1.872000E-7	-5.413460E-4
1.873000E-7	-4.077230E-4
1.874000E-7	-3.768869E-4
1.875000E-7	-4.796738E-4
1.876000E-7	-7.674771E-4
1.877000E-7	-1.092969E-3
1.878000E-7	-1.247149E-3
1.879000E-7	-1.288264E-3
1.880000E-7	-1.212887E-3
1.881000E-7	-1.041576E-3
1.882000E-7	-8.120181E-4
1.883000E-7	-7.297886E-4
1.884000E-7	-6.407066E-4
1.885000E-7	-6.407066E-4
1.886000E-7	-6.989525E-4
1.887000E-7	-6.338542E-4
1.888000E-7	-6.646902E-4
1.889000E-7	-7.914608E-4
1.890000E-7	-8.976739E-4
1.891000E-7	-1.137510E-3
1.892000E-7	-1.391051E-3
1.893000E-7	-1.517822E-3
1.894000E-7	-1.634313E-3
1.895000E-7	-1.692559E-3
1.896000E-7	-1.562363E-3
1.897000E-7	-1.428740E-3
1.898000E-7	-1.308821E-3
1.899000E-7	-1.305395E-3
1.900000E-7	-1.466428E-3
1.901000E-7	-1.637740E-3
1.902000E-7	-1.740526E-3
1.903000E-7	-1.620608E-3
1.904000E-7	-1.367067E-3
1.905000E-7	-9.422149E-4
1.906000E-7	-5.619033E-4
1.907000E-7	-4.282804E-4
1.908000E-7	-4.180017E-4
1.909000E-7	-6.646902E-4
1.910000E-7	-9.901821E-4
1.911000E-7	-1.230018E-3
1.912000E-7	-1.500690E-3
1.913000E-7	-1.579494E-3
1.914000E-7	-1.483559E-3
1.915000E-7	-1.250576E-3
1.916000E-7	-1.034723E-3
1.917000E-7	-7.092312E-4
1.918000E-7	-6.818214E-4
1.919000E-7	-7.571985E-4
1.920000E-7	-8.976739E-4
1.921000E-7	-1.103248E-3
1.922000E-7	-1.202608E-3
1.923000E-7	-1.127231E-3
1.924000E-7	-9.490673E-4
1.925000E-7	-7.948870E-4
1.926000E-7	-5.858870E-4
1.927000E-7	-5.105099E-4
1.928000E-7	-5.139361E-4
1.929000E-7	-5.721820E-4
1.930000E-7	-5.687558E-4
1.931000E-7	-5.824607E-4
1.932000E-7	-4.762476E-4
1.933000E-7	-3.597558E-4
1.934000E-7	-2.364115E-4
1.935000E-7	-1.987230E-4
1.936000E-7	-3.734607E-4
1.937000E-7	-7.160837E-4
1.938000E-7	-1.007313E-3
1.939000E-7	-1.216313E-3
1.940000E-7	-1.264280E-3
1.941000E-7	-1.195756E-3
1.942000E-7	-1.123805E-3
1.943000E-7	-1.182051E-3
1.944000E-7	-1.185477E-3
1.945000E-7	-1.329379E-3
1.946000E-7	-1.504117E-3
1.947000E-7	-1.473281E-3
1.948000E-7	-1.408182E-3
1.949000E-7	-1.322526E-3
1.950000E-7	-1.147789E-3
1.951000E-7	-1.000461E-3
1.952000E-7	-7.914608E-4
1.953000E-7	-5.927394E-4
1.954000E-7	-3.734607E-4
1.955000E-7	-2.432640E-4
1.956000E-7	-6.167376E-5
1.957000E-7	-1.713277E-5
1.958000E-7	5.139183E-5
1.959000E-7	9.250659E-5
1.960000E-7	1.473263E-4
1.961000E-7	1.370330E-5
1.962000E-7	-1.610344E-4
1.963000E-7	-5.481984E-4
1.964000E-7	-9.730509E-4
1.965000E-7	-1.202608E-3
1.966000E-7	-1.343084E-3
1.967000E-7	-1.185477E-3
1.968000E-7	-9.661985E-4
1.969000E-7	-7.195099E-4
1.970000E-7	-7.571985E-4
1.971000E-7	-7.571985E-4
1.972000E-7	-1.007313E-3
1.973000E-7	-1.301969E-3
1.974000E-7	-1.514395E-3
1.975000E-7	-1.685707E-3
1.976000E-7	-1.651444E-3
1.977000E-7	-1.521248E-3
1.978000E-7	-1.367067E-3
1.979000E-7	-1.171772E-3
1.980000E-7	-9.216575E-4
1.981000E-7	-6.304279E-4
1.982000E-7	-4.659689E-4
1.983000E-7	-3.803132E-4
1.984000E-7	-4.351328E-4
1.985000E-7	-7.469198E-4
1.986000E-7	-1.055280E-3
1.987000E-7	-1.367067E-3
1.988000E-7	-1.654871E-3
1.989000E-7	-1.719969E-3
1.990000E-7	-1.743953E-3
1.991000E-7	-1.682281E-3
1.992000E-7	-1.493838E-3
1.993000E-7	-1.343084E-3
1.994000E-7	-1.223166E-3
1.995000E-7	-1.075838E-3
1.996000E-7	-9.970346E-4
1.997000E-7	-1.079264E-3
1.998000E-7	-1.151215E-3
1.999000E-7	-1.226592E-3
2.000000E-7	-1.188903E-3
2.001000E-7	-1.007313E-3
