Study Name	Beam_cont_045-04_RT_lecroy
Sample Name	2025-03-19
Run Name	spot00
Operator	Elena
Date	3/19/2025
Time	13:51
Sign	FIX
Grating Spacing	03.40um
Channel	3
Number Traces	2000
Files in Batch	6
Batch Number	52
dt	100.000001E-12
time stamp (ms)	2:01:05 PM
	
Time	Amplitude
0.000000E+0	8.805463E-4
1.000000E-10	1.086120E-3
2.000000E-10	9.833333E-4
3.000000E-10	5.790381E-4
4.000000E-10	2.192840E-4
5.000000E-10	-2.124210E-4
6.000000E-10	-6.441260E-4
7.000000E-10	-9.559129E-4
8.000000E-10	-1.216306E-3
9.000000E-10	-1.319093E-3
1.000000E-9	-1.168339E-3
1.100000E-9	-7.777490E-4
1.200000E-9	-2.775194E-4
1.300000E-9	2.295626E-4
1.400000E-9	4.693987E-4
1.500000E-9	4.899561E-4
1.600000E-9	3.494807E-4
1.700000E-9	1.644643E-4
1.800000E-9	-1.541751E-4
1.900000E-9	-1.541751E-4
2.000000E-9	-1.678800E-4
2.100000E-9	-6.166691E-5
2.200000E-9	6.857694E-6
2.300000E-9	3.431463E-6
2.400000E-9	-7.537183E-5
2.500000E-9	-2.501096E-4
2.600000E-9	-5.344867E-4
2.700000E-9	-6.681096E-4
2.800000E-9	-5.961588E-4
2.900000E-9	-3.837325E-4
3.000000E-9	-5.138822E-5
3.100000E-9	4.625463E-4
3.200000E-9	7.434971E-4
3.300000E-9	8.736939E-4
3.400000E-9	7.434971E-4
3.500000E-9	4.351364E-4
3.600000E-9	1.747430E-4
3.700000E-9	5.825114E-5
3.800000E-9	1.747430E-4
3.900000E-9	2.569725E-4
4.000000E-9	3.631856E-4
4.100000E-9	2.432676E-4
4.200000E-9	-8.222429E-5
4.300000E-9	-5.105030E-4
4.400000E-9	-9.970277E-4
4.500000E-9	-1.236864E-3
4.600000E-9	-1.158061E-3
4.700000E-9	-9.010933E-4
4.800000E-9	-8.154375E-4
4.900000E-9	-6.064375E-4
5.000000E-9	-5.756014E-4
5.100000E-9	-3.700276E-4
5.200000E-9	-2.089948E-4
5.300000E-9	6.167737E-5
5.400000E-9	3.357758E-4
5.500000E-9	5.002348E-4
5.600000E-9	6.441365E-4
5.700000E-9	6.167266E-4
5.800000E-9	5.961693E-4
5.900000E-9	4.248578E-4
6.000000E-9	2.158577E-4
6.100000E-9	-1.473227E-4
6.200000E-9	-4.488309E-4
6.300000E-9	-6.612572E-4
6.400000E-9	-4.865194E-4
6.500000E-9	-1.404702E-4
6.600000E-9	3.837430E-4
6.700000E-9	7.983168E-4
6.800000E-9	1.058710E-3
6.900000E-9	7.846119E-4
7.000000E-9	4.591201E-4
7.100000E-9	1.371015E-5
7.200000E-9	-5.138822E-5
7.300000E-9	2.535463E-4
7.400000E-9	6.681201E-4
7.500000E-9	1.000464E-3
7.600000E-9	9.422185E-4
7.700000E-9	4.454151E-4
7.800000E-9	-4.145686E-4
7.900000E-9	-1.175192E-3
8.000000E-9	-1.750798E-3
8.100000E-9	-1.781634E-3
8.200000E-9	-1.380765E-3
8.300000E-9	-8.565523E-4
8.400000E-9	-3.803063E-4
8.500000E-9	-8.222429E-5
8.600000E-9	-1.027346E-5
8.700000E-9	-1.027817E-4
8.800000E-9	1.713638E-5
8.900000E-9	7.538229E-5
9.000000E-9	3.083659E-4
9.100000E-9	5.344971E-4
9.200000E-9	6.098742E-4
9.300000E-9	5.002348E-4
9.400000E-9	3.905955E-4
9.500000E-9	1.884479E-4
9.600000E-9	-1.130604E-4
9.700000E-9	-4.488309E-4
9.800000E-9	-7.092244E-4
9.900000E-9	-8.839621E-4
1.000000E-8	-8.462736E-4
1.010000E-8	-5.995850E-4
1.020000E-8	-2.329784E-4
1.030000E-8	1.610380E-4
1.040000E-8	4.351364E-4
1.050000E-8	5.447758E-4
1.060000E-8	5.276447E-4
1.070000E-8	2.295626E-4
1.080000E-8	-6.847227E-6
1.090000E-8	-2.226997E-4
1.100000E-8	-1.541751E-4
1.110000E-8	9.936590E-5
1.120000E-8	4.796774E-4
1.130000E-8	5.619070E-4
1.140000E-8	3.666118E-4
1.150000E-8	1.713638E-5
1.160000E-8	-4.316997E-4
1.170000E-8	-7.846014E-4
1.180000E-8	-7.914539E-4
1.190000E-8	-4.454047E-4
1.200000E-8	-1.233390E-4
1.210000E-8	2.364151E-4
1.220000E-8	4.351364E-4
1.230000E-8	4.968086E-4
1.240000E-8	5.619070E-4
1.250000E-8	6.818250E-4
1.260000E-8	8.736939E-4
1.270000E-8	1.079268E-3
1.280000E-8	1.130661E-3
1.290000E-8	9.148086E-4
1.300000E-8	5.447758E-4
1.310000E-8	1.404807E-4
1.320000E-8	-1.267653E-4
1.330000E-8	-2.877981E-4
1.340000E-8	-3.289128E-4
1.350000E-8	-1.918636E-4
1.360000E-8	-5.481445E-5
1.370000E-8	-6.847227E-6
1.380000E-8	-6.509314E-5
1.390000E-8	-1.712592E-5
1.400000E-8	5.482491E-5
1.410000E-8	1.336282E-4
1.420000E-8	1.713167E-4
1.430000E-8	3.426753E-5
1.440000E-8	-2.124210E-4
1.450000E-8	-5.893063E-4
1.460000E-8	-8.839621E-4
1.470000E-8	-9.490605E-4
1.480000E-8	-6.886670E-4
1.490000E-8	-3.974374E-4
1.500000E-8	-1.130604E-4
1.510000E-8	7.195606E-5
1.520000E-8	1.062184E-4
1.530000E-8	-3.425707E-5
1.540000E-8	-1.027817E-4
1.550000E-8	-1.644538E-4
1.560000E-8	-9.592921E-5
1.570000E-8	2.398884E-5
1.580000E-8	5.482491E-5
1.590000E-8	8.566098E-5
1.600000E-8	1.644643E-4
1.610000E-8	2.090053E-4
1.620000E-8	1.918741E-4
1.630000E-8	1.096446E-4
1.640000E-8	-1.370440E-4
1.650000E-8	-4.967981E-4
1.660000E-8	-7.571916E-4
1.670000E-8	-7.640441E-4
1.680000E-8	-4.282735E-4
1.690000E-8	3.460545E-4
1.700000E-8	1.099825E-3
1.710000E-8	1.463005E-3
1.720000E-8	1.404760E-3
1.730000E-8	9.285136E-4
1.740000E-8	1.850217E-4
1.750000E-8	-4.316997E-4
1.760000E-8	-8.908146E-4
1.770000E-8	-8.839621E-4
1.780000E-8	-8.736834E-4
1.790000E-8	-8.668310E-4
1.800000E-8	-9.936015E-4
1.810000E-8	-1.164913E-3
1.820000E-8	-1.199175E-3
1.830000E-8	-1.154634E-3
1.840000E-8	-9.524867E-4
1.850000E-8	-6.509785E-4
1.860000E-8	-2.912243E-4
1.870000E-8	1.644643E-4
1.880000E-8	5.173660E-4
1.890000E-8	7.400709E-4
1.900000E-8	7.640545E-4
1.910000E-8	5.790381E-4
1.920000E-8	2.124315E-4
1.930000E-8	-1.987161E-4
1.940000E-8	-6.132899E-4
1.950000E-8	-8.531260E-4
1.960000E-8	-8.805359E-4
1.970000E-8	-7.400605E-4
1.980000E-8	-3.905850E-4
1.990000E-8	-7.194560E-5
2.000000E-8	2.672512E-4
2.010000E-8	4.008741E-4
2.020000E-8	4.111528E-4
2.030000E-8	2.980872E-4
2.040000E-8	8.223475E-5
2.050000E-8	1.918741E-4
2.060000E-8	3.631856E-4
2.070000E-8	7.297922E-4
2.080000E-8	9.079562E-4
2.090000E-8	9.422185E-4
2.100000E-8	6.201529E-4
2.110000E-8	1.233495E-4
2.120000E-8	-5.173555E-4
2.130000E-8	-1.024438E-3
2.140000E-8	-1.212880E-3
2.150000E-8	-1.116946E-3
2.160000E-8	-8.428474E-4
2.170000E-8	-4.454047E-4
2.180000E-8	-2.089948E-4
2.190000E-8	-1.027817E-4
2.200000E-8	6.857694E-6
2.210000E-8	5.961693E-4
2.220000E-8	1.976940E-3
2.230000E-8	4.824137E-3
2.240000E-8	9.106925E-3
2.250000E-8	1.485956E-2
2.260000E-8	2.116040E-2
2.270000E-8	2.749893E-2
2.280000E-8	3.328583E-2
2.290000E-8	3.841490E-2
2.300000E-8	4.275593E-2
2.310000E-8	4.653849E-2
2.320000E-8	4.988591E-2
2.330000E-8	5.281877E-2
2.340000E-8	5.475459E-2
2.350000E-8	5.558031E-2
2.360000E-8	5.512119E-2
2.370000E-8	5.370959E-2
2.380000E-8	5.162301E-2
2.390000E-8	4.916298E-2
2.400000E-8	4.660701E-2
2.410000E-8	4.407503E-2
2.420000E-8	4.166981E-2
2.430000E-8	3.955583E-2
2.440000E-8	3.785642E-2
2.450000E-8	3.675317E-2
2.460000E-8	3.639342E-2
2.470000E-8	3.701699E-2
2.480000E-8	3.814080E-2
2.490000E-8	3.954898E-2
2.500000E-8	4.112504E-2
2.510000E-8	4.243044E-2
2.520000E-8	4.318763E-2
2.530000E-8	4.338293E-2
2.540000E-8	4.293752E-2
2.550000E-8	4.187196E-2
2.560000E-8	4.047406E-2
2.570000E-8	3.887058E-2
2.580000E-8	3.718831E-2
2.590000E-8	3.567049E-2
2.600000E-8	3.424517E-2
2.610000E-8	3.298090E-2
2.620000E-8	3.206267E-2
2.630000E-8	3.152475E-2
2.640000E-8	3.152132E-2
2.650000E-8	3.221685E-2
2.660000E-8	3.341603E-2
2.670000E-8	3.490986E-2
2.680000E-8	3.653732E-2
2.690000E-8	3.793522E-2
2.700000E-8	3.875067E-2
2.710000E-8	3.897680E-2
2.720000E-8	3.842175E-2
2.730000E-8	3.716775E-2
2.740000E-8	3.543750E-2
2.750000E-8	3.339547E-2
2.760000E-8	3.136714E-2
2.770000E-8	2.958550E-2
2.780000E-8	2.813621E-2
2.790000E-8	2.706722E-2
2.800000E-8	2.664580E-2
2.810000E-8	2.685822E-2
2.820000E-8	2.772163E-2
2.830000E-8	2.922232E-2
2.840000E-8	3.092516E-2
2.850000E-8	3.269652E-2
2.860000E-8	3.408757E-2
2.870000E-8	3.488245E-2
2.880000E-8	3.500237E-2
2.890000E-8	3.448844E-2
2.900000E-8	3.317276E-2
2.910000E-8	3.122324E-2
2.920000E-8	2.896878E-2
2.930000E-8	2.666293E-2
2.940000E-8	2.462432E-2
2.950000E-8	2.326411E-2
2.960000E-8	2.277416E-2
2.970000E-8	2.311678E-2
2.980000E-8	2.414465E-2
2.990000E-8	2.582693E-2
3.000000E-8	2.786896E-2
3.010000E-8	3.006860E-2
3.020000E-8	3.193590E-2
3.030000E-8	3.334750E-2
3.040000E-8	3.399849E-2
3.050000E-8	3.380319E-2
3.060000E-8	3.277190E-2
3.070000E-8	3.128834E-2
3.080000E-8	2.946901E-2
3.090000E-8	2.753319E-2
3.100000E-8	2.585776E-2
3.110000E-8	2.447699E-2
3.120000E-8	2.354506E-2
3.130000E-8	2.291121E-2
3.140000E-8	2.264396E-2
3.150000E-8	2.278786E-2
3.160000E-8	2.346968E-2
3.170000E-8	2.440847E-2
3.180000E-8	2.580294E-2
3.190000E-8	2.747837E-2
3.200000E-8	2.900304E-2
3.210000E-8	3.041122E-2
3.220000E-8	3.119583E-2
3.230000E-8	3.122324E-2
3.240000E-8	3.057911E-2
3.250000E-8	2.907842E-2
3.260000E-8	2.701240E-2
3.270000E-8	2.452153E-2
3.280000E-8	2.211975E-2
3.290000E-8	2.018735E-2
3.300000E-8	1.892993E-2
3.310000E-8	1.855647E-2
3.320000E-8	1.896761E-2
3.330000E-8	2.001261E-2
3.340000E-8	2.159553E-2
3.350000E-8	2.336004E-2
3.360000E-8	2.518280E-2
3.370000E-8	2.688906E-2
3.380000E-8	2.812935E-2
3.390000E-8	2.877006E-2
3.400000E-8	2.870839E-2
3.410000E-8	2.782442E-2
3.420000E-8	2.620039E-2
3.430000E-8	2.421317E-2
3.440000E-8	2.216771E-2
3.450000E-8	2.034153E-2
3.460000E-8	1.901216E-2
3.470000E-8	1.822070E-2
3.480000E-8	1.800484E-2
3.490000E-8	1.840571E-2
3.500000E-8	1.931709E-2
3.510000E-8	2.076296E-2
3.520000E-8	2.268165E-2
3.530000E-8	2.459006E-2
3.540000E-8	2.643337E-2
3.550000E-8	2.793748E-2
3.560000E-8	2.859875E-2
3.570000E-8	2.850281E-2
3.580000E-8	2.764626E-2
3.590000E-8	2.611816E-2
3.600000E-8	2.417206E-2
3.610000E-8	2.197927E-2
3.620000E-8	1.980704E-2
3.630000E-8	1.805624E-2
3.640000E-8	1.701124E-2
3.650000E-8	1.682622E-2
3.660000E-8	1.757314E-2
3.670000E-8	1.891622E-2
3.680000E-8	2.045117E-2
3.690000E-8	2.195529E-2
3.700000E-8	2.332235E-2
3.710000E-8	2.435022E-2
3.720000E-8	2.506288E-2
3.730000E-8	2.545347E-2
3.740000E-8	2.564191E-2
3.750000E-8	2.536781E-2
3.760000E-8	2.465173E-2
3.770000E-8	2.339773E-2
3.780000E-8	2.162980E-2
3.790000E-8	1.966657E-2
3.800000E-8	1.767250E-2
3.810000E-8	1.601420E-2
3.820000E-8	1.496235E-2
3.830000E-8	1.465056E-2
3.840000E-8	1.512338E-2
3.850000E-8	1.628488E-2
3.860000E-8	1.792261E-2
3.870000E-8	1.982760E-2
3.880000E-8	2.195871E-2
3.890000E-8	2.374721E-2
3.900000E-8	2.501834E-2
3.910000E-8	2.545347E-2
3.920000E-8	2.499778E-2
3.930000E-8	2.375748E-2
3.940000E-8	2.211975E-2
3.950000E-8	2.041691E-2
3.960000E-8	1.884084E-2
3.970000E-8	1.763824E-2
3.980000E-8	1.667204E-2
3.990000E-8	1.605189E-2
4.000000E-8	1.579835E-2
4.010000E-8	1.591827E-2
4.020000E-8	1.637053E-2
4.030000E-8	1.733673E-2
4.040000E-8	1.877232E-2
4.050000E-8	2.027986E-2
4.060000E-8	2.168119E-2
4.070000E-8	2.267480E-2
4.080000E-8	2.312363E-2
4.090000E-8	2.289407E-2
4.100000E-8	2.190732E-2
4.110000E-8	2.036552E-2
4.120000E-8	1.850165E-2
4.130000E-8	1.654870E-2
4.140000E-8	1.494179E-2
4.150000E-8	1.401671E-2
4.160000E-8	1.359871E-2
4.170000E-8	1.390365E-2
4.180000E-8	1.474993E-2
4.190000E-8	1.608958E-2
4.200000E-8	1.765194E-2
4.210000E-8	1.928968E-2
4.220000E-8	2.054368E-2
4.230000E-8	2.133857E-2
4.240000E-8	2.157498E-2
4.250000E-8	2.141737E-2
4.260000E-8	2.072184E-2
4.270000E-8	1.980361E-2
4.280000E-8	1.875176E-2
4.290000E-8	1.761768E-2
4.300000E-8	1.662750E-2
4.310000E-8	1.572983E-2
4.320000E-8	1.497606E-2
4.330000E-8	1.436961E-2
4.340000E-8	1.412978E-2
4.350000E-8	1.413663E-2
4.360000E-8	1.445184E-2
4.370000E-8	1.513366E-2
4.380000E-8	1.619579E-2
4.390000E-8	1.760055E-2
4.400000E-8	1.911837E-2
4.410000E-8	2.045802E-2
4.420000E-8	2.132486E-2
4.430000E-8	2.142422E-2
4.440000E-8	2.064304E-2
4.450000E-8	1.927940E-2
4.460000E-8	1.754916E-2
4.470000E-8	1.577094E-2
4.480000E-8	1.444499E-2
4.490000E-8	1.349593E-2
4.500000E-8	1.296143E-2
4.510000E-8	1.262224E-2
4.520000E-8	1.236527E-2
4.530000E-8	1.246120E-2
4.540000E-8	1.297171E-2
4.550000E-8	1.402356E-2
4.560000E-8	1.541119E-2
4.570000E-8	1.711060E-2
4.580000E-8	1.860786E-2
4.590000E-8	1.977620E-2
4.600000E-8	2.028329E-2
4.610000E-8	2.010855E-2
4.620000E-8	1.926227E-2
4.630000E-8	1.787122E-2
4.640000E-8	1.593883E-2
4.650000E-8	1.399958E-2
4.660000E-8	1.229332E-2
4.670000E-8	1.125860E-2
4.680000E-8	1.099820E-2
4.690000E-8	1.155325E-2
4.700000E-8	1.260168E-2
4.710000E-8	1.389679E-2
4.720000E-8	1.517478E-2
4.730000E-8	1.656925E-2
4.740000E-8	1.781298E-2
4.750000E-8	1.897789E-2
4.760000E-8	1.985158E-2
4.770000E-8	2.007086E-2
4.780000E-8	1.964943E-2
4.790000E-8	1.843998E-2
4.800000E-8	1.656240E-2
4.810000E-8	1.468483E-2
4.820000E-8	1.314988E-2
4.830000E-8	1.225220E-2
4.840000E-8	1.214599E-2
4.850000E-8	1.253315E-2
4.860000E-8	1.325266E-2
4.870000E-8	1.406811E-2
4.880000E-8	1.485614E-2
4.890000E-8	1.554138E-2
4.900000E-8	1.620950E-2
4.910000E-8	1.682622E-2
4.920000E-8	1.726478E-2
4.930000E-8	1.763138E-2
4.940000E-8	1.762796E-2
4.950000E-8	1.738812E-2
4.960000E-8	1.686734E-2
4.970000E-8	1.622320E-2
4.980000E-8	1.524673E-2
4.990000E-8	1.433878E-2
5.000000E-8	1.337258E-2
5.010000E-8	1.231388E-2
5.020000E-8	1.142991E-2
5.030000E-8	1.091255E-2
5.040000E-8	1.088171E-2
5.050000E-8	1.160807E-2
5.060000E-8	1.280040E-2
5.070000E-8	1.421201E-2
5.080000E-8	1.554138E-2
5.090000E-8	1.634655E-2
5.100000E-8	1.678511E-2
5.110000E-8	1.665834E-2
5.120000E-8	1.625404E-2
5.130000E-8	1.559963E-2
5.140000E-8	1.480817E-2
5.150000E-8	1.374947E-2
5.160000E-8	1.247833E-2
5.170000E-8	1.114211E-2
5.180000E-8	9.637990E-3
5.190000E-8	8.538170E-3
5.200000E-8	8.051646E-3
5.210000E-8	8.349728E-3
5.220000E-8	9.610580E-3
5.230000E-8	1.157724E-2
5.240000E-8	1.380771E-2
5.250000E-8	1.586002E-2
5.260000E-8	1.748406E-2
5.270000E-8	1.836117E-2
5.280000E-8	1.838173E-2
5.290000E-8	1.771704E-2
5.300000E-8	1.646304E-2
5.310000E-8	1.489383E-2
5.320000E-8	1.317043E-2
5.330000E-8	1.160465E-2
5.340000E-8	1.028555E-2
5.350000E-8	9.494089E-3
5.360000E-8	9.274810E-3
5.370000E-8	9.665400E-3
5.380000E-8	1.043288E-2
5.390000E-8	1.136824E-2
5.400000E-8	1.235842E-2
5.410000E-8	1.324924E-2
5.420000E-8	1.399958E-2
5.430000E-8	1.457176E-2
5.440000E-8	1.499319E-2
5.450000E-8	1.507884E-2
5.460000E-8	1.483558E-2
5.470000E-8	1.434220E-2
5.480000E-8	1.354389E-2
5.490000E-8	1.262909E-2
5.500000E-8	1.182393E-2
5.510000E-8	1.110784E-2
5.520000E-8	1.046714E-2
5.530000E-8	9.966908E-3
5.540000E-8	9.500941E-3
5.550000E-8	9.175449E-3
5.560000E-8	9.243974E-3
5.570000E-8	9.819580E-3
5.580000E-8	1.085088E-2
5.590000E-8	1.218025E-2
5.600000E-8	1.350620E-2
5.610000E-8	1.441073E-2
5.620000E-8	1.482873E-2
5.630000E-8	1.454093E-2
5.640000E-8	1.370493E-2
5.650000E-8	1.250232E-2
5.660000E-8	1.115581E-2
5.670000E-8	9.990892E-3
5.680000E-8	9.055531E-3
5.690000E-8	8.616974E-3
5.700000E-8	8.339449E-3
5.710000E-8	8.401121E-3
5.720000E-8	8.479925E-3
5.730000E-8	8.791711E-3
5.740000E-8	9.603728E-3
5.750000E-8	1.085430E-2
5.760000E-8	1.243722E-2
5.770000E-8	1.402699E-2
5.780000E-8	1.526729E-2
5.790000E-8	1.590799E-2
5.800000E-8	1.588743E-2
5.810000E-8	1.517820E-2
5.820000E-8	1.404412E-2
5.830000E-8	1.263252E-2
5.840000E-8	1.105988E-2
5.850000E-8	9.531777E-3
5.860000E-8	8.342875E-3
5.870000E-8	7.585679E-3
5.880000E-8	7.311580E-3
5.890000E-8	7.702170E-3
5.900000E-8	8.582711E-3
5.910000E-8	9.792171E-3
5.920000E-8	1.111470E-2
5.930000E-8	1.222822E-2
5.940000E-8	1.309163E-2
5.950000E-8	1.366724E-2
5.960000E-8	1.379401E-2
5.970000E-8	1.356102E-2
5.980000E-8	1.315673E-2
5.990000E-8	1.268734E-2
6.000000E-8	1.218025E-2
6.010000E-8	1.159094E-2
6.020000E-8	1.072068E-2
6.030000E-8	9.751056E-3
6.040000E-8	8.757449E-3
6.050000E-8	7.729580E-3
6.060000E-8	7.126564E-3
6.070000E-8	6.965531E-3
6.080000E-8	7.284170E-3
6.090000E-8	8.048220E-3
6.100000E-8	9.127482E-3
6.110000E-8	1.032666E-2
6.120000E-8	1.138537E-2
6.130000E-8	1.211858E-2
6.140000E-8	1.246463E-2
6.150000E-8	1.244065E-2
6.160000E-8	1.210830E-2
6.170000E-8	1.140592E-2
6.180000E-8	1.052538E-2
6.190000E-8	9.590023E-3
6.200000E-8	8.565580E-3
6.210000E-8	7.616515E-3
6.220000E-8	6.968957E-3
6.230000E-8	6.814777E-3
6.240000E-8	7.205367E-3
6.250000E-8	8.113318E-3
6.260000E-8	9.363892E-3
6.270000E-8	1.065901E-2
6.280000E-8	1.167317E-2
6.290000E-8	1.228647E-2
6.300000E-8	1.256742E-2
6.310000E-8	1.255029E-2
6.320000E-8	1.225220E-2
6.330000E-8	1.175540E-2
6.340000E-8	1.104274E-2
6.350000E-8	1.012451E-2
6.360000E-8	8.993859E-3
6.370000E-8	8.010531E-3
6.380000E-8	7.034055E-3
6.390000E-8	6.506416E-3
6.400000E-8	6.160367E-3
6.410000E-8	6.177498E-3
6.420000E-8	6.564662E-3
6.430000E-8	7.270465E-3
6.440000E-8	8.116744E-3
6.450000E-8	9.141187E-3
6.460000E-8	1.010738E-2
6.470000E-8	1.097422E-2
6.480000E-8	1.150186E-2
6.490000E-8	1.170401E-2
6.500000E-8	1.128258E-2
6.510000E-8	1.047056E-2
6.520000E-8	9.446121E-3
6.530000E-8	8.500482E-3
6.540000E-8	7.818662E-3
6.550000E-8	7.493170E-3
6.560000E-8	7.421219E-3
6.570000E-8	7.362974E-3
6.580000E-8	7.239629E-3
6.590000E-8	7.040908E-3
6.600000E-8	6.951826E-3
6.610000E-8	7.410941E-3
6.620000E-8	8.325744E-3
6.630000E-8	9.627712E-3
6.640000E-8	1.082689E-2
6.650000E-8	1.160465E-2
6.660000E-8	1.154640E-2
6.670000E-8	1.095366E-2
6.680000E-8	9.939499E-3
6.690000E-8	8.956171E-3
6.700000E-8	8.329170E-3
6.710000E-8	7.904318E-3
6.720000E-8	7.794679E-3
6.730000E-8	7.842646E-3
6.740000E-8	7.736433E-3
6.750000E-8	7.503449E-3
6.760000E-8	7.352695E-3
6.770000E-8	7.393810E-3
6.780000E-8	7.585679E-3
6.790000E-8	8.346302E-3
6.800000E-8	9.298794E-3
6.810000E-8	1.033351E-2
6.820000E-8	1.131684E-2
6.830000E-8	1.184448E-2
6.840000E-8	1.176225E-2
6.850000E-8	1.114211E-2
6.860000E-8	9.860695E-3
6.870000E-8	8.459367E-3
6.880000E-8	7.129990E-3
6.890000E-8	6.108973E-3
6.900000E-8	5.492252E-3
6.910000E-8	5.444285E-3
6.920000E-8	5.742367E-3
6.930000E-8	6.184350E-3
6.940000E-8	6.835334E-3
6.950000E-8	7.407515E-3
6.960000E-8	7.976269E-3
6.970000E-8	8.503908E-3
6.980000E-8	8.966449E-3
6.990000E-8	9.387875E-3
7.000000E-8	9.826433E-3
7.010000E-8	9.908662E-3
7.020000E-8	9.590023E-3
7.030000E-8	8.897925E-3
7.040000E-8	7.842646E-3
7.050000E-8	6.705137E-3
7.060000E-8	5.732088E-3
7.070000E-8	5.231858E-3
7.080000E-8	5.111940E-3
7.090000E-8	5.365481E-3
7.100000E-8	5.804039E-3
7.110000E-8	6.348809E-3
7.120000E-8	6.948400E-3
7.130000E-8	7.530859E-3
7.140000E-8	8.168138E-3
7.150000E-8	8.805416E-3
7.160000E-8	9.288515E-3
7.170000E-8	9.576318E-3
7.180000E-8	9.655121E-3
7.190000E-8	9.257679E-3
7.200000E-8	8.730039E-3
7.210000E-8	7.907744E-3
7.220000E-8	7.027203E-3
7.230000E-8	6.246023E-3
7.240000E-8	5.845154E-3
7.250000E-8	5.677268E-3
7.260000E-8	5.920531E-3
7.270000E-8	6.612629E-3
7.280000E-8	7.256760E-3
7.290000E-8	7.983121E-3
7.300000E-8	8.603269E-3
7.310000E-8	8.942466E-3
7.320000E-8	9.130908E-3
7.330000E-8	9.055531E-3
7.340000E-8	8.692351E-3
7.350000E-8	8.222957E-3
7.360000E-8	7.657629E-3
7.370000E-8	7.030629E-3
7.380000E-8	6.485859E-3
7.390000E-8	6.071285E-3
7.400000E-8	5.670416E-3
7.410000E-8	5.365481E-3
7.420000E-8	5.012580E-3
7.430000E-8	4.649399E-3
7.440000E-8	4.317055E-3
7.450000E-8	4.056662E-3
7.460000E-8	4.238252E-3
7.470000E-8	4.868678E-3
7.480000E-8	6.023318E-3
7.490000E-8	7.455482E-3
7.500000E-8	8.949318E-3
7.510000E-8	1.012109E-2
7.520000E-8	1.068299E-2
7.530000E-8	1.037463E-2
7.540000E-8	9.449548E-3
7.550000E-8	8.123597E-3
7.560000E-8	6.694859E-3
7.570000E-8	5.687547E-3
7.580000E-8	4.968039E-3
7.590000E-8	4.714498E-3
7.600000E-8	4.848121E-3
7.610000E-8	5.293531E-3
7.620000E-8	5.701252E-3
7.630000E-8	6.232318E-3
7.640000E-8	6.821629E-3
7.650000E-8	7.328711E-3
7.660000E-8	7.859777E-3
7.670000E-8	8.267498E-3
7.680000E-8	8.548449E-3
7.690000E-8	8.726613E-3
7.700000E-8	8.688925E-3
7.710000E-8	8.270925E-3
7.720000E-8	7.517154E-3
7.730000E-8	6.633187E-3
7.740000E-8	5.725236E-3
7.750000E-8	5.009154E-3
7.760000E-8	4.594580E-3
7.770000E-8	4.868678E-3
7.780000E-8	5.526514E-3
7.790000E-8	6.362514E-3
7.800000E-8	7.112859E-3
7.810000E-8	7.530859E-3
7.820000E-8	7.657629E-3
7.830000E-8	7.729580E-3
7.840000E-8	7.760416E-3
7.850000E-8	7.863203E-3
7.860000E-8	8.079056E-3
7.870000E-8	8.174990E-3
7.880000E-8	8.000252E-3
7.890000E-8	7.544564E-3
7.900000E-8	6.818203E-3
7.910000E-8	5.903400E-3
7.920000E-8	5.177039E-3
7.930000E-8	4.546612E-3
7.940000E-8	4.149170E-3
7.950000E-8	4.149170E-3
7.960000E-8	4.361596E-3
7.970000E-8	4.827563E-3
7.980000E-8	5.430580E-3
7.990000E-8	6.047301E-3
8.000000E-8	6.496137E-3
8.010000E-8	7.106006E-3
8.020000E-8	7.698744E-3
8.030000E-8	8.061924E-3
8.040000E-8	8.161285E-3
8.050000E-8	8.082482E-3
8.060000E-8	7.709023E-3
8.070000E-8	7.020351E-3
8.080000E-8	6.362514E-3
8.090000E-8	5.838301E-3
8.100000E-8	5.605318E-3
8.110000E-8	5.670416E-3
8.120000E-8	5.804039E-3
8.130000E-8	5.941088E-3
8.140000E-8	6.047301E-3
8.150000E-8	6.023318E-3
8.160000E-8	5.978777E-3
8.170000E-8	6.091842E-3
8.180000E-8	6.259727E-3
8.190000E-8	6.646891E-3
8.200000E-8	7.003219E-3
8.210000E-8	7.129990E-3
8.220000E-8	6.982662E-3
8.230000E-8	6.479006E-3
8.240000E-8	5.790334E-3
8.250000E-8	4.974891E-3
8.260000E-8	4.337612E-3
8.270000E-8	3.981285E-3
8.280000E-8	3.830530E-3
8.290000E-8	3.994989E-3
8.300000E-8	4.409563E-3
8.310000E-8	4.916645E-3
8.320000E-8	5.567629E-3
8.330000E-8	6.156941E-3
8.340000E-8	6.622908E-3
8.350000E-8	6.941547E-3
8.360000E-8	7.003219E-3
8.370000E-8	6.838760E-3
8.380000E-8	6.407055E-3
8.390000E-8	5.893121E-3
8.400000E-8	5.454563E-3
8.410000E-8	5.286678E-3
8.420000E-8	5.334645E-3
8.430000E-8	5.519662E-3
8.440000E-8	5.714957E-3
8.450000E-8	5.649859E-3
8.460000E-8	5.338072E-3
8.470000E-8	4.837842E-3
8.480000E-8	4.423268E-3
8.490000E-8	4.389006E-3
8.500000E-8	4.878957E-3
8.510000E-8	5.646432E-3
8.520000E-8	6.451596E-3
8.530000E-8	7.013498E-3
8.540000E-8	7.267039E-3
8.550000E-8	7.308154E-3
8.560000E-8	7.188236E-3
8.570000E-8	7.078596E-3
8.580000E-8	6.636613E-3
8.590000E-8	6.163793E-3
8.600000E-8	5.523088E-3
8.610000E-8	5.057121E-3
8.620000E-8	4.731629E-3
8.630000E-8	4.813858E-3
8.640000E-8	5.163334E-3
8.650000E-8	5.574481E-3
8.660000E-8	5.886268E-3
8.670000E-8	6.013039E-3
8.680000E-8	6.156941E-3
8.690000E-8	6.273432E-3
8.700000E-8	6.458449E-3
8.710000E-8	6.578367E-3
8.720000E-8	6.568088E-3
8.730000E-8	6.434465E-3
8.740000E-8	6.160367E-3
8.750000E-8	5.793760E-3
8.760000E-8	5.499104E-3
8.770000E-8	5.125645E-3
8.780000E-8	4.728203E-3
8.790000E-8	4.395858E-3
8.800000E-8	4.142317E-3
8.810000E-8	4.176580E-3
8.820000E-8	4.553465E-3
8.830000E-8	5.437432E-3
8.840000E-8	6.431039E-3
8.850000E-8	7.311580E-3
8.860000E-8	7.750138E-3
8.870000E-8	7.709023E-3
8.880000E-8	7.239629E-3
8.890000E-8	6.550957E-3
8.900000E-8	5.989055E-3
8.910000E-8	5.708104E-3
8.920000E-8	5.560777E-3
8.930000E-8	5.615596E-3
8.940000E-8	5.622449E-3
8.950000E-8	5.451137E-3
8.960000E-8	5.221580E-3
8.970000E-8	5.019432E-3
8.980000E-8	4.906367E-3
8.990000E-8	4.851547E-3
9.000000E-8	4.947481E-3
9.010000E-8	5.183891E-3
9.020000E-8	5.581334E-3
9.030000E-8	5.934236E-3
9.040000E-8	6.335105E-3
9.050000E-8	6.513269E-3
9.060000E-8	6.280285E-3
9.070000E-8	5.954793E-3
9.080000E-8	5.416875E-3
9.090000E-8	4.968039E-3
9.100000E-8	4.680235E-3
9.110000E-8	4.474662E-3
9.120000E-8	4.375301E-3
9.130000E-8	4.385580E-3
9.140000E-8	4.323908E-3
9.150000E-8	4.193711E-3
9.160000E-8	4.197137E-3
9.170000E-8	4.221121E-3
9.180000E-8	4.358170E-3
9.190000E-8	4.621990E-3
9.200000E-8	4.971465E-3
9.210000E-8	5.255842E-3
9.220000E-8	5.399744E-3
9.230000E-8	5.605318E-3
9.240000E-8	5.694400E-3
9.250000E-8	5.732088E-3
9.260000E-8	5.560777E-3
9.270000E-8	5.334645E-3
9.280000E-8	5.029711E-3
9.290000E-8	4.659678E-3
9.300000E-8	4.412990E-3
9.310000E-8	4.241678E-3
9.320000E-8	4.258809E-3
9.330000E-8	4.508924E-3
9.340000E-8	4.872104E-3
9.350000E-8	5.218154E-3
9.360000E-8	5.523088E-3
9.370000E-8	5.780055E-3
9.380000E-8	6.047301E-3
9.390000E-8	6.146662E-3
9.400000E-8	6.215186E-3
9.410000E-8	5.910252E-3
9.420000E-8	5.368908E-3
9.430000E-8	4.707645E-3
9.440000E-8	3.977858E-3
9.450000E-8	3.594121E-3
9.460000E-8	3.576989E-3
9.470000E-8	3.988137E-3
9.480000E-8	4.406137E-3
9.490000E-8	4.827563E-3
9.500000E-8	4.968039E-3
9.510000E-8	4.916645E-3
9.520000E-8	4.954334E-3
9.530000E-8	5.105088E-3
9.540000E-8	5.262695E-3
9.550000E-8	5.550498E-3
9.560000E-8	5.577908E-3
9.570000E-8	5.471695E-3
9.580000E-8	5.410022E-3
9.590000E-8	5.389465E-3
9.600000E-8	5.386039E-3
9.610000E-8	5.341498E-3
9.620000E-8	4.981744E-3
9.630000E-8	4.474662E-3
9.640000E-8	3.868219E-3
9.650000E-8	3.450219E-3
9.660000E-8	3.433088E-3
9.670000E-8	3.820252E-3
9.680000E-8	4.676809E-3
9.690000E-8	5.540219E-3
9.700000E-8	6.170646E-3
9.710000E-8	6.331678E-3
9.720000E-8	6.050727E-3
9.730000E-8	5.673842E-3
9.740000E-8	5.327793E-3
9.750000E-8	5.166760E-3
9.760000E-8	5.293531E-3
9.770000E-8	5.646432E-3
9.780000E-8	5.817744E-3
9.790000E-8	5.780055E-3
9.800000E-8	5.529940E-3
9.810000E-8	5.132498E-3
9.820000E-8	4.731629E-3
9.830000E-8	4.481514E-3
9.840000E-8	4.460957E-3
9.850000E-8	4.553465E-3
9.860000E-8	4.642547E-3
9.870000E-8	4.704219E-3
9.880000E-8	4.752186E-3
9.890000E-8	4.779596E-3
9.900000E-8	4.923498E-3
9.910000E-8	5.159908E-3
9.920000E-8	5.464842E-3
9.930000E-8	5.694400E-3
9.940000E-8	5.817744E-3
9.950000E-8	5.828023E-3
9.960000E-8	5.581334E-3
9.970000E-8	5.334645E-3
9.980000E-8	5.009154E-3
9.990000E-8	4.707645E-3
1.000000E-7	4.522629E-3
1.001000E-7	4.320481E-3
1.002000E-7	4.108055E-3
1.003000E-7	4.018973E-3
1.004000E-7	3.957301E-3
1.005000E-7	3.878498E-3
1.006000E-7	3.947022E-3
1.007000E-7	4.101203E-3
1.008000E-7	4.293071E-3
1.009000E-7	4.611711E-3
1.010000E-7	4.909793E-3
1.011000E-7	5.286678E-3
1.012000E-7	5.687547E-3
1.013000E-7	5.841727E-3
1.014000E-7	5.872563E-3
1.015000E-7	5.608744E-3
1.016000E-7	5.221580E-3
1.017000E-7	4.731629E-3
1.018000E-7	4.221121E-3
1.019000E-7	3.960727E-3
1.020000E-7	3.823678E-3
1.021000E-7	3.991563E-3
1.022000E-7	4.221121E-3
1.023000E-7	4.608285E-3
1.024000E-7	4.923498E-3
1.025000E-7	5.105088E-3
1.026000E-7	4.981744E-3
1.027000E-7	4.858399E-3
1.028000E-7	4.502071E-3
1.029000E-7	3.977858E-3
1.030000E-7	3.676350E-3
1.031000E-7	3.481055E-3
1.032000E-7	3.542727E-3
1.033000E-7	3.799694E-3
1.034000E-7	4.080645E-3
1.035000E-7	4.320481E-3
1.036000E-7	4.299924E-3
1.037000E-7	4.258809E-3
1.038000E-7	4.056662E-3
1.039000E-7	3.981285E-3
1.040000E-7	3.888776E-3
1.041000E-7	4.056662E-3
1.042000E-7	4.313629E-3
1.043000E-7	4.587727E-3
1.044000E-7	4.906367E-3
1.045000E-7	4.957760E-3
1.046000E-7	4.704219E-3
1.047000E-7	4.217694E-3
1.048000E-7	3.642088E-3
1.049000E-7	3.326875E-3
1.050000E-7	3.237793E-3
1.051000E-7	3.618104E-3
1.052000E-7	4.087498E-3
1.053000E-7	4.625416E-3
1.054000E-7	4.851547E-3
1.055000E-7	4.796727E-3
1.056000E-7	4.491793E-3
1.057000E-7	4.306776E-3
1.058000E-7	4.159448E-3
1.059000E-7	4.320481E-3
1.060000E-7	4.532908E-3
1.061000E-7	4.731629E-3
1.062000E-7	4.752186E-3
1.063000E-7	4.649399E-3
1.064000E-7	4.546612E-3
1.065000E-7	4.389006E-3
1.066000E-7	4.289645E-3
1.067000E-7	4.142317E-3
1.068000E-7	3.844235E-3
1.069000E-7	3.487907E-3
1.070000E-7	3.045924E-3
1.071000E-7	2.679317E-3
1.072000E-7	2.559399E-3
1.073000E-7	2.651907E-3
1.074000E-7	2.956842E-3
1.075000E-7	3.313170E-3
1.076000E-7	3.703760E-3
1.077000E-7	3.905907E-3
1.078000E-7	4.049809E-3
1.079000E-7	4.197137E-3
1.080000E-7	4.358170E-3
1.081000E-7	4.464383E-3
1.082000E-7	4.464383E-3
1.083000E-7	4.310203E-3
1.084000E-7	4.135465E-3
1.085000E-7	3.885350E-3
1.086000E-7	3.720891E-3
1.087000E-7	3.758580E-3
1.088000E-7	3.871645E-3
1.089000E-7	4.005268E-3
1.090000E-7	4.183432E-3
1.091000E-7	4.282793E-3
1.092000E-7	4.248530E-3
1.093000E-7	4.341039E-3
1.094000E-7	4.258809E-3
1.095000E-7	4.231399E-3
1.096000E-7	4.234826E-3
1.097000E-7	4.149170E-3
1.098000E-7	4.077219E-3
1.099000E-7	4.005268E-3
1.100000E-7	4.029252E-3
1.101000E-7	4.018973E-3
1.102000E-7	3.960727E-3
1.103000E-7	3.703760E-3
1.104000E-7	3.385120E-3
1.105000E-7	2.997957E-3
1.106000E-7	2.696448E-3
1.107000E-7	2.706727E-3
1.108000E-7	2.867760E-3
1.109000E-7	3.063055E-3
1.110000E-7	3.237793E-3
1.111000E-7	3.385120E-3
1.112000E-7	3.436514E-3
1.113000E-7	3.320022E-3
1.114000E-7	3.230940E-3
1.115000E-7	3.018514E-3
1.116000E-7	2.847202E-3
1.117000E-7	2.809514E-3
1.118000E-7	2.758120E-3
1.119000E-7	2.809514E-3
1.120000E-7	2.973973E-3
1.121000E-7	3.141858E-3
1.122000E-7	3.076760E-3
1.123000E-7	3.186399E-3
1.124000E-7	3.272055E-3
1.125000E-7	3.326875E-3
1.126000E-7	3.463924E-3
1.127000E-7	3.433088E-3
1.128000E-7	3.285760E-3
1.129000E-7	2.919153E-3
1.130000E-7	2.559399E-3
1.131000E-7	2.302432E-3
1.132000E-7	2.288727E-3
1.133000E-7	2.326415E-3
1.134000E-7	2.442907E-3
1.135000E-7	2.545694E-3
1.136000E-7	2.388088E-3
1.137000E-7	2.247612E-3
1.138000E-7	2.251038E-3
1.139000E-7	2.436055E-3
1.140000E-7	3.001383E-3
1.141000E-7	3.796268E-3
1.142000E-7	4.707645E-3
1.143000E-7	5.492252E-3
1.144000E-7	5.951367E-3
1.145000E-7	5.814318E-3
1.146000E-7	5.300383E-3
1.147000E-7	4.543186E-3
1.148000E-7	3.988137E-3
1.149000E-7	3.556432E-3
1.150000E-7	3.611252E-3
1.151000E-7	3.662645E-3
1.152000E-7	3.840809E-3
1.153000E-7	3.947022E-3
1.154000E-7	3.923039E-3
1.155000E-7	3.861366E-3
1.156000E-7	3.686629E-3
1.157000E-7	3.487907E-3
1.158000E-7	3.251498E-3
1.159000E-7	3.090465E-3
1.160000E-7	2.984252E-3
1.161000E-7	3.066481E-3
1.162000E-7	3.350858E-3
1.163000E-7	3.662645E-3
1.164000E-7	3.796268E-3
1.165000E-7	3.717465E-3
1.166000E-7	3.484481E-3
1.167000E-7	3.254924E-3
1.168000E-7	3.165842E-3
1.169000E-7	3.158989E-3
1.170000E-7	3.272055E-3
1.171000E-7	3.422809E-3
1.172000E-7	3.659219E-3
1.173000E-7	3.720891E-3
1.174000E-7	3.806547E-3
1.175000E-7	3.940170E-3
1.176000E-7	4.070367E-3
1.177000E-7	4.046383E-3
1.178000E-7	3.902481E-3
1.179000E-7	3.751727E-3
1.180000E-7	3.638662E-3
1.181000E-7	3.583842E-3
1.182000E-7	3.439940E-3
1.183000E-7	3.457071E-3
1.184000E-7	3.316596E-3
1.185000E-7	3.213809E-3
1.186000E-7	3.117875E-3
1.187000E-7	3.090465E-3
1.188000E-7	3.066481E-3
1.189000E-7	3.073334E-3
1.190000E-7	2.977399E-3
1.191000E-7	2.631350E-3
1.192000E-7	2.374383E-3
1.193000E-7	2.240760E-3
1.194000E-7	2.374383E-3
1.195000E-7	2.860907E-3
1.196000E-7	3.467350E-3
1.197000E-7	3.947022E-3
1.198000E-7	4.251957E-3
1.199000E-7	4.224547E-3
1.200000E-7	3.940170E-3
1.201000E-7	3.532448E-3
1.202000E-7	2.970547E-3
1.203000E-7	2.418924E-3
1.204000E-7	1.911842E-3
1.205000E-7	1.634317E-3
1.206000E-7	1.747383E-3
1.207000E-7	2.172235E-3
1.208000E-7	2.926006E-3
1.209000E-7	3.762006E-3
1.210000E-7	4.368449E-3
1.211000E-7	4.700793E-3
1.212000E-7	4.738481E-3
1.213000E-7	4.628842E-3
1.214000E-7	4.272514E-3
1.215000E-7	3.803121E-3
1.216000E-7	3.487907E-3
1.217000E-7	3.148711E-3
1.218000E-7	2.912301E-3
1.219000E-7	2.884891E-3
1.220000E-7	2.949989E-3
1.221000E-7	3.254924E-3
1.222000E-7	3.672924E-3
1.223000E-7	4.145744E-3
1.224000E-7	4.481514E-3
1.225000E-7	4.601432E-3
1.226000E-7	4.529481E-3
1.227000E-7	4.416416E-3
1.228000E-7	4.135465E-3
1.229000E-7	3.899055E-3
1.230000E-7	3.755153E-3
1.231000E-7	3.909334E-3
1.232000E-7	4.025826E-3
1.233000E-7	4.303350E-3
1.234000E-7	4.574022E-3
1.235000E-7	4.731629E-3
1.236000E-7	4.519203E-3
1.237000E-7	4.080645E-3
1.238000E-7	3.525596E-3
1.239000E-7	3.073334E-3
1.240000E-7	2.867760E-3
1.241000E-7	2.973973E-3
1.242000E-7	3.073334E-3
1.243000E-7	3.439940E-3
1.244000E-7	3.350858E-3
1.245000E-7	3.244645E-3
1.246000E-7	3.152137E-3
1.247000E-7	3.200104E-3
1.248000E-7	3.433088E-3
1.249000E-7	3.734596E-3
1.250000E-7	3.923039E-3
1.251000E-7	3.881924E-3
1.252000E-7	3.508465E-3
1.253000E-7	3.063055E-3
1.254000E-7	2.675891E-3
1.255000E-7	2.511432E-3
1.256000E-7	2.456612E-3
1.257000E-7	2.477170E-3
1.258000E-7	2.518284E-3
1.259000E-7	2.504579E-3
1.260000E-7	2.627924E-3
1.261000E-7	2.881465E-3
1.262000E-7	3.021940E-3
1.263000E-7	3.268629E-3
1.264000E-7	3.508465E-3
1.265000E-7	3.642088E-3
1.266000E-7	3.659219E-3
1.267000E-7	3.508465E-3
1.268000E-7	3.179547E-3
1.269000E-7	2.662186E-3
1.270000E-7	2.422350E-3
1.271000E-7	2.268170E-3
1.272000E-7	2.391514E-3
1.273000E-7	2.847202E-3
1.274000E-7	3.340580E-3
1.275000E-7	3.607825E-3
1.276000E-7	3.607825E-3
1.277000E-7	3.354284E-3
1.278000E-7	2.939711E-3
1.279000E-7	2.442907E-3
1.280000E-7	2.048891E-3
1.281000E-7	1.942678E-3
1.282000E-7	1.973514E-3
1.283000E-7	2.103710E-3
1.284000E-7	2.244186E-3
1.285000E-7	2.514858E-3
1.286000E-7	2.771825E-3
1.287000E-7	3.158989E-3
1.288000E-7	3.470776E-3
1.289000E-7	3.720891E-3
1.290000E-7	3.847662E-3
1.291000E-7	3.782563E-3
1.292000E-7	3.350858E-3
1.293000E-7	2.624497E-3
1.294000E-7	1.898137E-3
1.295000E-7	1.353366E-3
1.296000E-7	1.079268E-3
1.297000E-7	9.867595E-4
1.298000E-7	1.113530E-3
1.299000E-7	1.236874E-3
1.300000E-7	1.504120E-3
1.301000E-7	1.815907E-3
1.302000E-7	2.275022E-3
1.303000E-7	2.840350E-3
1.304000E-7	3.422809E-3
1.305000E-7	3.960727E-3
1.306000E-7	4.323908E-3
1.307000E-7	4.484940E-3
1.308000E-7	4.450678E-3
1.309000E-7	4.299924E-3
1.310000E-7	4.114907E-3
1.311000E-7	3.885350E-3
1.312000E-7	3.806547E-3
1.313000E-7	3.546153E-3
1.314000E-7	3.415957E-3
1.315000E-7	3.289186E-3
1.316000E-7	3.100743E-3
1.317000E-7	2.956842E-3
1.318000E-7	2.850629E-3
1.319000E-7	2.754694E-3
1.320000E-7	2.740989E-3
1.321000E-7	2.919153E-3
1.322000E-7	3.001383E-3
1.323000E-7	3.111022E-3
1.324000E-7	3.141858E-3
1.325000E-7	3.155563E-3
1.326000E-7	3.152137E-3
1.327000E-7	3.165842E-3
1.328000E-7	3.186399E-3
1.329000E-7	3.344006E-3
1.330000E-7	3.484481E-3
1.331000E-7	3.460498E-3
1.332000E-7	3.361137E-3
1.333000E-7	3.313170E-3
1.334000E-7	3.230940E-3
1.335000E-7	3.172694E-3
1.336000E-7	3.179547E-3
1.337000E-7	3.083612E-3
1.338000E-7	2.967120E-3
1.339000E-7	2.809514E-3
1.340000E-7	2.693022E-3
1.341000E-7	2.590235E-3
1.342000E-7	2.494301E-3
1.343000E-7	2.429202E-3
1.344000E-7	2.418924E-3
1.345000E-7	2.436055E-3
1.346000E-7	2.398366E-3
1.347000E-7	2.463465E-3
1.348000E-7	2.555973E-3
1.349000E-7	2.511432E-3
1.350000E-7	2.497727E-3
1.351000E-7	2.484022E-3
1.352000E-7	2.525137E-3
1.353000E-7	2.477170E-3
1.354000E-7	2.624497E-3
1.355000E-7	2.665612E-3
1.356000E-7	2.703301E-3
1.357000E-7	2.823219E-3
1.358000E-7	3.097317E-3
1.359000E-7	3.391973E-3
1.360000E-7	3.864793E-3
1.361000E-7	4.090924E-3
1.362000E-7	3.929891E-3
1.363000E-7	3.470776E-3
1.364000E-7	2.812940E-3
1.365000E-7	2.257891E-3
1.366000E-7	2.031760E-3
1.367000E-7	2.199645E-3
1.368000E-7	2.463465E-3
1.369000E-7	2.672465E-3
1.370000E-7	2.867760E-3
1.371000E-7	2.706727E-3
1.372000E-7	2.569678E-3
1.373000E-7	2.514858E-3
1.374000E-7	2.566252E-3
1.375000E-7	2.744415E-3
1.376000E-7	2.956842E-3
1.377000E-7	2.922579E-3
1.378000E-7	2.949989E-3
1.379000E-7	2.895170E-3
1.380000E-7	2.915727E-3
1.381000E-7	3.049350E-3
1.382000E-7	3.097317E-3
1.383000E-7	3.145284E-3
1.384000E-7	2.967120E-3
1.385000E-7	2.943137E-3
1.386000E-7	2.679317E-3
1.387000E-7	2.388088E-3
1.388000E-7	2.069448E-3
1.389000E-7	1.672005E-3
1.390000E-7	1.476710E-3
1.391000E-7	1.308825E-3
1.392000E-7	1.404760E-3
1.393000E-7	1.689137E-3
1.394000E-7	2.134547E-3
1.395000E-7	2.583383E-3
1.396000E-7	2.802661E-3
1.397000E-7	2.727284E-3
1.398000E-7	2.531989E-3
1.399000E-7	2.374383E-3
1.400000E-7	2.391514E-3
1.401000E-7	2.576530E-3
1.402000E-7	2.878038E-3
1.403000E-7	3.158989E-3
1.404000E-7	3.296039E-3
1.405000E-7	3.378268E-3
1.406000E-7	3.296039E-3
1.407000E-7	3.275481E-3
1.408000E-7	3.330301E-3
1.409000E-7	3.261776E-3
1.410000E-7	3.097317E-3
1.411000E-7	2.782104E-3
1.412000E-7	2.305858E-3
1.413000E-7	2.000924E-3
1.414000E-7	1.658301E-3
1.415000E-7	1.483563E-3
1.416000E-7	1.445874E-3
1.417000E-7	1.600055E-3
1.418000E-7	1.877579E-3
1.419000E-7	2.271596E-3
1.420000E-7	2.562825E-3
1.421000E-7	2.703301E-3
1.422000E-7	2.631350E-3
1.423000E-7	2.552547E-3
1.424000E-7	2.422350E-3
1.425000E-7	2.415497E-3
1.426000E-7	2.638202E-3
1.427000E-7	2.912301E-3
1.428000E-7	3.227514E-3
1.429000E-7	3.419383E-3
1.430000E-7	3.474202E-3
1.431000E-7	3.419383E-3
1.432000E-7	3.429661E-3
1.433000E-7	3.405678E-3
1.434000E-7	3.364563E-3
1.435000E-7	3.248071E-3
1.436000E-7	2.919153E-3
1.437000E-7	2.439481E-3
1.438000E-7	2.066022E-3
1.439000E-7	1.904989E-3
1.440000E-7	1.915268E-3
1.441000E-7	1.994071E-3
1.442000E-7	2.072874E-3
1.443000E-7	2.042038E-3
1.444000E-7	1.949530E-3
1.445000E-7	1.935825E-3
1.446000E-7	1.939251E-3
1.447000E-7	2.059169E-3
1.448000E-7	2.151678E-3
1.449000E-7	2.172235E-3
1.450000E-7	2.220202E-3
1.451000E-7	2.137973E-3
1.452000E-7	2.076301E-3
1.453000E-7	2.233907E-3
1.454000E-7	2.449760E-3
1.455000E-7	2.744415E-3
1.456000E-7	3.069907E-3
1.457000E-7	3.206957E-3
1.458000E-7	3.275481E-3
1.459000E-7	3.302891E-3
1.460000E-7	3.409104E-3
1.461000E-7	3.511891E-3
1.462000E-7	3.717465E-3
1.463000E-7	3.738022E-3
1.464000E-7	3.576989E-3
1.465000E-7	3.381694E-3
1.466000E-7	3.025366E-3
1.467000E-7	2.884891E-3
1.468000E-7	2.830071E-3
1.469000E-7	2.960268E-3
1.470000E-7	3.111022E-3
1.471000E-7	3.162416E-3
1.472000E-7	2.922579E-3
1.473000E-7	2.583383E-3
1.474000E-7	2.134547E-3
1.475000E-7	1.692563E-3
1.476000E-7	1.415038E-3
1.477000E-7	1.360219E-3
1.478000E-7	1.384202E-3
1.479000E-7	1.507546E-3
1.480000E-7	1.582924E-3
1.481000E-7	1.644596E-3
1.482000E-7	1.874153E-3
1.483000E-7	2.271596E-3
1.484000E-7	2.871186E-3
1.485000E-7	3.398825E-3
1.486000E-7	3.916186E-3
1.487000E-7	3.994989E-3
1.488000E-7	3.679776E-3
1.489000E-7	3.248071E-3
1.490000E-7	2.939711E-3
1.491000E-7	2.994530E-3
1.492000E-7	3.419383E-3
1.493000E-7	3.919612E-3
1.494000E-7	4.214268E-3
1.495000E-7	4.221121E-3
1.496000E-7	3.809973E-3
1.497000E-7	3.227514E-3
1.498000E-7	2.655334E-3
1.499000E-7	2.329842E-3
1.500000E-7	2.203071E-3
1.501000E-7	2.525137E-3
1.502000E-7	2.819793E-3
1.503000E-7	3.186399E-3
1.504000E-7	3.285760E-3
1.505000E-7	3.210383E-3
1.506000E-7	3.069907E-3
1.507000E-7	2.960268E-3
1.508000E-7	2.994530E-3
1.509000E-7	3.186399E-3
1.510000E-7	3.570137E-3
1.511000E-7	3.868219E-3
1.512000E-7	4.049809E-3
1.513000E-7	4.073793E-3
1.514000E-7	3.844235E-3
1.515000E-7	3.374842E-3
1.516000E-7	2.994530E-3
1.517000E-7	2.651907E-3
1.518000E-7	2.576530E-3
1.519000E-7	2.603940E-3
1.520000E-7	2.771825E-3
1.521000E-7	2.802661E-3
1.522000E-7	2.809514E-3
1.523000E-7	2.686170E-3
1.524000E-7	2.473743E-3
1.525000E-7	2.449760E-3
1.526000E-7	2.559399E-3
1.527000E-7	2.710153E-3
1.528000E-7	2.871186E-3
1.529000E-7	3.049350E-3
1.530000E-7	3.210383E-3
1.531000E-7	3.179547E-3
1.532000E-7	3.049350E-3
1.533000E-7	2.809514E-3
1.534000E-7	2.631350E-3
1.535000E-7	2.374383E-3
1.536000E-7	2.302432E-3
1.537000E-7	2.422350E-3
1.538000E-7	2.675891E-3
1.539000E-7	2.970547E-3
1.540000E-7	3.213809E-3
1.541000E-7	3.182973E-3
1.542000E-7	3.042497E-3
1.543000E-7	2.850629E-3
1.544000E-7	2.751268E-3
1.545000E-7	2.898596E-3
1.546000E-7	3.148711E-3
1.547000E-7	3.402252E-3
1.548000E-7	3.494760E-3
1.549000E-7	3.371416E-3
1.550000E-7	3.128153E-3
1.551000E-7	2.936284E-3
1.552000E-7	2.888317E-3
1.553000E-7	2.908875E-3
1.554000E-7	2.860907E-3
1.555000E-7	2.860907E-3
1.556000E-7	2.627924E-3
1.557000E-7	2.470317E-3
1.558000E-7	2.305858E-3
1.559000E-7	2.069448E-3
1.560000E-7	1.970087E-3
1.561000E-7	1.867301E-3
1.562000E-7	1.956383E-3
1.563000E-7	2.042038E-3
1.564000E-7	2.131120E-3
1.565000E-7	2.346973E-3
1.566000E-7	2.665612E-3
1.567000E-7	2.991104E-3
1.568000E-7	3.063055E-3
1.569000E-7	3.093891E-3
1.570000E-7	3.059629E-3
1.571000E-7	2.850629E-3
1.572000E-7	2.603940E-3
1.573000E-7	2.281874E-3
1.574000E-7	2.069448E-3
1.575000E-7	1.809055E-3
1.576000E-7	1.552087E-3
1.577000E-7	1.291694E-3
1.578000E-7	1.116956E-3
1.579000E-7	1.195760E-3
1.580000E-7	1.404760E-3
1.581000E-7	1.785071E-3
1.582000E-7	2.069448E-3
1.583000E-7	2.213350E-3
1.584000E-7	2.288727E-3
1.585000E-7	2.302432E-3
1.586000E-7	2.206497E-3
1.587000E-7	2.285301E-3
1.588000E-7	2.377809E-3
1.589000E-7	2.463465E-3
1.590000E-7	2.384661E-3
1.591000E-7	2.182514E-3
1.592000E-7	1.887858E-3
1.593000E-7	1.737104E-3
1.594000E-7	1.665153E-3
1.595000E-7	1.819333E-3
1.596000E-7	1.946104E-3
1.597000E-7	2.175661E-3
1.598000E-7	2.442907E-3
1.599000E-7	2.734137E-3
1.600000E-7	2.943137E-3
1.601000E-7	3.172694E-3
1.602000E-7	3.237793E-3
1.603000E-7	3.244645E-3
1.604000E-7	3.114448E-3
1.605000E-7	2.840350E-3
1.606000E-7	2.401792E-3
1.607000E-7	1.970087E-3
1.608000E-7	1.651448E-3
1.609000E-7	1.569219E-3
1.610000E-7	1.719973E-3
1.611000E-7	1.994071E-3
1.612000E-7	2.230481E-3
1.613000E-7	2.350399E-3
1.614000E-7	2.271596E-3
1.615000E-7	2.185940E-3
1.616000E-7	2.110563E-3
1.617000E-7	2.045465E-3
1.618000E-7	2.285301E-3
1.619000E-7	2.408645E-3
1.620000E-7	2.436055E-3
1.621000E-7	2.312710E-3
1.622000E-7	2.158530E-3
1.623000E-7	2.028333E-3
1.624000E-7	1.987219E-3
1.625000E-7	2.134547E-3
1.626000E-7	2.244186E-3
1.627000E-7	2.480596E-3
1.628000E-7	2.508006E-3
1.629000E-7	2.446333E-3
1.630000E-7	2.418924E-3
1.631000E-7	2.251038E-3
1.632000E-7	2.093432E-3
1.633000E-7	1.963235E-3
1.634000E-7	1.973514E-3
1.635000E-7	1.949530E-3
1.636000E-7	2.028333E-3
1.637000E-7	2.011202E-3
1.638000E-7	1.956383E-3
1.639000E-7	1.887858E-3
1.640000E-7	1.884432E-3
1.641000E-7	2.035186E-3
1.642000E-7	2.305858E-3
1.643000E-7	2.586809E-3
1.644000E-7	2.740989E-3
1.645000E-7	2.854055E-3
1.646000E-7	2.809514E-3
1.647000E-7	2.740989E-3
1.648000E-7	2.778678E-3
1.649000E-7	2.723858E-3
1.650000E-7	2.521711E-3
1.651000E-7	2.487448E-3
1.652000E-7	2.429202E-3
1.653000E-7	2.333268E-3
1.654000E-7	2.538842E-3
1.655000E-7	2.730711E-3
1.656000E-7	2.902022E-3
1.657000E-7	2.936284E-3
1.658000E-7	2.744415E-3
1.659000E-7	2.408645E-3
1.660000E-7	2.141399E-3
1.661000E-7	1.877579E-3
1.662000E-7	1.935825E-3
1.663000E-7	2.127694E-3
1.664000E-7	2.377809E-3
1.665000E-7	2.634776E-3
1.666000E-7	2.782104E-3
1.667000E-7	2.802661E-3
1.668000E-7	2.706727E-3
1.669000E-7	2.788956E-3
1.670000E-7	2.905448E-3
1.671000E-7	3.028793E-3
1.672000E-7	3.111022E-3
1.673000E-7	2.984252E-3
1.674000E-7	2.679317E-3
1.675000E-7	2.257891E-3
1.676000E-7	1.857022E-3
1.677000E-7	1.449301E-3
1.678000E-7	1.435596E-3
1.679000E-7	1.541809E-3
1.680000E-7	1.812481E-3
1.681000E-7	2.107137E-3
1.682000E-7	2.316137E-3
1.683000E-7	2.388088E-3
1.684000E-7	2.336694E-3
1.685000E-7	2.158530E-3
1.686000E-7	1.942678E-3
1.687000E-7	1.925547E-3
1.688000E-7	1.894710E-3
1.689000E-7	2.055743E-3
1.690000E-7	2.213350E-3
1.691000E-7	2.268170E-3
1.692000E-7	2.268170E-3
1.693000E-7	2.412071E-3
1.694000E-7	2.525137E-3
1.695000E-7	2.720432E-3
1.696000E-7	3.162416E-3
1.697000E-7	3.350858E-3
1.698000E-7	3.381694E-3
1.699000E-7	3.227514E-3
1.700000E-7	2.997957E-3
1.701000E-7	2.809514E-3
1.702000E-7	2.771825E-3
1.703000E-7	2.778678E-3
1.704000E-7	2.686170E-3
1.705000E-7	2.621071E-3
1.706000E-7	2.391514E-3
1.707000E-7	2.271596E-3
1.708000E-7	2.100284E-3
1.709000E-7	1.949530E-3
1.710000E-7	1.942678E-3
1.711000E-7	2.124268E-3
1.712000E-7	2.346973E-3
1.713000E-7	2.583383E-3
1.714000E-7	2.799235E-3
1.715000E-7	2.775252E-3
1.716000E-7	2.727284E-3
1.717000E-7	2.497727E-3
1.718000E-7	2.514858E-3
1.719000E-7	2.645055E-3
1.720000E-7	2.857481E-3
1.721000E-7	2.987678E-3
1.722000E-7	2.833497E-3
1.723000E-7	2.518284E-3
1.724000E-7	1.952956E-3
1.725000E-7	1.517825E-3
1.726000E-7	1.349940E-3
1.727000E-7	1.558940E-3
1.728000E-7	1.915268E-3
1.729000E-7	2.357251E-3
1.730000E-7	2.686170E-3
1.731000E-7	2.788956E-3
1.732000E-7	2.747842E-3
1.733000E-7	2.586809E-3
1.734000E-7	2.439481E-3
1.735000E-7	2.343547E-3
1.736000E-7	2.179088E-3
1.737000E-7	2.000924E-3
1.738000E-7	1.829612E-3
1.739000E-7	1.617186E-3
1.740000E-7	1.504120E-3
1.741000E-7	1.418464E-3
1.742000E-7	1.404760E-3
1.743000E-7	1.377350E-3
1.744000E-7	1.380776E-3
1.745000E-7	1.425317E-3
1.746000E-7	1.702842E-3
1.747000E-7	2.182514E-3
1.748000E-7	2.641629E-3
1.749000E-7	3.011661E-3
1.750000E-7	3.076760E-3
1.751000E-7	2.874612E-3
1.752000E-7	2.525137E-3
1.753000E-7	2.144825E-3
1.754000E-7	1.891284E-3
1.755000E-7	1.822760E-3
1.756000E-7	1.994071E-3
1.757000E-7	2.079727E-3
1.758000E-7	2.052317E-3
1.759000E-7	1.802202E-3
1.760000E-7	1.480137E-3
1.761000E-7	1.209464E-3
1.762000E-7	1.051858E-3
1.763000E-7	1.140940E-3
1.764000E-7	1.216317E-3
1.765000E-7	1.356792E-3
1.766000E-7	1.209464E-3
1.767000E-7	1.068989E-3
1.768000E-7	8.908250E-4
1.769000E-7	9.730546E-4
1.770000E-7	1.209464E-3
1.771000E-7	1.651448E-3
1.772000E-7	2.083153E-3
1.773000E-7	2.439481E-3
1.774000E-7	2.634776E-3
1.775000E-7	2.511432E-3
1.776000E-7	2.271596E-3
1.777000E-7	1.946104E-3
1.778000E-7	1.593202E-3
1.779000E-7	1.370497E-3
1.780000E-7	1.360219E-3
1.781000E-7	1.401333E-3
1.782000E-7	1.733678E-3
1.783000E-7	2.220202E-3
1.784000E-7	2.785530E-3
1.785000E-7	3.254924E-3
1.786000E-7	3.607825E-3
1.787000E-7	3.765432E-3
1.788000E-7	3.631809E-3
1.789000E-7	3.361137E-3
1.790000E-7	3.100743E-3
1.791000E-7	2.843776E-3
1.792000E-7	2.672465E-3
1.793000E-7	2.477170E-3
1.794000E-7	2.264743E-3
1.795000E-7	2.117415E-3
1.796000E-7	2.028333E-3
1.797000E-7	2.072874E-3
1.798000E-7	2.240760E-3
1.799000E-7	2.319563E-3
1.800000E-7	2.449760E-3
1.801000E-7	2.480596E-3
1.802000E-7	2.439481E-3
1.803000E-7	2.473743E-3
1.804000E-7	2.501153E-3
1.805000E-7	2.494301E-3
1.806000E-7	2.346973E-3
1.807000E-7	2.117415E-3
1.808000E-7	1.785071E-3
1.809000E-7	1.538383E-3
1.810000E-7	1.504120E-3
1.811000E-7	1.624038E-3
1.812000E-7	1.757661E-3
1.813000E-7	1.891284E-3
1.814000E-7	1.829612E-3
1.815000E-7	1.754235E-3
1.816000E-7	1.606907E-3
1.817000E-7	1.661727E-3
1.818000E-7	1.699415E-3
1.819000E-7	1.884432E-3
1.820000E-7	2.004350E-3
1.821000E-7	2.079727E-3
1.822000E-7	2.206497E-3
1.823000E-7	2.391514E-3
1.824000E-7	2.655334E-3
1.825000E-7	2.895170E-3
1.826000E-7	3.080186E-3
1.827000E-7	3.025366E-3
1.828000E-7	2.888317E-3
1.829000E-7	2.679317E-3
1.830000E-7	2.590235E-3
1.831000E-7	2.514858E-3
1.832000E-7	2.686170E-3
1.833000E-7	2.778678E-3
1.834000E-7	2.740989E-3
1.835000E-7	2.480596E-3
1.836000E-7	2.134547E-3
1.837000E-7	1.881006E-3
1.838000E-7	1.743956E-3
1.839000E-7	1.689137E-3
1.840000E-7	1.613760E-3
1.841000E-7	1.524678E-3
1.842000E-7	1.432169E-3
1.843000E-7	1.387628E-3
1.844000E-7	1.569219E-3
1.845000E-7	1.956383E-3
1.846000E-7	2.586809E-3
1.847000E-7	3.076760E-3
1.848000E-7	3.539301E-3
1.849000E-7	3.861366E-3
1.850000E-7	3.950448E-3
1.851000E-7	3.809973E-3
1.852000E-7	3.559858E-3
1.853000E-7	3.162416E-3
1.854000E-7	2.703301E-3
1.855000E-7	2.240760E-3
1.856000E-7	1.754235E-3
1.857000E-7	1.469858E-3
1.858000E-7	1.421891E-3
1.859000E-7	1.627464E-3
1.860000E-7	2.018055E-3
1.861000E-7	2.603940E-3
1.862000E-7	2.963694E-3
1.863000E-7	3.155563E-3
1.864000E-7	3.107596E-3
1.865000E-7	2.956842E-3
1.866000E-7	2.651907E-3
1.867000E-7	2.436055E-3
1.868000E-7	2.288727E-3
1.869000E-7	2.103710E-3
1.870000E-7	2.052317E-3
1.871000E-7	1.843317E-3
1.872000E-7	1.493842E-3
1.873000E-7	1.216317E-3
1.874000E-7	9.730546E-4
1.875000E-7	1.038153E-3
1.876000E-7	1.346514E-3
1.877000E-7	1.764514E-3
1.878000E-7	2.237333E-3
1.879000E-7	2.634776E-3
1.880000E-7	2.806088E-3
1.881000E-7	2.521711E-3
1.882000E-7	2.062596E-3
1.883000E-7	1.394481E-3
1.884000E-7	8.873988E-4
1.885000E-7	5.653332E-4
1.886000E-7	6.133004E-4
1.887000E-7	1.065563E-3
1.888000E-7	1.579497E-3
1.889000E-7	2.069448E-3
1.890000E-7	2.305858E-3
1.891000E-7	2.353825E-3
1.892000E-7	2.216776E-3
1.893000E-7	2.079727E-3
1.894000E-7	2.079727E-3
1.895000E-7	1.949530E-3
1.896000E-7	1.963235E-3
1.897000E-7	1.956383E-3
1.898000E-7	1.809055E-3
1.899000E-7	1.795350E-3
1.900000E-7	1.764514E-3
1.901000E-7	1.750809E-3
1.902000E-7	1.860448E-3
1.903000E-7	2.072874E-3
1.904000E-7	2.137973E-3
1.905000E-7	2.172235E-3
1.906000E-7	2.206497E-3
1.907000E-7	2.223629E-3
1.908000E-7	2.312710E-3
1.909000E-7	2.607366E-3
1.910000E-7	2.991104E-3
1.911000E-7	3.292612E-3
1.912000E-7	3.508465E-3
1.913000E-7	3.436514E-3
1.914000E-7	3.087038E-3
1.915000E-7	2.655334E-3
1.916000E-7	2.237333E-3
1.917000E-7	2.124268E-3
1.918000E-7	2.251038E-3
1.919000E-7	2.405219E-3
1.920000E-7	2.555973E-3
1.921000E-7	2.511432E-3
1.922000E-7	2.172235E-3
1.923000E-7	1.822760E-3
1.924000E-7	1.606907E-3
1.925000E-7	1.692563E-3
1.926000E-7	2.014628E-3
1.927000E-7	2.603940E-3
1.928000E-7	3.128153E-3
1.929000E-7	3.265202E-3
1.930000E-7	3.220661E-3
1.931000E-7	2.984252E-3
1.932000E-7	2.693022E-3
1.933000E-7	2.480596E-3
1.934000E-7	2.113989E-3
1.935000E-7	1.651448E-3
1.936000E-7	1.274563E-3
1.937000E-7	8.394316E-4
1.938000E-7	7.880381E-4
1.939000E-7	9.319398E-4
1.940000E-7	1.254005E-3
1.941000E-7	1.548661E-3
1.942000E-7	1.853596E-3
1.943000E-7	2.004350E-3
1.944000E-7	2.168809E-3
1.945000E-7	2.439481E-3
1.946000E-7	2.562825E-3
1.947000E-7	2.782104E-3
1.948000E-7	2.823219E-3
1.949000E-7	2.689596E-3
1.950000E-7	2.340120E-3
1.951000E-7	1.956383E-3
1.952000E-7	1.678858E-3
1.953000E-7	1.719973E-3
1.954000E-7	1.994071E-3
1.955000E-7	2.415497E-3
1.956000E-7	2.847202E-3
1.957000E-7	3.008235E-3
1.958000E-7	2.895170E-3
1.959000E-7	2.603940E-3
1.960000E-7	2.292153E-3
1.961000E-7	2.151678E-3
1.962000E-7	2.155104E-3
1.963000E-7	2.422350E-3
1.964000E-7	2.696448E-3
1.965000E-7	2.929432E-3
1.966000E-7	2.929432E-3
1.967000E-7	2.737563E-3
1.968000E-7	2.288727E-3
1.969000E-7	1.894710E-3
1.970000E-7	1.552087E-3
1.971000E-7	1.661727E-3
1.972000E-7	1.932399E-3
1.973000E-7	2.473743E-3
1.974000E-7	2.967120E-3
1.975000E-7	3.234366E-3
1.976000E-7	3.367989E-3
1.977000E-7	3.272055E-3
1.978000E-7	3.200104E-3
1.979000E-7	3.230940E-3
1.980000E-7	3.227514E-3
1.981000E-7	3.323448E-3
1.982000E-7	3.186399E-3
1.983000E-7	2.960268E-3
1.984000E-7	2.717006E-3
1.985000E-7	2.521711E-3
1.986000E-7	2.299006E-3
1.987000E-7	2.199645E-3
1.988000E-7	2.072874E-3
1.989000E-7	1.935825E-3
1.990000E-7	1.737104E-3
1.991000E-7	1.500694E-3
1.992000E-7	1.308825E-3
1.993000E-7	1.254005E-3
1.994000E-7	1.260858E-3
1.995000E-7	1.329382E-3
1.996000E-7	1.401333E-3
1.997000E-7	1.469858E-3
1.998000E-7	1.562366E-3
1.999000E-7	1.761087E-3
2.000000E-7	1.997497E-3
2.001000E-7	2.168809E-3
