Study Name	Beam_cont_045-04_RT_lecroy
Sample Name	2025-03-19
Run Name	spot00
Operator	Elena
Date	3/19/2025
Time	13:51
Sign	FIX
Grating Spacing	03.40um
Channel	3
Number Traces	2000
Files in Batch	6
Batch Number	25
dt	100.000001E-12
time stamp (ms)	1:55:55 PM
	
Time	Amplitude
0.000000E+0	1.113530E-3
1.000000E-10	1.051858E-3
2.000000E-10	7.332185E-4
3.000000E-10	3.837430E-4
4.000000E-10	4.111999E-5
5.000000E-10	-8.565052E-5
6.000000E-10	-7.194560E-5
7.000000E-10	1.713638E-5
8.000000E-10	1.507594E-4
9.000000E-10	1.781692E-4
1.000000E-9	-2.397838E-5
1.100000E-9	-1.199128E-4
1.200000E-9	-1.713063E-4
1.300000E-9	-2.946505E-4
1.400000E-9	-3.152079E-4
1.500000E-9	-3.460440E-4
1.600000E-9	-5.995850E-4
1.700000E-9	-6.715359E-4
1.800000E-9	-9.079457E-4
1.900000E-9	-1.079257E-3
2.000000E-9	-1.051847E-3
2.100000E-9	-8.154375E-4
2.200000E-9	-5.756014E-4
2.300000E-9	-1.404702E-4
2.400000E-9	1.541856E-4
2.500000E-9	3.083659E-4
2.600000E-9	2.158577E-4
2.700000E-9	3.426753E-5
2.800000E-9	-1.062079E-4
2.900000E-9	-2.021423E-4
3.000000E-9	-4.796199E-5
3.100000E-9	-3.425707E-5
3.200000E-9	8.566098E-5
3.300000E-9	8.566098E-5
3.400000E-9	2.398884E-5
3.500000E-9	1.371015E-5
3.600000E-9	4.111999E-5
3.700000E-9	8.908721E-5
3.800000E-9	1.678905E-4
3.900000E-9	2.295626E-4
4.000000E-9	2.227102E-4
4.100000E-9	1.062184E-4
4.200000E-9	1.439069E-4
4.300000E-9	1.815954E-4
4.400000E-9	3.666118E-4
4.500000E-9	6.167266E-4
4.600000E-9	6.098742E-4
4.700000E-9	3.974479E-4
4.800000E-9	4.111999E-5
4.900000E-9	-4.899457E-4
5.000000E-9	-7.537654E-4
5.100000E-9	-7.606178E-4
5.200000E-9	-5.447653E-4
5.300000E-9	-2.397838E-5
5.400000E-9	6.304316E-4
5.500000E-9	1.045005E-3
5.600000E-9	1.295120E-3
5.700000E-9	1.336235E-3
5.800000E-9	1.230022E-3
5.900000E-9	1.226596E-3
6.000000E-9	1.134087E-3
6.100000E-9	9.833333E-4
6.200000E-9	8.188742E-4
6.300000E-9	7.983168E-4
6.400000E-9	7.572021E-4
6.500000E-9	8.531365E-4
6.600000E-9	8.976775E-4
6.700000E-9	9.456447E-4
6.800000E-9	9.285136E-4
6.900000E-9	8.291529E-4
7.000000E-9	6.783988E-4
7.100000E-9	7.297922E-4
7.200000E-9	7.880381E-4
7.300000E-9	9.045300E-4
7.400000E-9	8.873988E-4
7.500000E-9	6.783988E-4
7.600000E-9	2.295626E-4
7.700000E-9	-3.563227E-4
7.800000E-9	-8.462736E-4
7.900000E-9	-1.096388E-3
8.000000E-9	-1.034716E-3
8.100000E-9	-9.593392E-4
8.200000E-9	-9.113720E-4
8.300000E-9	-1.007306E-3
8.400000E-9	-1.195749E-3
8.500000E-9	-1.504110E-3
8.600000E-9	-1.634306E-3
8.700000E-9	-1.754225E-3
8.800000E-9	-1.648011E-3
8.900000E-9	-1.425306E-3
9.000000E-9	-9.798966E-4
9.100000E-9	-5.618965E-4
9.200000E-9	-1.541751E-4
9.300000E-9	2.295626E-4
9.400000E-9	4.248578E-4
9.500000E-9	5.687594E-4
9.600000E-9	5.447758E-4
9.700000E-9	2.501200E-4
9.800000E-9	2.741507E-5
9.900000E-9	-2.021423E-4
1.000000E-8	-3.871588E-4
1.010000E-8	-3.940112E-4
1.020000E-8	-2.706669E-4
1.030000E-8	-1.781587E-4
1.040000E-8	-6.847227E-6
1.050000E-8	1.302020E-4
1.060000E-8	5.233460E-9
1.070000E-8	-1.918636E-4
1.080000E-8	-2.089948E-4
1.090000E-8	-2.055686E-4
1.100000E-8	-8.565052E-5
1.110000E-8	9.251344E-5
1.120000E-8	2.466938E-4
1.130000E-8	3.117922E-4
1.140000E-8	1.884479E-4
1.150000E-8	-2.192735E-4
1.160000E-8	-6.441260E-4
1.170000E-8	-1.072405E-3
1.180000E-8	-1.301962E-3
1.190000E-8	-1.216306E-3
1.200000E-8	-8.462736E-4
1.210000E-8	-3.905850E-4
1.220000E-8	5.139868E-5
1.230000E-8	3.940217E-4
1.240000E-8	4.385627E-4
1.250000E-8	5.139397E-4
1.260000E-8	6.509889E-4
1.270000E-8	7.948906E-4
1.280000E-8	1.024448E-3
1.290000E-8	1.223169E-3
1.300000E-8	1.079268E-3
1.310000E-8	7.469234E-4
1.320000E-8	2.124315E-4
1.330000E-8	-4.351260E-4
1.340000E-8	-9.490605E-4
1.350000E-8	-1.216306E-3
1.360000E-8	-1.319093E-3
1.370000E-8	-9.730441E-4
1.380000E-8	-4.899457E-4
1.390000E-8	-1.027346E-5
1.400000E-8	3.220709E-4
1.410000E-8	5.619070E-4
1.420000E-8	5.173660E-4
1.430000E-8	4.591201E-4
1.440000E-8	3.049397E-4
1.450000E-8	1.815954E-4
1.460000E-8	1.164971E-4
1.470000E-8	7.880852E-5
1.480000E-8	1.713638E-5
1.490000E-8	6.167737E-5
1.500000E-8	1.164971E-4
1.510000E-8	2.843823E-4
1.520000E-8	4.625463E-4
1.530000E-8	5.482020E-4
1.540000E-8	4.556938E-4
1.550000E-8	2.980872E-4
1.560000E-8	2.329889E-4
1.570000E-8	1.610380E-4
1.580000E-8	1.850217E-4
1.590000E-8	2.090053E-4
1.600000E-8	1.267757E-4
1.610000E-8	2.398413E-4
1.620000E-8	4.180053E-4
1.630000E-8	5.961693E-4
1.640000E-8	8.771201E-4
1.650000E-8	1.120382E-3
1.660000E-8	1.079268E-3
1.670000E-8	8.771201E-4
1.680000E-8	5.139397E-4
1.690000E-8	1.473331E-4
1.700000E-8	-8.907675E-5
1.710000E-8	-1.096341E-4
1.720000E-8	3.084130E-5
1.730000E-8	3.700381E-4
1.740000E-8	7.400709E-4
1.750000E-8	9.901857E-4
1.760000E-8	1.185481E-3
1.770000E-8	1.158071E-3
1.780000E-8	1.000464E-3
1.790000E-8	8.565627E-4
1.800000E-8	6.544152E-4
1.810000E-8	4.693987E-4
1.820000E-8	6.030217E-4
1.830000E-8	6.133004E-4
1.840000E-8	4.933824E-4
1.850000E-8	5.482020E-4
1.860000E-8	5.139397E-4
1.870000E-8	4.488414E-4
1.880000E-8	6.167266E-4
1.890000E-8	7.777594E-4
1.900000E-8	7.469234E-4
1.910000E-8	6.030217E-4
1.920000E-8	4.522676E-4
1.930000E-8	3.186446E-4
1.940000E-8	5.447758E-4
1.950000E-8	8.771201E-4
1.960000E-8	1.295120E-3
1.970000E-8	1.548661E-3
1.980000E-8	1.658301E-3
1.990000E-8	1.459579E-3
2.000000E-8	1.147792E-3
2.010000E-8	9.319398E-4
2.020000E-8	7.777594E-4
2.030000E-8	9.045300E-4
2.040000E-8	8.154480E-4
2.050000E-8	6.886775E-4
2.060000E-8	4.043004E-4
2.070000E-8	4.797245E-5
2.080000E-8	-2.672407E-4
2.090000E-8	-2.912243E-4
2.100000E-8	8.223475E-5
2.110000E-8	4.968086E-4
2.120000E-8	9.970382E-4
2.130000E-8	1.288268E-3
2.140000E-8	1.404760E-3
2.150000E-8	1.353366E-3
2.160000E-8	1.099825E-3
2.170000E-8	7.674808E-4
2.180000E-8	5.619070E-4
2.190000E-8	3.837430E-4
2.200000E-8	4.488414E-4
2.210000E-8	1.048432E-3
2.220000E-8	2.494301E-3
2.230000E-8	4.913219E-3
2.240000E-8	8.870515E-3
2.250000E-8	1.408181E-2
2.260000E-8	2.007086E-2
2.270000E-8	2.654986E-2
2.280000E-8	3.274791E-2
2.290000E-8	3.850398E-2
2.300000E-8	4.355424E-2
2.310000E-8	4.774452E-2
2.320000E-8	5.097546E-2
2.330000E-8	5.343891E-2
2.340000E-8	5.471005E-2
2.350000E-8	5.500813E-2
2.360000E-8	5.426464E-2
2.370000E-8	5.269200E-2
2.380000E-8	5.045124E-2
2.390000E-8	4.797408E-2
2.400000E-8	4.533245E-2
2.410000E-8	4.258462E-2
2.420000E-8	4.022737E-2
2.430000E-8	3.828813E-2
2.440000E-8	3.679772E-2
2.450000E-8	3.586578E-2
2.460000E-8	3.560196E-2
2.470000E-8	3.615016E-2
2.480000E-8	3.722257E-2
2.490000E-8	3.864445E-2
2.500000E-8	3.998754E-2
2.510000E-8	4.116273E-2
2.520000E-8	4.185826E-2
2.530000E-8	4.192678E-2
2.540000E-8	4.157388E-2
2.550000E-8	4.095373E-2
2.560000E-8	3.974770E-2
2.570000E-8	3.811339E-2
2.580000E-8	3.611590E-2
2.590000E-8	3.383403E-2
2.600000E-8	3.183311E-2
2.610000E-8	3.020908E-2
2.620000E-8	2.921889E-2
2.630000E-8	2.905101E-2
2.640000E-8	2.955809E-2
2.650000E-8	3.062708E-2
2.660000E-8	3.211063E-2
2.670000E-8	3.379976E-2
2.680000E-8	3.534499E-2
2.690000E-8	3.658529E-2
2.700000E-8	3.723970E-2
2.710000E-8	3.707524E-2
2.720000E-8	3.635573E-2
2.730000E-8	3.506747E-2
2.740000E-8	3.329953E-2
2.750000E-8	3.130547E-2
2.760000E-8	2.922232E-2
2.770000E-8	2.712204E-2
2.780000E-8	2.556996E-2
2.790000E-8	2.447357E-2
2.800000E-8	2.430225E-2
2.810000E-8	2.508344E-2
2.820000E-8	2.659098E-2
2.830000E-8	2.853708E-2
2.840000E-8	3.052771E-2
2.850000E-8	3.235390E-2
2.860000E-8	3.362503E-2
2.870000E-8	3.453640E-2
2.880000E-8	3.487903E-2
2.890000E-8	3.455011E-2
2.900000E-8	3.368327E-2
2.910000E-8	3.207294E-2
2.920000E-8	2.989044E-2
2.930000E-8	2.751948E-2
2.940000E-8	2.535411E-2
2.950000E-8	2.344912E-2
2.960000E-8	2.234588E-2
2.970000E-8	2.189019E-2
2.980000E-8	2.222939E-2
2.990000E-8	2.341143E-2
3.000000E-8	2.521021E-2
3.010000E-8	2.736188E-2
3.020000E-8	2.956494E-2
3.030000E-8	3.143909E-2
3.040000E-8	3.229222E-2
3.050000E-8	3.224083E-2
3.060000E-8	3.129519E-2
3.070000E-8	2.983904E-2
3.080000E-8	2.822529E-2
3.090000E-8	2.675886E-2
3.100000E-8	2.546717E-2
3.110000E-8	2.453524E-2
3.120000E-8	2.349024E-2
3.130000E-8	2.264053E-2
3.140000E-8	2.207178E-2
3.150000E-8	2.206835E-2
3.160000E-8	2.257201E-2
3.170000E-8	2.385342E-2
3.180000E-8	2.539180E-2
3.190000E-8	2.692675E-2
3.200000E-8	2.822871E-2
3.210000E-8	2.923260E-2
3.220000E-8	2.968144E-2
3.230000E-8	2.964032E-2
3.240000E-8	2.898934E-2
3.250000E-8	2.770793E-2
3.260000E-8	2.607362E-2
3.270000E-8	2.409325E-2
3.280000E-8	2.213345E-2
3.290000E-8	2.038265E-2
3.300000E-8	1.901216E-2
3.310000E-8	1.825153E-2
3.320000E-8	1.813161E-2
3.330000E-8	1.858730E-2
3.340000E-8	1.951581E-2
3.350000E-8	2.102335E-2
3.360000E-8	2.270563E-2
3.370000E-8	2.446671E-2
3.380000E-8	2.609417E-2
3.390000E-8	2.730021E-2
3.400000E-8	2.780386E-2
3.410000E-8	2.751263E-2
3.420000E-8	2.620039E-2
3.430000E-8	2.397676E-2
3.440000E-8	2.148932E-2
3.450000E-8	1.917661E-2
3.460000E-8	1.741553E-2
3.470000E-8	1.649045E-2
3.480000E-8	1.639794E-2
3.490000E-8	1.688104E-2
3.500000E-8	1.788493E-2
3.510000E-8	1.912522E-2
3.520000E-8	2.048886E-2
3.530000E-8	2.191075E-2
3.540000E-8	2.340116E-2
3.550000E-8	2.464830E-2
3.560000E-8	2.549458E-2
3.570000E-8	2.563848E-2
3.580000E-8	2.490527E-2
3.590000E-8	2.361016E-2
3.600000E-8	2.183194E-2
3.610000E-8	1.988927E-2
3.620000E-8	1.811791E-2
3.630000E-8	1.689475E-2
3.640000E-8	1.613412E-2
3.650000E-8	1.601420E-2
3.660000E-8	1.633284E-2
3.670000E-8	1.703865E-2
3.680000E-8	1.813161E-2
3.690000E-8	1.940275E-2
3.700000E-8	2.080065E-2
3.710000E-8	2.213688E-2
3.720000E-8	2.322299E-2
3.730000E-8	2.393565E-2
3.740000E-8	2.422003E-2
3.750000E-8	2.382258E-2
3.760000E-8	2.270221E-2
3.770000E-8	2.128032E-2
3.780000E-8	1.958434E-2
3.790000E-8	1.804938E-2
3.800000E-8	1.685020E-2
3.810000E-8	1.608616E-2
3.820000E-8	1.581206E-2
3.830000E-8	1.597652E-2
3.840000E-8	1.634997E-2
3.850000E-8	1.703179E-2
3.860000E-8	1.801170E-2
3.870000E-8	1.940275E-2
3.880000E-8	2.077324E-2
3.890000E-8	2.219170E-2
3.900000E-8	2.313048E-2
3.910000E-8	2.337717E-2
3.920000E-8	2.305511E-2
3.930000E-8	2.204780E-2
3.940000E-8	2.031412E-2
3.950000E-8	1.848109E-2
3.960000E-8	1.666519E-2
3.970000E-8	1.502745E-2
3.980000E-8	1.373234E-2
3.990000E-8	1.302653E-2
4.000000E-8	1.282096E-2
4.010000E-8	1.345481E-2
4.020000E-8	1.468483E-2
4.030000E-8	1.646647E-2
4.040000E-8	1.838858E-2
4.050000E-8	2.021476E-2
4.060000E-8	2.147562E-2
4.070000E-8	2.217799E-2
4.080000E-8	2.214716E-2
4.090000E-8	2.144821E-2
4.100000E-8	2.031412E-2
4.110000E-8	1.888539E-2
4.120000E-8	1.727163E-2
4.130000E-8	1.572640E-2
4.140000E-8	1.438675E-2
4.150000E-8	1.314302E-2
4.160000E-8	1.238925E-2
4.170000E-8	1.215284E-2
4.180000E-8	1.232073E-2
4.190000E-8	1.323211E-2
4.200000E-8	1.453750E-2
4.210000E-8	1.606902E-2
4.220000E-8	1.781640E-2
4.230000E-8	1.943701E-2
4.240000E-8	2.072870E-2
4.250000E-8	2.133514E-2
4.260000E-8	2.132143E-2
4.270000E-8	2.047173E-2
4.280000E-8	1.908753E-2
4.290000E-8	1.717912E-2
4.300000E-8	1.511996E-2
4.310000E-8	1.334174E-2
4.320000E-8	1.207061E-2
4.330000E-8	1.148473E-2
4.340000E-8	1.171771E-2
4.350000E-8	1.231730E-2
4.360000E-8	1.327665E-2
4.370000E-8	1.430109E-2
4.380000E-8	1.537007E-2
4.390000E-8	1.640822E-2
4.400000E-8	1.766565E-2
4.410000E-8	1.895391E-2
4.420000E-8	2.001604E-2
4.430000E-8	2.062591E-2
4.440000E-8	2.051970E-2
4.450000E-8	1.953980E-2
4.460000E-8	1.793289E-2
4.470000E-8	1.602791E-2
4.480000E-8	1.402699E-2
4.490000E-8	1.238583E-2
4.500000E-8	1.125860E-2
4.510000E-8	1.084745E-2
4.520000E-8	1.104960E-2
4.530000E-8	1.179309E-2
4.540000E-8	1.306079E-2
4.550000E-8	1.455463E-2
4.560000E-8	1.611357E-2
4.570000E-8	1.732988E-2
4.580000E-8	1.813847E-2
4.590000E-8	1.843655E-2
4.600000E-8	1.832348E-2
4.610000E-8	1.788493E-2
4.620000E-8	1.726478E-2
4.630000E-8	1.627460E-2
4.640000E-8	1.532896E-2
4.650000E-8	1.412293E-2
4.660000E-8	1.276956E-2
4.670000E-8	1.151556E-2
4.680000E-8	1.055279E-2
4.690000E-8	9.874400E-3
4.700000E-8	9.881253E-3
4.710000E-8	1.046029E-2
4.720000E-8	1.169715E-2
4.730000E-8	1.345138E-2
4.740000E-8	1.535294E-2
4.750000E-8	1.686734E-2
4.760000E-8	1.791576E-2
4.770000E-8	1.828579E-2
4.780000E-8	1.776501E-2
4.790000E-8	1.662750E-2
4.800000E-8	1.491096E-2
4.810000E-8	1.315330E-2
4.820000E-8	1.166632E-2
4.830000E-8	1.059733E-2
4.840000E-8	9.918941E-3
4.850000E-8	9.809302E-3
4.860000E-8	9.953203E-3
4.870000E-8	1.044658E-2
4.880000E-8	1.133055E-2
4.890000E-8	1.255029E-2
4.900000E-8	1.378373E-2
4.910000E-8	1.497263E-2
4.920000E-8	1.613412E-2
4.930000E-8	1.682965E-2
4.940000E-8	1.715857E-2
4.950000E-8	1.702837E-2
4.960000E-8	1.651101E-2
4.970000E-8	1.574696E-2
4.980000E-8	1.477391E-2
4.990000E-8	1.353704E-2
5.000000E-8	1.231388E-2
5.010000E-8	1.107015E-2
5.020000E-8	1.006627E-2
5.030000E-8	9.542056E-3
5.040000E-8	9.545482E-3
5.050000E-8	1.007997E-2
5.060000E-8	1.112840E-2
5.070000E-8	1.237897E-2
5.080000E-8	1.361584E-2
5.090000E-8	1.483216E-2
5.100000E-8	1.584975E-2
5.110000E-8	1.645619E-2
5.120000E-8	1.670973E-2
5.130000E-8	1.629858E-2
5.140000E-8	1.526729E-2
5.150000E-8	1.373576E-2
5.160000E-8	1.190958E-2
5.170000E-8	9.984040E-3
5.180000E-8	8.473072E-3
5.190000E-8	7.578826E-3
5.200000E-8	7.404088E-3
5.210000E-8	8.041367E-3
5.220000E-8	9.288515E-3
5.230000E-8	1.087829E-2
5.240000E-8	1.283124E-2
5.250000E-8	1.474993E-2
5.260000E-8	1.631571E-2
5.270000E-8	1.741553E-2
5.280000E-8	1.798771E-2
5.290000E-8	1.777186E-2
5.300000E-8	1.691530E-2
5.310000E-8	1.554824E-2
5.320000E-8	1.376317E-2
5.330000E-8	1.182735E-2
5.340000E-8	9.932646E-3
5.350000E-8	8.490203E-3
5.360000E-8	7.595957E-3
5.370000E-8	7.369826E-3
5.380000E-8	7.698744E-3
5.390000E-8	8.647810E-3
5.400000E-8	9.973761E-3
5.410000E-8	1.141620E-2
5.420000E-8	1.287920E-2
5.430000E-8	1.411607E-2
5.440000E-8	1.508227E-2
5.450000E-8	1.556537E-2
5.460000E-8	1.564760E-2
5.470000E-8	1.498634E-2
5.480000E-8	1.388994E-2
5.490000E-8	1.238583E-2
5.500000E-8	1.070697E-2
5.510000E-8	9.261105E-3
5.520000E-8	8.336023E-3
5.530000E-8	7.948859E-3
5.540000E-8	8.216105E-3
5.550000E-8	8.654662E-3
5.560000E-8	8.959597E-3
5.570000E-8	9.346761E-3
5.580000E-8	9.757908E-3
5.590000E-8	1.010053E-2
5.600000E-8	1.080976E-2
5.610000E-8	1.176911E-2
5.620000E-8	1.285179E-2
5.630000E-8	1.376660E-2
5.640000E-8	1.428053E-2
5.650000E-8	1.397560E-2
5.660000E-8	1.302996E-2
5.670000E-8	1.164233E-2
5.680000E-8	1.009711E-2
5.690000E-8	8.781433E-3
5.700000E-8	7.719301E-3
5.710000E-8	6.996367E-3
5.720000E-8	6.670875E-3
5.730000E-8	6.660596E-3
5.740000E-8	6.927842E-3
5.750000E-8	7.705597E-3
5.760000E-8	8.798564E-3
5.770000E-8	1.013822E-2
5.780000E-8	1.151214E-2
5.790000E-8	1.269761E-2
5.800000E-8	1.318414E-2
5.810000E-8	1.321155E-2
5.820000E-8	1.274901E-2
5.830000E-8	1.170058E-2
5.840000E-8	1.036778E-2
5.850000E-8	8.956171E-3
5.860000E-8	7.613088E-3
5.870000E-8	6.753105E-3
5.880000E-8	6.314547E-3
5.890000E-8	6.276859E-3
5.900000E-8	6.701711E-3
5.910000E-8	7.335564E-3
5.920000E-8	8.034515E-3
5.930000E-8	8.863662E-3
5.940000E-8	9.730498E-3
5.950000E-8	1.062817E-2
5.960000E-8	1.159779E-2
5.970000E-8	1.241666E-2
5.980000E-8	1.277299E-2
5.990000E-8	1.258112E-2
6.000000E-8	1.168345E-2
6.010000E-8	1.030268E-2
6.020000E-8	8.579285E-3
6.030000E-8	7.171105E-3
6.040000E-8	6.150088E-3
6.050000E-8	5.752645E-3
6.060000E-8	6.071285E-3
6.070000E-8	6.749678E-3
6.080000E-8	7.599383E-3
6.090000E-8	8.507334E-3
6.100000E-8	9.206285E-3
6.110000E-8	9.823007E-3
6.120000E-8	1.027870E-2
6.130000E-8	1.052881E-2
6.140000E-8	1.073438E-2
6.150000E-8	1.094681E-2
6.160000E-8	1.102219E-2
6.170000E-8	1.113183E-2
6.180000E-8	1.096052E-2
6.190000E-8	1.038833E-2
6.200000E-8	9.480384E-3
6.210000E-8	8.120170E-3
6.220000E-8	6.352236E-3
6.230000E-8	4.896088E-3
6.240000E-8	4.135465E-3
6.250000E-8	4.399285E-3
6.260000E-8	5.649859E-3
6.270000E-8	7.489744E-3
6.280000E-8	9.322777E-3
6.290000E-8	1.073438E-2
6.300000E-8	1.126888E-2
6.310000E-8	1.116609E-2
6.320000E-8	1.076865E-2
6.330000E-8	1.036092E-2
6.340000E-8	1.001488E-2
6.350000E-8	9.737351E-3
6.360000E-8	9.226843E-3
6.370000E-8	8.473072E-3
6.380000E-8	7.404088E-3
6.390000E-8	6.283711E-3
6.400000E-8	5.386039E-3
6.410000E-8	5.214727E-3
6.420000E-8	5.560777E-3
6.430000E-8	6.434465E-3
6.440000E-8	7.825515E-3
6.450000E-8	9.271384E-3
6.460000E-8	1.055279E-2
6.470000E-8	1.156696E-2
6.480000E-8	1.206033E-2
6.490000E-8	1.203978E-2
6.500000E-8	1.156696E-2
6.510000E-8	1.053566E-2
6.520000E-8	9.254253E-3
6.530000E-8	7.938580E-3
6.540000E-8	6.903859E-3
6.550000E-8	6.246023E-3
6.560000E-8	6.091842E-3
6.570000E-8	6.341957E-3
6.580000E-8	6.722269E-3
6.590000E-8	7.075170E-3
6.600000E-8	7.256760E-3
6.610000E-8	7.359547E-3
6.620000E-8	7.510301E-3
6.630000E-8	8.048220E-3
6.640000E-8	8.825974E-3
6.650000E-8	9.685958E-3
6.660000E-8	1.033009E-2
6.670000E-8	1.059391E-2
6.680000E-8	1.031638E-2
6.690000E-8	9.744203E-3
6.700000E-8	8.884220E-3
6.710000E-8	7.989974E-3
6.720000E-8	7.191662E-3
6.730000E-8	6.461875E-3
6.740000E-8	5.906826E-3
6.750000E-8	5.547072E-3
6.760000E-8	5.427154E-3
6.770000E-8	5.656711E-3
6.780000E-8	6.201482E-3
6.790000E-8	6.883301E-3
6.800000E-8	7.856351E-3
6.810000E-8	8.712908E-3
6.820000E-8	9.219990E-3
6.830000E-8	9.490662E-3
6.840000E-8	9.422138E-3
6.850000E-8	9.000712E-3
6.860000E-8	8.452515E-3
6.870000E-8	7.863203E-3
6.880000E-8	7.184810E-3
6.890000E-8	6.619482E-3
6.900000E-8	6.002760E-3
6.910000E-8	5.310662E-3
6.920000E-8	4.714498E-3
6.930000E-8	4.440399E-3
6.940000E-8	4.464383E-3
6.950000E-8	5.341498E-3
6.960000E-8	6.753105E-3
6.970000E-8	8.442236E-3
6.980000E-8	1.011766E-2
6.990000E-8	1.128601E-2
7.000000E-8	1.152242E-2
7.010000E-8	1.114211E-2
7.020000E-8	1.023758E-2
7.030000E-8	8.880793E-3
7.040000E-8	7.698744E-3
7.050000E-8	6.595498E-3
7.060000E-8	5.660137E-3
7.070000E-8	4.964613E-3
7.080000E-8	4.567170E-3
7.090000E-8	4.330760E-3
7.100000E-8	4.399285E-3
7.110000E-8	4.786449E-3
7.120000E-8	5.358629E-3
7.130000E-8	6.311121E-3
7.140000E-8	7.359547E-3
7.150000E-8	8.373711E-3
7.160000E-8	9.339908E-3
7.170000E-8	9.833285E-3
7.180000E-8	9.788744E-3
7.190000E-8	9.326203E-3
7.200000E-8	8.524466E-3
7.210000E-8	7.479465E-3
7.220000E-8	6.636613E-3
7.230000E-8	5.978777E-3
7.240000E-8	5.464842E-3
7.250000E-8	5.142776E-3
7.260000E-8	5.067399E-3
7.270000E-8	5.081104E-3
7.280000E-8	5.553924E-3
7.290000E-8	6.191203E-3
7.300000E-8	6.828482E-3
7.310000E-8	7.517154E-3
7.320000E-8	7.983121E-3
7.330000E-8	8.318892E-3
7.340000E-8	8.414826E-3
7.350000E-8	8.459367E-3
7.360000E-8	8.397695E-3
7.370000E-8	8.243515E-3
7.380000E-8	8.044793E-3
7.390000E-8	7.640498E-3
7.400000E-8	7.061465E-3
7.410000E-8	6.324826E-3
7.420000E-8	5.382613E-3
7.430000E-8	4.632268E-3
7.440000E-8	4.269088E-3
7.450000E-8	4.224547E-3
7.460000E-8	4.731629E-3
7.470000E-8	5.475121E-3
7.480000E-8	6.191203E-3
7.490000E-8	6.797646E-3
7.500000E-8	7.164252E-3
7.510000E-8	7.308154E-3
7.520000E-8	7.493170E-3
7.530000E-8	7.746711E-3
7.540000E-8	7.924875E-3
7.550000E-8	7.873482E-3
7.560000E-8	7.455482E-3
7.570000E-8	6.571514E-3
7.580000E-8	5.588186E-3
7.590000E-8	4.635694E-3
7.600000E-8	3.878498E-3
7.610000E-8	3.652366E-3
7.620000E-8	3.827104E-3
7.630000E-8	4.217694E-3
7.640000E-8	5.063973E-3
7.650000E-8	6.047301E-3
7.660000E-8	7.243056E-3
7.670000E-8	8.366859E-3
7.680000E-8	9.058957E-3
7.690000E-8	9.106925E-3
7.700000E-8	8.706056E-3
7.710000E-8	7.712449E-3
7.720000E-8	6.496137E-3
7.730000E-8	5.447711E-3
7.740000E-8	4.690514E-3
7.750000E-8	4.231399E-3
7.760000E-8	4.108055E-3
7.770000E-8	4.156022E-3
7.780000E-8	4.125186E-3
7.790000E-8	4.142317E-3
7.800000E-8	4.190285E-3
7.810000E-8	4.203989E-3
7.820000E-8	4.460957E-3
7.830000E-8	4.841268E-3
7.840000E-8	5.259268E-3
7.850000E-8	5.978777E-3
7.860000E-8	6.667449E-3
7.870000E-8	7.335564E-3
7.880000E-8	7.753564E-3
7.890000E-8	7.780974E-3
7.900000E-8	7.404088E-3
7.910000E-8	6.698285E-3
7.920000E-8	5.649859E-3
7.930000E-8	4.618563E-3
7.940000E-8	3.809973E-3
7.950000E-8	3.426235E-3
7.960000E-8	3.477629E-3
7.970000E-8	3.974432E-3
7.980000E-8	4.878957E-3
7.990000E-8	5.745793E-3
8.000000E-8	6.465301E-3
8.010000E-8	7.003219E-3
8.020000E-8	7.198515E-3
8.030000E-8	7.294449E-3
8.040000E-8	7.366400E-3
8.050000E-8	7.325285E-3
8.060000E-8	7.188236E-3
8.070000E-8	6.797646E-3
8.080000E-8	6.040449E-3
8.090000E-8	4.998875E-3
8.100000E-8	3.981285E-3
8.110000E-8	3.172694E-3
8.120000E-8	2.932858E-3
8.130000E-8	3.261776E-3
8.140000E-8	3.994989E-3
8.150000E-8	4.950908E-3
8.160000E-8	5.759498E-3
8.170000E-8	6.239170E-3
8.180000E-8	6.393350E-3
8.190000E-8	6.427613E-3
8.200000E-8	6.451596E-3
8.210000E-8	6.530400E-3
8.220000E-8	6.766810E-3
8.230000E-8	6.920990E-3
8.240000E-8	6.999793E-3
8.250000E-8	6.927842E-3
8.260000E-8	6.492711E-3
8.270000E-8	5.783482E-3
8.280000E-8	4.817285E-3
8.290000E-8	3.861366E-3
8.300000E-8	3.162416E-3
8.310000E-8	2.926006E-3
8.320000E-8	3.186399E-3
8.330000E-8	3.885350E-3
8.340000E-8	4.872104E-3
8.350000E-8	5.862285E-3
8.360000E-8	6.722269E-3
8.370000E-8	7.129990E-3
8.380000E-8	7.129990E-3
8.390000E-8	7.010072E-3
8.400000E-8	6.643465E-3
8.410000E-8	6.232318E-3
8.420000E-8	5.738941E-3
8.430000E-8	5.207875E-3
8.440000E-8	4.813858E-3
8.450000E-8	4.611711E-3
8.460000E-8	4.467809E-3
8.470000E-8	4.361596E-3
8.480000E-8	4.289645E-3
8.490000E-8	4.430121E-3
8.500000E-8	4.639121E-3
8.510000E-8	5.057121E-3
8.520000E-8	5.584760E-3
8.530000E-8	6.013039E-3
8.540000E-8	6.629760E-3
8.550000E-8	7.119711E-3
8.560000E-8	7.369826E-3
8.570000E-8	7.236203E-3
8.580000E-8	6.698285E-3
8.590000E-8	5.834875E-3
8.600000E-8	4.783022E-3
8.610000E-8	3.851088E-3
8.620000E-8	3.097317E-3
8.630000E-8	2.860907E-3
8.640000E-8	3.015088E-3
8.650000E-8	3.446793E-3
8.660000E-8	3.943596E-3
8.670000E-8	4.495219E-3
8.680000E-8	4.800153E-3
8.690000E-8	5.201022E-3
8.700000E-8	5.440859E-3
8.710000E-8	5.687547E-3
8.720000E-8	5.947941E-3
8.730000E-8	6.386498E-3
8.740000E-8	6.492711E-3
8.750000E-8	6.485859E-3
8.760000E-8	6.198055E-3
8.770000E-8	5.468268E-3
8.780000E-8	4.594580E-3
8.790000E-8	3.542727E-3
8.800000E-8	2.545694E-3
8.810000E-8	2.079727E-3
8.820000E-8	2.367530E-3
8.830000E-8	3.152137E-3
8.840000E-8	4.327334E-3
8.850000E-8	5.434006E-3
8.860000E-8	6.112400E-3
8.870000E-8	6.290564E-3
8.880000E-8	5.875990E-3
8.890000E-8	5.225006E-3
8.900000E-8	4.714498E-3
8.910000E-8	4.704219E-3
8.920000E-8	5.057121E-3
8.930000E-8	5.666990E-3
8.940000E-8	6.095268E-3
8.950000E-8	5.968498E-3
8.960000E-8	5.536793E-3
8.970000E-8	4.783022E-3
8.980000E-8	4.066940E-3
8.990000E-8	3.460498E-3
9.000000E-8	3.100743E-3
9.010000E-8	2.984252E-3
9.020000E-8	3.066481E-3
9.030000E-8	3.203530E-3
9.040000E-8	3.333727E-3
9.050000E-8	3.597547E-3
9.060000E-8	3.827104E-3
9.070000E-8	3.967580E-3
9.080000E-8	4.203989E-3
9.090000E-8	4.430121E-3
9.100000E-8	4.543186E-3
9.110000E-8	4.728203E-3
9.120000E-8	4.830990E-3
9.130000E-8	4.786449E-3
9.140000E-8	4.526055E-3
9.150000E-8	4.323908E-3
9.160000E-8	4.149170E-3
9.170000E-8	4.197137E-3
9.180000E-8	4.327334E-3
9.190000E-8	4.714498E-3
9.200000E-8	4.995449E-3
9.210000E-8	5.084531E-3
9.220000E-8	4.848121E-3
9.230000E-8	4.467809E-3
9.240000E-8	3.991563E-3
9.250000E-8	3.580416E-3
9.260000E-8	3.576989E-3
9.270000E-8	3.809973E-3
9.280000E-8	4.207416E-3
9.290000E-8	4.454104E-3
9.300000E-8	4.810432E-3
9.310000E-8	4.892662E-3
9.320000E-8	4.913219E-3
9.330000E-8	4.745334E-3
9.340000E-8	4.529481E-3
9.350000E-8	4.478088E-3
9.360000E-8	4.293071E-3
9.370000E-8	4.262235E-3
9.380000E-8	4.159448E-3
9.390000E-8	4.323908E-3
9.400000E-8	4.471235E-3
9.410000E-8	4.776170E-3
9.420000E-8	5.129072E-3
9.430000E-8	5.351777E-3
9.440000E-8	5.560777E-3
9.450000E-8	5.605318E-3
9.460000E-8	5.423727E-3
9.470000E-8	5.231858E-3
9.480000E-8	4.978317E-3
9.490000E-8	4.625416E-3
9.500000E-8	4.341039E-3
9.510000E-8	4.084071E-3
9.520000E-8	3.857940E-3
9.530000E-8	3.796268E-3
9.540000E-8	3.707186E-3
9.550000E-8	3.844235E-3
9.560000E-8	4.142317E-3
9.570000E-8	4.556891E-3
9.580000E-8	4.892662E-3
9.590000E-8	5.163334E-3
9.600000E-8	5.098236E-3
9.610000E-8	4.738481E-3
9.620000E-8	4.272514E-3
9.630000E-8	3.785989E-3
9.640000E-8	3.491334E-3
9.650000E-8	3.374842E-3
9.660000E-8	3.371416E-3
9.670000E-8	3.378268E-3
9.680000E-8	3.409104E-3
9.690000E-8	3.391973E-3
9.700000E-8	3.385120E-3
9.710000E-8	3.467350E-3
9.720000E-8	3.662645E-3
9.730000E-8	3.923039E-3
9.740000E-8	4.159448E-3
9.750000E-8	4.289645E-3
9.760000E-8	4.255383E-3
9.770000E-8	4.169727E-3
9.780000E-8	4.049809E-3
9.790000E-8	3.799694E-3
9.800000E-8	3.590694E-3
9.810000E-8	3.525596E-3
9.820000E-8	3.679776E-3
9.830000E-8	4.046383E-3
9.840000E-8	4.502071E-3
9.850000E-8	4.769317E-3
9.860000E-8	4.913219E-3
9.870000E-8	4.875531E-3
9.880000E-8	4.663104E-3
9.890000E-8	4.341039E-3
9.900000E-8	4.001842E-3
9.910000E-8	3.604399E-3
9.920000E-8	3.511891E-3
9.930000E-8	3.696907E-3
9.940000E-8	4.094350E-3
9.950000E-8	4.786449E-3
9.960000E-8	5.427154E-3
9.970000E-8	5.810891E-3
9.980000E-8	5.869137E-3
9.990000E-8	5.553924E-3
1.000000E-7	4.995449E-3
1.001000E-7	4.464383E-3
1.002000E-7	4.029252E-3
1.003000E-7	3.686629E-3
1.004000E-7	3.655793E-3
1.005000E-7	3.755153E-3
1.006000E-7	3.895629E-3
1.007000E-7	4.114907E-3
1.008000E-7	4.447252E-3
1.009000E-7	4.690514E-3
1.010000E-7	4.926924E-3
1.011000E-7	4.988596E-3
1.012000E-7	4.700793E-3
1.013000E-7	4.173153E-3
1.014000E-7	3.316596E-3
1.015000E-7	2.487448E-3
1.016000E-7	2.028333E-3
1.017000E-7	1.980366E-3
1.018000E-7	2.203071E-3
1.019000E-7	2.669038E-3
1.020000E-7	3.083612E-3
1.021000E-7	3.182973E-3
1.022000E-7	3.087038E-3
1.023000E-7	2.984252E-3
1.024000E-7	2.857481E-3
1.025000E-7	2.884891E-3
1.026000E-7	3.069907E-3
1.027000E-7	3.306317E-3
1.028000E-7	3.782563E-3
1.029000E-7	4.200563E-3
1.030000E-7	4.478088E-3
1.031000E-7	4.628842E-3
1.032000E-7	4.724776E-3
1.033000E-7	4.608285E-3
1.034000E-7	4.443826E-3
1.035000E-7	4.395858E-3
1.036000E-7	4.310203E-3
1.037000E-7	4.395858E-3
1.038000E-7	4.399285E-3
1.039000E-7	4.207416E-3
1.040000E-7	4.066940E-3
1.041000E-7	3.792842E-3
1.042000E-7	3.525596E-3
1.043000E-7	3.443366E-3
1.044000E-7	3.669498E-3
1.045000E-7	4.066940E-3
1.046000E-7	4.505498E-3
1.047000E-7	4.772744E-3
1.048000E-7	4.700793E-3
1.049000E-7	4.275940E-3
1.050000E-7	3.518743E-3
1.051000E-7	2.717006E-3
1.052000E-7	2.127694E-3
1.053000E-7	1.908415E-3
1.054000E-7	1.870727E-3
1.055000E-7	2.172235E-3
1.056000E-7	2.559399E-3
1.057000E-7	2.778678E-3
1.058000E-7	3.032219E-3
1.059000E-7	3.398825E-3
1.060000E-7	3.768858E-3
1.061000E-7	4.330760E-3
1.062000E-7	4.700793E-3
1.063000E-7	4.827563E-3
1.064000E-7	4.772744E-3
1.065000E-7	4.406137E-3
1.066000E-7	3.854514E-3
1.067000E-7	3.306317E-3
1.068000E-7	2.874612E-3
1.069000E-7	2.473743E-3
1.070000E-7	2.237333E-3
1.071000E-7	2.052317E-3
1.072000E-7	2.100284E-3
1.073000E-7	2.422350E-3
1.074000E-7	2.922579E-3
1.075000E-7	3.323448E-3
1.076000E-7	3.827104E-3
1.077000E-7	4.012121E-3
1.078000E-7	3.919612E-3
1.079000E-7	3.772284E-3
1.080000E-7	3.659219E-3
1.081000E-7	3.429661E-3
1.082000E-7	3.381694E-3
1.083000E-7	3.470776E-3
1.084000E-7	3.470776E-3
1.085000E-7	3.532448E-3
1.086000E-7	3.470776E-3
1.087000E-7	3.213809E-3
1.088000E-7	3.015088E-3
1.089000E-7	2.850629E-3
1.090000E-7	2.816366E-3
1.091000E-7	3.069907E-3
1.092000E-7	3.549580E-3
1.093000E-7	3.984711E-3
1.094000E-7	4.361596E-3
1.095000E-7	4.416416E-3
1.096000E-7	4.224547E-3
1.097000E-7	3.919612E-3
1.098000E-7	3.734596E-3
1.099000E-7	3.775711E-3
1.100000E-7	3.947022E-3
1.101000E-7	4.293071E-3
1.102000E-7	4.409563E-3
1.103000E-7	4.522629E-3
1.104000E-7	4.299924E-3
1.105000E-7	3.947022E-3
1.106000E-7	3.690055E-3
1.107000E-7	3.470776E-3
1.108000E-7	3.436514E-3
1.109000E-7	3.645514E-3
1.110000E-7	3.964153E-3
1.111000E-7	4.238252E-3
1.112000E-7	4.460957E-3
1.113000E-7	4.481514E-3
1.114000E-7	4.193711E-3
1.115000E-7	3.703760E-3
1.116000E-7	3.261776E-3
1.117000E-7	2.782104E-3
1.118000E-7	2.569678E-3
1.119000E-7	2.645055E-3
1.120000E-7	2.758120E-3
1.121000E-7	2.905448E-3
1.122000E-7	2.967120E-3
1.123000E-7	2.926006E-3
1.124000E-7	2.874612E-3
1.125000E-7	2.991104E-3
1.126000E-7	3.076760E-3
1.127000E-7	3.323448E-3
1.128000E-7	3.597547E-3
1.129000E-7	3.875071E-3
1.130000E-7	4.197137E-3
1.131000E-7	4.323908E-3
1.132000E-7	4.354744E-3
1.133000E-7	4.159448E-3
1.134000E-7	3.724317E-3
1.135000E-7	3.131579E-3
1.136000E-7	2.703301E-3
1.137000E-7	2.535415E-3
1.138000E-7	2.617645E-3
1.139000E-7	2.730711E-3
1.140000E-7	2.888317E-3
1.141000E-7	2.686170E-3
1.142000E-7	2.518284E-3
1.143000E-7	2.370956E-3
1.144000E-7	2.518284E-3
1.145000E-7	2.888317E-3
1.146000E-7	3.457071E-3
1.147000E-7	3.892203E-3
1.148000E-7	4.056662E-3
1.149000E-7	3.981285E-3
1.150000E-7	3.648940E-3
1.151000E-7	3.333727E-3
1.152000E-7	3.107596E-3
1.153000E-7	3.080186E-3
1.154000E-7	3.227514E-3
1.155000E-7	3.501612E-3
1.156000E-7	3.470776E-3
1.157000E-7	3.275481E-3
1.158000E-7	2.850629E-3
1.159000E-7	2.360678E-3
1.160000E-7	2.264743E-3
1.161000E-7	2.463465E-3
1.162000E-7	2.854055E-3
1.163000E-7	3.347432E-3
1.164000E-7	3.762006E-3
1.165000E-7	3.762006E-3
1.166000E-7	3.563284E-3
1.167000E-7	3.323448E-3
1.168000E-7	3.189825E-3
1.169000E-7	3.230940E-3
1.170000E-7	3.402252E-3
1.171000E-7	3.344006E-3
1.172000E-7	3.272055E-3
1.173000E-7	3.172694E-3
1.174000E-7	3.087038E-3
1.175000E-7	3.241219E-3
1.176000E-7	3.439940E-3
1.177000E-7	3.635235E-3
1.178000E-7	3.679776E-3
1.179000E-7	3.467350E-3
1.180000E-7	3.138432E-3
1.181000E-7	2.878038E-3
1.182000E-7	2.802661E-3
1.183000E-7	2.830071E-3
1.184000E-7	3.107596E-3
1.185000E-7	3.422809E-3
1.186000E-7	3.361137E-3
1.187000E-7	3.292612E-3
1.188000E-7	3.083612E-3
1.189000E-7	2.710153E-3
1.190000E-7	2.528563E-3
1.191000E-7	2.357251E-3
1.192000E-7	2.350399E-3
1.193000E-7	2.511432E-3
1.194000E-7	2.806088E-3
1.195000E-7	3.008235E-3
1.196000E-7	3.107596E-3
1.197000E-7	3.251498E-3
1.198000E-7	3.107596E-3
1.199000E-7	2.987678E-3
1.200000E-7	2.970547E-3
1.201000E-7	3.176120E-3
1.202000E-7	3.484481E-3
1.203000E-7	3.912760E-3
1.204000E-7	4.156022E-3
1.205000E-7	4.337612E-3
1.206000E-7	4.114907E-3
1.207000E-7	3.703760E-3
1.208000E-7	3.292612E-3
1.209000E-7	2.881465E-3
1.210000E-7	2.597088E-3
1.211000E-7	2.439481E-3
1.212000E-7	2.579956E-3
1.213000E-7	2.744415E-3
1.214000E-7	3.104170E-3
1.215000E-7	3.357711E-3
1.216000E-7	3.364563E-3
1.217000E-7	3.299465E-3
1.218000E-7	3.063055E-3
1.219000E-7	2.809514E-3
1.220000E-7	2.665612E-3
1.221000E-7	2.699874E-3
1.222000E-7	2.758120E-3
1.223000E-7	3.111022E-3
1.224000E-7	3.398825E-3
1.225000E-7	3.556432E-3
1.226000E-7	3.738022E-3
1.227000E-7	3.806547E-3
1.228000E-7	3.751727E-3
1.229000E-7	3.666071E-3
1.230000E-7	3.525596E-3
1.231000E-7	3.248071E-3
1.232000E-7	2.871186E-3
1.233000E-7	2.562825E-3
1.234000E-7	2.213350E-3
1.235000E-7	2.168809E-3
1.236000E-7	2.209924E-3
1.237000E-7	2.302432E-3
1.238000E-7	2.446333E-3
1.239000E-7	2.679317E-3
1.240000E-7	2.771825E-3
1.241000E-7	2.867760E-3
1.242000E-7	3.011661E-3
1.243000E-7	3.114448E-3
1.244000E-7	3.176120E-3
1.245000E-7	3.182973E-3
1.246000E-7	2.967120E-3
1.247000E-7	2.854055E-3
1.248000E-7	2.843776E-3
1.249000E-7	2.871186E-3
1.250000E-7	3.080186E-3
1.251000E-7	3.244645E-3
1.252000E-7	3.213809E-3
1.253000E-7	3.063055E-3
1.254000E-7	2.936284E-3
1.255000E-7	2.754694E-3
1.256000E-7	2.867760E-3
1.257000E-7	3.179547E-3
1.258000E-7	3.333727E-3
1.259000E-7	3.429661E-3
1.260000E-7	3.248071E-3
1.261000E-7	2.802661E-3
1.262000E-7	2.470317E-3
1.263000E-7	2.134547E-3
1.264000E-7	1.798776E-3
1.265000E-7	1.586350E-3
1.266000E-7	1.528104E-3
1.267000E-7	1.617186E-3
1.268000E-7	1.918694E-3
1.269000E-7	2.357251E-3
1.270000E-7	2.854055E-3
1.271000E-7	3.278907E-3
1.272000E-7	3.511891E-3
1.273000E-7	3.316596E-3
1.274000E-7	2.994530E-3
1.275000E-7	2.734137E-3
1.276000E-7	2.494301E-3
1.277000E-7	2.364104E-3
1.278000E-7	2.384661E-3
1.279000E-7	2.384661E-3
1.280000E-7	2.583383E-3
1.281000E-7	2.943137E-3
1.282000E-7	3.241219E-3
1.283000E-7	3.666071E-3
1.284000E-7	3.919612E-3
1.285000E-7	3.878498E-3
1.286000E-7	3.611252E-3
1.287000E-7	3.275481E-3
1.288000E-7	2.987678E-3
1.289000E-7	2.809514E-3
1.290000E-7	2.888317E-3
1.291000E-7	3.028793E-3
1.292000E-7	3.230940E-3
1.293000E-7	3.193252E-3
1.294000E-7	2.884891E-3
1.295000E-7	2.497727E-3
1.296000E-7	2.127694E-3
1.297000E-7	1.737104E-3
1.298000E-7	1.740530E-3
1.299000E-7	2.028333E-3
1.300000E-7	2.305858E-3
1.301000E-7	2.682743E-3
1.302000E-7	2.864334E-3
1.303000E-7	2.867760E-3
1.304000E-7	2.740989E-3
1.305000E-7	2.514858E-3
1.306000E-7	2.254465E-3
1.307000E-7	2.117415E-3
1.308000E-7	2.185940E-3
1.309000E-7	2.329842E-3
1.310000E-7	2.658760E-3
1.311000E-7	2.908875E-3
1.312000E-7	2.922579E-3
1.313000E-7	2.737563E-3
1.314000E-7	2.487448E-3
1.315000E-7	2.257891E-3
1.316000E-7	2.206497E-3
1.317000E-7	2.364104E-3
1.318000E-7	2.418924E-3
1.319000E-7	2.360678E-3
1.320000E-7	2.350399E-3
1.321000E-7	2.220202E-3
1.322000E-7	2.233907E-3
1.323000E-7	2.275022E-3
1.324000E-7	2.316137E-3
1.325000E-7	2.573104E-3
1.326000E-7	2.710153E-3
1.327000E-7	2.771825E-3
1.328000E-7	2.895170E-3
1.329000E-7	3.008235E-3
1.330000E-7	3.045924E-3
1.331000E-7	3.008235E-3
1.332000E-7	2.806088E-3
1.333000E-7	2.425776E-3
1.334000E-7	2.151678E-3
1.335000E-7	2.007776E-3
1.336000E-7	2.007776E-3
1.337000E-7	2.151678E-3
1.338000E-7	2.299006E-3
1.339000E-7	2.261317E-3
1.340000E-7	2.141399E-3
1.341000E-7	2.062596E-3
1.342000E-7	2.113989E-3
1.343000E-7	2.559399E-3
1.344000E-7	2.997957E-3
1.345000E-7	3.405678E-3
1.346000E-7	3.549580E-3
1.347000E-7	3.525596E-3
1.348000E-7	3.049350E-3
1.349000E-7	2.569678E-3
1.350000E-7	2.137973E-3
1.351000E-7	1.843317E-3
1.352000E-7	1.877579E-3
1.353000E-7	2.196219E-3
1.354000E-7	2.549120E-3
1.355000E-7	2.833497E-3
1.356000E-7	3.063055E-3
1.357000E-7	3.111022E-3
1.358000E-7	2.864334E-3
1.359000E-7	2.597088E-3
1.360000E-7	2.268170E-3
1.361000E-7	2.288727E-3
1.362000E-7	2.617645E-3
1.363000E-7	3.045924E-3
1.364000E-7	3.525596E-3
1.365000E-7	3.988137E-3
1.366000E-7	4.001842E-3
1.367000E-7	3.690055E-3
1.368000E-7	3.104170E-3
1.369000E-7	2.542268E-3
1.370000E-7	2.216776E-3
1.371000E-7	2.230481E-3
1.372000E-7	2.521711E-3
1.373000E-7	3.193252E-3
1.374000E-7	3.851088E-3
1.375000E-7	4.073793E-3
1.376000E-7	3.936744E-3
1.377000E-7	3.436514E-3
1.378000E-7	2.761547E-3
1.379000E-7	2.179088E-3
1.380000E-7	1.839891E-3
1.381000E-7	1.668579E-3
1.382000E-7	1.672005E-3
1.383000E-7	1.747383E-3
1.384000E-7	1.750809E-3
1.385000E-7	1.795350E-3
1.386000E-7	1.997497E-3
1.387000E-7	2.322989E-3
1.388000E-7	2.871186E-3
1.389000E-7	3.477629E-3
1.390000E-7	3.905907E-3
1.391000E-7	4.162875E-3
1.392000E-7	4.138891E-3
1.393000E-7	3.909334E-3
1.394000E-7	3.755153E-3
1.395000E-7	3.607825E-3
1.396000E-7	3.350858E-3
1.397000E-7	3.141858E-3
1.398000E-7	3.100743E-3
1.399000E-7	2.973973E-3
1.400000E-7	2.929432E-3
1.401000E-7	2.902022E-3
1.402000E-7	2.905448E-3
1.403000E-7	2.888317E-3
1.404000E-7	2.816366E-3
1.405000E-7	2.679317E-3
1.406000E-7	2.508006E-3
1.407000E-7	2.453186E-3
1.408000E-7	2.408645E-3
1.409000E-7	2.528563E-3
1.410000E-7	2.799235E-3
1.411000E-7	3.059629E-3
1.412000E-7	3.292612E-3
1.413000E-7	3.306317E-3
1.414000E-7	3.090465E-3
1.415000E-7	2.751268E-3
1.416000E-7	2.384661E-3
1.417000E-7	2.069448E-3
1.418000E-7	1.966661E-3
1.419000E-7	2.107137E-3
1.420000E-7	2.216776E-3
1.421000E-7	2.449760E-3
1.422000E-7	2.477170E-3
1.423000E-7	2.484022E-3
1.424000E-7	2.360678E-3
1.425000E-7	2.302432E-3
1.426000E-7	2.302432E-3
1.427000E-7	2.436055E-3
1.428000E-7	2.662186E-3
1.429000E-7	2.878038E-3
1.430000E-7	3.169268E-3
1.431000E-7	3.299465E-3
1.432000E-7	3.234366E-3
1.433000E-7	2.994530E-3
1.434000E-7	2.634776E-3
1.435000E-7	2.384661E-3
1.436000E-7	2.264743E-3
1.437000E-7	2.477170E-3
1.438000E-7	2.675891E-3
1.439000E-7	2.754694E-3
1.440000E-7	2.651907E-3
1.441000E-7	2.216776E-3
1.442000E-7	1.952956E-3
1.443000E-7	1.757661E-3
1.444000E-7	1.778219E-3
1.445000E-7	2.011202E-3
1.446000E-7	2.312710E-3
1.447000E-7	2.730711E-3
1.448000E-7	3.090465E-3
1.449000E-7	3.313170E-3
1.450000E-7	3.230940E-3
1.451000E-7	3.111022E-3
1.452000E-7	2.926006E-3
1.453000E-7	2.566252E-3
1.454000E-7	2.292153E-3
1.455000E-7	2.038612E-3
1.456000E-7	1.904989E-3
1.457000E-7	2.028333E-3
1.458000E-7	2.206497E-3
1.459000E-7	2.292153E-3
1.460000E-7	2.357251E-3
1.461000E-7	2.329842E-3
1.462000E-7	2.069448E-3
1.463000E-7	1.891284E-3
1.464000E-7	1.637743E-3
1.465000E-7	1.555514E-3
1.466000E-7	1.689137E-3
1.467000E-7	1.857022E-3
1.468000E-7	2.079727E-3
1.469000E-7	2.254465E-3
1.470000E-7	2.418924E-3
1.471000E-7	2.343547E-3
1.472000E-7	2.549120E-3
1.473000E-7	2.758120E-3
1.474000E-7	2.949989E-3
1.475000E-7	3.296039E-3
1.476000E-7	3.453645E-3
1.477000E-7	3.234366E-3
1.478000E-7	2.929432E-3
1.479000E-7	2.597088E-3
1.480000E-7	2.425776E-3
1.481000E-7	2.405219E-3
1.482000E-7	2.497727E-3
1.483000E-7	2.460038E-3
1.484000E-7	2.453186E-3
1.485000E-7	2.137973E-3
1.486000E-7	1.781645E-3
1.487000E-7	1.555514E-3
1.488000E-7	1.534956E-3
1.489000E-7	1.658301E-3
1.490000E-7	2.124268E-3
1.491000E-7	2.740989E-3
1.492000E-7	3.333727E-3
1.493000E-7	3.738022E-3
1.494000E-7	3.724317E-3
1.495000E-7	3.285760E-3
1.496000E-7	2.840350E-3
1.497000E-7	2.223629E-3
1.498000E-7	1.877579E-3
1.499000E-7	1.809055E-3
1.500000E-7	2.254465E-3
1.501000E-7	2.679317E-3
1.502000E-7	3.148711E-3
1.503000E-7	3.463924E-3
1.504000E-7	3.381694E-3
1.505000E-7	3.090465E-3
1.506000E-7	2.655334E-3
1.507000E-7	2.168809E-3
1.508000E-7	1.737104E-3
1.509000E-7	1.469858E-3
1.510000E-7	1.336235E-3
1.511000E-7	1.332809E-3
1.512000E-7	1.531530E-3
1.513000E-7	1.723399E-3
1.514000E-7	2.011202E-3
1.515000E-7	2.172235E-3
1.516000E-7	2.148251E-3
1.517000E-7	2.086579E-3
1.518000E-7	1.983792E-3
1.519000E-7	1.791924E-3
1.520000E-7	1.863874E-3
1.521000E-7	1.819333E-3
1.522000E-7	1.699415E-3
1.523000E-7	1.702842E-3
1.524000E-7	1.757661E-3
1.525000E-7	1.904989E-3
1.526000E-7	2.336694E-3
1.527000E-7	2.706727E-3
1.528000E-7	2.905448E-3
1.529000E-7	2.624497E-3
1.530000E-7	2.113989E-3
1.531000E-7	1.336235E-3
1.532000E-7	8.085955E-4
1.533000E-7	6.646939E-4
1.534000E-7	8.634152E-4
1.535000E-7	1.411612E-3
1.536000E-7	2.048891E-3
1.537000E-7	2.408645E-3
1.538000E-7	2.511432E-3
1.539000E-7	2.477170E-3
1.540000E-7	2.357251E-3
1.541000E-7	2.271596E-3
1.542000E-7	2.394940E-3
1.543000E-7	2.439481E-3
1.544000E-7	2.672465E-3
1.545000E-7	2.833497E-3
1.546000E-7	3.073334E-3
1.547000E-7	3.200104E-3
1.548000E-7	3.272055E-3
1.549000E-7	3.333727E-3
1.550000E-7	3.470776E-3
1.551000E-7	3.529022E-3
1.552000E-7	3.415957E-3
1.553000E-7	3.268629E-3
1.554000E-7	3.004809E-3
1.555000E-7	2.682743E-3
1.556000E-7	2.453186E-3
1.557000E-7	2.340120E-3
1.558000E-7	2.312710E-3
1.559000E-7	2.590235E-3
1.560000E-7	2.775252E-3
1.561000E-7	2.943137E-3
1.562000E-7	3.128153E-3
1.563000E-7	2.932858E-3
1.564000E-7	2.689596E-3
1.565000E-7	2.391514E-3
1.566000E-7	2.203071E-3
1.567000E-7	2.179088E-3
1.568000E-7	2.381235E-3
1.569000E-7	2.679317E-3
1.570000E-7	2.860907E-3
1.571000E-7	2.891743E-3
1.572000E-7	2.672465E-3
1.573000E-7	2.268170E-3
1.574000E-7	1.956383E-3
1.575000E-7	1.788497E-3
1.576000E-7	1.805628E-3
1.577000E-7	2.069448E-3
1.578000E-7	2.442907E-3
1.579000E-7	2.806088E-3
1.580000E-7	3.145284E-3
1.581000E-7	3.193252E-3
1.582000E-7	2.932858E-3
1.583000E-7	2.542268E-3
1.584000E-7	2.048891E-3
1.585000E-7	1.589776E-3
1.586000E-7	1.408186E-3
1.587000E-7	1.610333E-3
1.588000E-7	1.952956E-3
1.589000E-7	2.309284E-3
1.590000E-7	2.720432E-3
1.591000E-7	2.823219E-3
1.592000E-7	2.915727E-3
1.593000E-7	2.963694E-3
1.594000E-7	3.018514E-3
1.595000E-7	3.059629E-3
1.596000E-7	3.135006E-3
1.597000E-7	3.196678E-3
1.598000E-7	3.275481E-3
1.599000E-7	3.155563E-3
1.600000E-7	3.063055E-3
1.601000E-7	3.021940E-3
1.602000E-7	2.960268E-3
1.603000E-7	2.764973E-3
1.604000E-7	2.562825E-3
1.605000E-7	2.425776E-3
1.606000E-7	2.233907E-3
1.607000E-7	2.137973E-3
1.608000E-7	2.192792E-3
1.609000E-7	2.346973E-3
1.610000E-7	2.641629E-3
1.611000E-7	2.884891E-3
1.612000E-7	2.949989E-3
1.613000E-7	2.871186E-3
1.614000E-7	2.679317E-3
1.615000E-7	2.535415E-3
1.616000E-7	2.429202E-3
1.617000E-7	2.374383E-3
1.618000E-7	2.418924E-3
1.619000E-7	2.370956E-3
1.620000E-7	2.405219E-3
1.621000E-7	2.299006E-3
1.622000E-7	2.343547E-3
1.623000E-7	2.576530E-3
1.624000E-7	2.854055E-3
1.625000E-7	3.087038E-3
1.626000E-7	3.121301E-3
1.627000E-7	2.871186E-3
1.628000E-7	2.439481E-3
1.629000E-7	2.175661E-3
1.630000E-7	1.843317E-3
1.631000E-7	1.863874E-3
1.632000E-7	2.021481E-3
1.633000E-7	2.209924E-3
1.634000E-7	2.364104E-3
1.635000E-7	2.573104E-3
1.636000E-7	2.655334E-3
1.637000E-7	2.785530E-3
1.638000E-7	2.874612E-3
1.639000E-7	2.775252E-3
1.640000E-7	2.751268E-3
1.641000E-7	2.638202E-3
1.642000E-7	2.405219E-3
1.643000E-7	2.137973E-3
1.644000E-7	1.857022E-3
1.645000E-7	1.555514E-3
1.646000E-7	1.456153E-3
1.647000E-7	1.586350E-3
1.648000E-7	1.826186E-3
1.649000E-7	2.062596E-3
1.650000E-7	2.360678E-3
1.651000E-7	2.538842E-3
1.652000E-7	2.740989E-3
1.653000E-7	2.912301E-3
1.654000E-7	2.987678E-3
1.655000E-7	3.025366E-3
1.656000E-7	2.884891E-3
1.657000E-7	2.473743E-3
1.658000E-7	1.956383E-3
1.659000E-7	1.552087E-3
1.660000E-7	1.353366E-3
1.661000E-7	1.534956E-3
1.662000E-7	2.018055E-3
1.663000E-7	2.302432E-3
1.664000E-7	2.521711E-3
1.665000E-7	2.518284E-3
1.666000E-7	2.271596E-3
1.667000E-7	2.048891E-3
1.668000E-7	2.045465E-3
1.669000E-7	1.939251E-3
1.670000E-7	1.997497E-3
1.671000E-7	1.829612E-3
1.672000E-7	1.569219E-3
1.673000E-7	1.473284E-3
1.674000E-7	1.490415E-3
1.675000E-7	1.658301E-3
1.676000E-7	1.997497E-3
1.677000E-7	2.322989E-3
1.678000E-7	2.528563E-3
1.679000E-7	2.477170E-3
1.680000E-7	2.340120E-3
1.681000E-7	2.055743E-3
1.682000E-7	1.809055E-3
1.683000E-7	1.695989E-3
1.684000E-7	1.572645E-3
1.685000E-7	1.726825E-3
1.686000E-7	1.863874E-3
1.687000E-7	2.038612E-3
1.688000E-7	2.203071E-3
1.689000E-7	2.442907E-3
1.690000E-7	2.545694E-3
1.691000E-7	2.751268E-3
1.692000E-7	2.912301E-3
1.693000E-7	2.922579E-3
1.694000E-7	2.898596E-3
1.695000E-7	2.634776E-3
1.696000E-7	2.285301E-3
1.697000E-7	1.881006E-3
1.698000E-7	1.576071E-3
1.699000E-7	1.308825E-3
1.700000E-7	1.192333E-3
1.701000E-7	1.209464E-3
1.702000E-7	1.171776E-3
1.703000E-7	1.356792E-3
1.704000E-7	1.603481E-3
1.705000E-7	1.990645E-3
1.706000E-7	2.542268E-3
1.707000E-7	3.018514E-3
1.708000E-7	3.244645E-3
1.709000E-7	3.244645E-3
1.710000E-7	2.826645E-3
1.711000E-7	2.113989E-3
1.712000E-7	1.603481E-3
1.713000E-7	1.336235E-3
1.714000E-7	1.425317E-3
1.715000E-7	1.928973E-3
1.716000E-7	2.514858E-3
1.717000E-7	2.710153E-3
1.718000E-7	2.864334E-3
1.719000E-7	2.473743E-3
1.720000E-7	2.216776E-3
1.721000E-7	1.949530E-3
1.722000E-7	1.983792E-3
1.723000E-7	2.137973E-3
1.724000E-7	2.312710E-3
1.725000E-7	2.484022E-3
1.726000E-7	2.504579E-3
1.727000E-7	2.501153E-3
1.728000E-7	2.511432E-3
1.729000E-7	2.562825E-3
1.730000E-7	2.453186E-3
1.731000E-7	2.350399E-3
1.732000E-7	2.076301E-3
1.733000E-7	1.857022E-3
1.734000E-7	1.791924E-3
1.735000E-7	1.846743E-3
1.736000E-7	2.062596E-3
1.737000E-7	2.391514E-3
1.738000E-7	2.569678E-3
1.739000E-7	2.631350E-3
1.740000E-7	2.566252E-3
1.741000E-7	2.336694E-3
1.742000E-7	2.117415E-3
1.743000E-7	1.874153E-3
1.744000E-7	1.761087E-3
1.745000E-7	1.884432E-3
1.746000E-7	1.987219E-3
1.747000E-7	1.942678E-3
1.748000E-7	1.723399E-3
1.749000E-7	1.391055E-3
1.750000E-7	9.867595E-4
1.751000E-7	8.462840E-4
1.752000E-7	8.942513E-4
1.753000E-7	1.041579E-3
1.754000E-7	1.397907E-3
1.755000E-7	1.713120E-3
1.756000E-7	1.829612E-3
1.757000E-7	1.839891E-3
1.758000E-7	1.839891E-3
1.759000E-7	1.833038E-3
1.760000E-7	2.035186E-3
1.761000E-7	2.326415E-3
1.762000E-7	2.638202E-3
1.763000E-7	2.919153E-3
1.764000E-7	3.011661E-3
1.765000E-7	2.929432E-3
1.766000E-7	2.809514E-3
1.767000E-7	2.631350E-3
1.768000E-7	2.439481E-3
1.769000E-7	2.329842E-3
1.770000E-7	2.237333E-3
1.771000E-7	2.168809E-3
1.772000E-7	2.175661E-3
1.773000E-7	2.182514E-3
1.774000E-7	2.072874E-3
1.775000E-7	1.997497E-3
1.776000E-7	1.963235E-3
1.777000E-7	1.884432E-3
1.778000E-7	1.795350E-3
1.779000E-7	1.627464E-3
1.780000E-7	1.425317E-3
1.781000E-7	1.319104E-3
1.782000E-7	1.432169E-3
1.783000E-7	1.589776E-3
1.784000E-7	1.939251E-3
1.785000E-7	2.233907E-3
1.786000E-7	2.412071E-3
1.787000E-7	2.305858E-3
1.788000E-7	2.182514E-3
1.789000E-7	1.963235E-3
1.790000E-7	2.011202E-3
1.791000E-7	2.093432E-3
1.792000E-7	2.271596E-3
1.793000E-7	2.562825E-3
1.794000E-7	2.840350E-3
1.795000E-7	3.015088E-3
1.796000E-7	3.172694E-3
1.797000E-7	3.107596E-3
1.798000E-7	2.977399E-3
1.799000E-7	2.751268E-3
1.800000E-7	2.508006E-3
1.801000E-7	2.182514E-3
1.802000E-7	2.120842E-3
1.803000E-7	2.079727E-3
1.804000E-7	2.024907E-3
1.805000E-7	2.117415E-3
1.806000E-7	2.192792E-3
1.807000E-7	2.079727E-3
1.808000E-7	2.031760E-3
1.809000E-7	1.877579E-3
1.810000E-7	1.829612E-3
1.811000E-7	1.709694E-3
1.812000E-7	1.620612E-3
1.813000E-7	1.493842E-3
1.814000E-7	1.576071E-3
1.815000E-7	1.672005E-3
1.816000E-7	1.713120E-3
1.817000E-7	1.822760E-3
1.818000E-7	1.822760E-3
1.819000E-7	1.531530E-3
1.820000E-7	1.267710E-3
1.821000E-7	1.134087E-3
1.822000E-7	9.867595E-4
1.823000E-7	1.206038E-3
1.824000E-7	1.548661E-3
1.825000E-7	1.740530E-3
1.826000E-7	1.966661E-3
1.827000E-7	2.000924E-3
1.828000E-7	1.836465E-3
1.829000E-7	1.661727E-3
1.830000E-7	1.504120E-3
1.831000E-7	1.493842E-3
1.832000E-7	1.791924E-3
1.833000E-7	2.069448E-3
1.834000E-7	2.257891E-3
1.835000E-7	2.360678E-3
1.836000E-7	2.360678E-3
1.837000E-7	2.048891E-3
1.838000E-7	1.713120E-3
1.839000E-7	1.384202E-3
1.840000E-7	1.202612E-3
1.841000E-7	1.301973E-3
1.842000E-7	1.593202E-3
1.843000E-7	1.994071E-3
1.844000E-7	2.456612E-3
1.845000E-7	2.754694E-3
1.846000E-7	2.737563E-3
1.847000E-7	2.675891E-3
1.848000E-7	2.504579E-3
1.849000E-7	2.340120E-3
1.850000E-7	2.412071E-3
1.851000E-7	2.624497E-3
1.852000E-7	2.802661E-3
1.853000E-7	2.895170E-3
1.854000E-7	2.816366E-3
1.855000E-7	2.518284E-3
1.856000E-7	2.069448E-3
1.857000E-7	1.661727E-3
1.858000E-7	1.346514E-3
1.859000E-7	1.325956E-3
1.860000E-7	1.288268E-3
1.861000E-7	1.325956E-3
1.862000E-7	1.452727E-3
1.863000E-7	1.630891E-3
1.864000E-7	1.719973E-3
1.865000E-7	1.699415E-3
1.866000E-7	1.617186E-3
1.867000E-7	1.418464E-3
1.868000E-7	1.288268E-3
1.869000E-7	1.120382E-3
1.870000E-7	1.096399E-3
1.871000E-7	1.219743E-3
1.872000E-7	1.504120E-3
1.873000E-7	1.661727E-3
1.874000E-7	1.819333E-3
1.875000E-7	1.692563E-3
1.876000E-7	1.360219E-3
1.877000E-7	1.000464E-3
1.878000E-7	8.702677E-4
1.879000E-7	1.003891E-3
1.880000E-7	1.411612E-3
1.881000E-7	1.956383E-3
1.882000E-7	2.470317E-3
1.883000E-7	2.788956E-3
1.884000E-7	2.819793E-3
1.885000E-7	2.456612E-3
1.886000E-7	2.079727E-3
1.887000E-7	1.644596E-3
1.888000E-7	1.325956E-3
1.889000E-7	1.154645E-3
1.890000E-7	1.250579E-3
1.891000E-7	1.415038E-3
1.892000E-7	1.723399E-3
1.893000E-7	1.963235E-3
1.894000E-7	2.148251E-3
1.895000E-7	2.161956E-3
1.896000E-7	2.216776E-3
1.897000E-7	2.340120E-3
1.898000E-7	2.672465E-3
1.899000E-7	2.967120E-3
1.900000E-7	3.158989E-3
1.901000E-7	3.193252E-3
1.902000E-7	3.042497E-3
1.903000E-7	2.686170E-3
1.904000E-7	2.559399E-3
1.905000E-7	2.552547E-3
1.906000E-7	2.549120E-3
1.907000E-7	2.617645E-3
1.908000E-7	2.617645E-3
1.909000E-7	2.336694E-3
1.910000E-7	2.165383E-3
1.911000E-7	2.031760E-3
1.912000E-7	1.956383E-3
1.913000E-7	2.066022E-3
1.914000E-7	2.165383E-3
1.915000E-7	2.141399E-3
1.916000E-7	2.179088E-3
1.917000E-7	2.189366E-3
1.918000E-7	2.124268E-3
1.919000E-7	1.952956E-3
1.920000E-7	1.860448E-3
1.921000E-7	1.730251E-3
1.922000E-7	1.754235E-3
1.923000E-7	1.870727E-3
1.924000E-7	2.137973E-3
1.925000E-7	2.525137E-3
1.926000E-7	2.782104E-3
1.927000E-7	2.902022E-3
1.928000E-7	3.032219E-3
1.929000E-7	3.090465E-3
1.930000E-7	3.056202E-3
1.931000E-7	2.939711E-3
1.932000E-7	2.693022E-3
1.933000E-7	2.319563E-3
1.934000E-7	1.867301E-3
1.935000E-7	1.497268E-3
1.936000E-7	1.353366E-3
1.937000E-7	1.528104E-3
1.938000E-7	1.994071E-3
1.939000E-7	2.511432E-3
1.940000E-7	3.069907E-3
1.941000E-7	3.323448E-3
1.942000E-7	3.220661E-3
1.943000E-7	3.097317E-3
1.944000E-7	2.949989E-3
1.945000E-7	2.727284E-3
1.946000E-7	2.600514E-3
1.947000E-7	2.484022E-3
1.948000E-7	2.405219E-3
1.949000E-7	2.264743E-3
1.950000E-7	2.011202E-3
1.951000E-7	1.548661E-3
1.952000E-7	1.188907E-3
1.953000E-7	8.634152E-4
1.954000E-7	7.606283E-4
1.955000E-7	8.736939E-4
1.956000E-7	1.267710E-3
1.957000E-7	1.706268E-3
1.958000E-7	2.370956E-3
1.959000E-7	2.915727E-3
1.960000E-7	3.206957E-3
1.961000E-7	3.326875E-3
1.962000E-7	3.278907E-3
1.963000E-7	3.093891E-3
1.964000E-7	2.888317E-3
1.965000E-7	2.686170E-3
1.966000E-7	2.460038E-3
1.967000E-7	2.137973E-3
1.968000E-7	1.809055E-3
1.969000E-7	1.428743E-3
1.970000E-7	1.219743E-3
1.971000E-7	1.240301E-3
1.972000E-7	1.308825E-3
1.973000E-7	1.538383E-3
1.974000E-7	1.675432E-3
1.975000E-7	1.798776E-3
1.976000E-7	1.935825E-3
1.977000E-7	2.100284E-3
1.978000E-7	2.213350E-3
1.979000E-7	2.374383E-3
1.980000E-7	2.394940E-3
1.981000E-7	2.257891E-3
1.982000E-7	1.915268E-3
1.983000E-7	1.627464E-3
1.984000E-7	1.439022E-3
1.985000E-7	1.449301E-3
1.986000E-7	1.548661E-3
1.987000E-7	1.586350E-3
1.988000E-7	1.672005E-3
1.989000E-7	1.634317E-3
1.990000E-7	1.603481E-3
1.991000E-7	1.606907E-3
1.992000E-7	1.723399E-3
1.993000E-7	1.932399E-3
1.994000E-7	2.165383E-3
1.995000E-7	2.299006E-3
1.996000E-7	2.189366E-3
1.997000E-7	2.028333E-3
1.998000E-7	1.637743E-3
1.999000E-7	1.288268E-3
2.000000E-7	1.192333E-3
2.001000E-7	1.185481E-3
