run_name grating_value[um] SAW_freq[Hz] SAW_freq_error[Hz] SAW_speed[m/s] Thermal_diffusivity[m^2s^-1] Thermal_diffusivity_error[m^2s^-1] Acoustic_damping[s] Acoustic_damping_error[s] A[Wm^-2] A_err[Wm^-2] Displacement_reflectance_ratio[s^0.5] Displacement_reflectance_ratio_err[s^0.5] B[Wm^-2] B_err[Wm^-2] Acoustic_phase Acoustic_phase_err C[Wm^-2] C_err[Wm^-2] Time[hh:mm:ss]
Beam_cont_045-04_RT_lecroy-2025-03-19-03.40um-spot00-1 3.5494417 5.80315e+08 3.80595e+03 2059.7953 1.0067196e-05 7.0652555e-08 11088146 3.3983959e-08 3.7439562e-08 8.4455408e-10 0.075023662 0.00045311666 6.8112959e-09 NaN 0.0085387534 0.00015976956 2.020175 0.011782657 0.0020935039 2.8937681e-05 13:51:20
Beam_cont_045-04_RT_lecroy-2025-03-19-03.40um-spot00-2 3.5494417 5.80732e+08 3.46165e+03 2061.275 1.00486e-05 6.96938e-08 10786327 3.3959564e-08 3.6633781e-08 8.4277426e-10 0.073787151 0.00043628606 4.0428526e-11 NaN 0.0082994908 0.00015830332 2.6631357 0.012032248 0.0020155923 2.8437709e-05 13:51:31
Beam_cont_045-04_RT_lecroy-2025-03-19-03.40um-spot00-3 3.5494417 5.81328e+08 3.68508e+03 2063.3894 9.9508862e-06 7.0188072e-08 10710532 3.3924764e-08 3.8656581e-08 8.8675681e-10 0.074414563 0.00044809488 4.4271579e-10 NaN 0.008268168 0.00015639976 1.8606078 0.011901873 0.0017410048 2.9228713e-05 13:51:43
Beam_cont_045-04_RT_lecroy-2025-03-19-03.40um-spot00-4 3.5494417 5.80777e+08 3.22212e+03 2061.4354 1.0152249e-05 7.0873252e-08 10800090 3.3956922e-08 3.7168998e-08 8.3658562e-10 0.07581228 0.00045434833 3.0500407e-09 NaN 0.0086552804 0.00016108465 2.6329788 0.011739986 0.0017477183 2.907393e-05 13:51:55
Beam_cont_045-04_RT_lecroy-2025-03-19-03.40um-spot00-5 3.5494417 5.80340e+08 4.21086e+03 2059.8846 9.9302946e-06 7.5802469e-08 11648239 3.3982487e-08 3.6029437e-08 8.6883694e-10 0.074236224 0.00048312004 3.7286522e-09 NaN 0.0088541821 0.00017846846 2.0260528 0.012678589 0.0015412745 3.1627003e-05 13:52:07
Beam_cont_045-04_RT_lecroy-2025-03-19-03.40um-spot00-6 3.5494417 5.80386e+08 3.42357e+03 2060.0467 1.0112968e-05 6.8392848e-08 10983584 3.3979813e-08 3.6198341e-08 7.7775385e-10 0.076129032 0.00044445312 7.2016662e-09 NaN 0.0089227307 0.00016008478 2.03219 0.011288809 0.0021425353 2.8151848e-05 13:52:18
Beam_cont_045-04_RT_lecroy-2025-03-19-03.40um-spot00-7 3.5494417 5.81062e+08 2.99663e+03 2062.445 1.0124884e-05 1.7937077e-07 10624794 3.3940299e-08 4.5800116e-08 1.2647434e-09 0.076279241 0.0059849076 7.0270391e-08 4.3106661e-06 0.006671943 0.00014620871 2.6801506 0.013857553 0.0019031342 3.5712501e-05 13:52:30
Beam_cont_045-04_RT_lecroy-2025-03-19-03.40um-spot00-8 3.5494417 5.80800e+08 4.15822e+03 2061.5148 1.0081541e-05 7.0269704e-08 11146686 3.3955613e-08 3.5753396e-08 7.876689e-10 0.075611613 0.00045398507 3.1470141e-09 NaN 0.0089935101 0.00016595819 1.9139058 0.011585275 0.0019891672 2.8919832e-05 13:52:41
Beam_cont_045-04_RT_lecroy-2025-03-19-03.40um-spot00-9 3.5494417 5.80920e+08 4.35660e+03 2061.9427 9.9041529e-06 1.9036765e-07 11721928 3.3948567e-08 4.4044586e-08 1.3534264e-09 0.076358789 0.006437685 3.4947905e-07 4.6550419e-06 0.0066455954 0.00016426273 1.6923245 0.015533109 0.0019092783 3.9441102e-05 13:52:52
Beam_cont_045-04_RT_lecroy-2025-03-19-03.40um-spot00-10 3.5494417 5.80308e+08 3.31896e+03 2059.7698 9.7857754e-06 6.8422157e-08 11010581 3.398438e-08 3.6368021e-08 8.0977608e-10 0.074695788 0.00044077287 4.1301077e-09 NaN 0.0088490815 0.00016438177 2.0281129 0.011688571 0.0021000903 2.9630557e-05 13:53:04
Beam_cont_045-04_RT_lecroy-2025-03-19-03.40um-spot00-11 3.5494417 5.80717e+08 2.92255e+03 2061.2221 9.7397103e-06 1.7669498e-07 10734750 3.3960436e-08 4.1891001e-08 1.0515218e-09 0.073481965 0.0056921656 3.0218628e-08 4.3038996e-06 0.0077771042 0.00015779575 2.663396 0.012816433 0.0023033789 3.735009e-05 13:53:16
Beam_cont_045-04_RT_lecroy-2025-03-19-03.40um-spot00-12 3.5494417 5.80336e+08 3.27489e+03 2059.8675 1.0002775e-05 6.812914e-08 10648157 3.3982769e-08 3.833539e-08 8.3827238e-10 0.076611921 0.00044707643 3.1328282e-09 NaN 0.0086372293 0.0001559151 2.0235483 0.01137621 0.0022436105 2.8887299e-05 13:53:27
Beam_cont_045-04_RT_lecroy-2025-03-19-03.40um-spot00-13 3.5494417 5.80744e+08 2.82113e+03 2061.3186 9.8547544e-06 6.9907637e-08 9890111 3.3958845e-08 3.999775e-08 9.0020832e-10 0.074823318 0.00045010901 7.025932e-10 NaN 0.0083944634 0.00015469343 1.938591 0.011613548 0.001940648 2.9880517e-05 13:53:38
Beam_cont_045-04_RT_lecroy-2025-03-19-03.40um-spot00-14 3.5494417 5.81117e+08 2.98109e+03 2062.6421 9.9957039e-06 6.8245051e-08 10762840 3.3937056e-08 3.6210415e-08 7.7565307e-10 0.07613373 0.00044514539 1.7510534e-09 NaN 0.0090913463 0.0001626892 1.901688 0.011241449 0.0021115083 2.879895e-05 13:53:49
Beam_cont_045-04_RT_lecroy-2025-03-19-03.40um-spot00-15 3.5494417 5.80985e+08 3.40478e+03 2062.1724 9.9991842e-06 1.7533494e-07 10436248 3.3944786e-08 4.5746091e-08 1.2124625e-09 0.075281057 0.0057783259 5.1880699e-08 4.2327726e-06 0.0068514658 0.00014414279 2.6831474 0.013303784 0.0020045374 3.5551645e-05 13:54:01
Beam_cont_045-04_RT_lecroy-2025-03-19-03.40um-spot00-16 3.5494417 5.80832e+08 3.03591e+03 2061.6293 9.7741838e-06 6.9026998e-08 10532177 3.3953727e-08 3.6675979e-08 8.3431254e-10 0.074686043 0.00044476247 2.0580797e-09 NaN 0.0087123921 0.00016514534 1.9175916 0.011912902 0.0020785304 2.9964821e-05 13:54:12
Beam_cont_045-04_RT_lecroy-2025-03-19-03.40um-spot00-17 3.5494417 5.80623e+08 3.98410e+03 2060.8892 9.898674e-06 7.1612489e-08 11562777 3.3965921e-08 3.6920134e-08 8.5106839e-10 0.076400454 0.00047017951 2.5920553e-09 NaN 0.0089180812 0.00017100232 1.9943748 0.012067694 0.0017753392 3.0959319e-05 13:54:24
Beam_cont_045-04_RT_lecroy-2025-03-19-03.40um-spot00-18 3.5494417 5.80908e+08 2.96005e+03 2061.898 9.9050161e-06 6.483771e-08 10228125 3.3949303e-08 3.7189787e-08 7.6195091e-10 0.074745573 0.00041638776 1.3999169e-09 NaN 0.0088453571 0.00015060332 1.893817 0.010701872 0.0019862414 2.7386848e-05 13:54:36
Beam_cont_045-04_RT_lecroy-2025-03-19-03.40um-spot00-19 3.5494417 5.81290e+08 3.13041e+03 2063.2534 9.9928383e-06 6.8766192e-08 10813042 3.3927001e-08 3.7725548e-08 8.6260231e-10 0.076726982 0.00045206784 8.9609604e-10 NaN 0.0084467551 0.00016006088 1.8462418 0.011911026 0.0020438767 2.9263809e-05 13:54:47
Beam_cont_045-04_RT_lecroy-2025-03-19-03.40um-spot00-20 3.5494417 5.80554e+08 3.17208e+03 2060.6432 9.8858856e-06 7.2951845e-08 10730219 3.3969976e-08 3.8299897e-08 9.0815679e-10 0.076243802 0.00047817189 1.9561153e-09 NaN 0.0086444106 0.00016929841 1.9542837 0.012329751 0.0022166737 3.156093e-05 13:54:58
Beam_cont_045-04_RT_lecroy-2025-03-19-03.40um-spot00-21 3.5494417 5.80632e+08 3.15607e+03 2060.9204 9.8956946e-06 7.3510836e-08 10419037 3.3965407e-08 3.9286302e-08 9.0533146e-10 0.076475032 0.00048314289 2.0101846e-09 NaN 0.0088470853 0.00016754234 1.9403333 0.011928575 0.0020994692 3.1832626e-05 13:55:10
Beam_cont_045-04_RT_lecroy-2025-03-19-03.40um-spot00-22 3.5494417 5.80439e+08 3.08661e+03 2060.2358 9.9145964e-06 6.9815864e-08 10563777 3.3976693e-08 3.7427784e-08 8.5749671e-10 0.076419274 0.00045826676 4.4272936e-09 NaN 0.0086610755 0.0001646694 1.9485492 0.011958582 0.0022319525 3.0087036e-05 13:55:21
Beam_cont_045-04_RT_lecroy-2025-03-19-03.40um-spot00-23 3.5494417 5.80802e+08 3.06243e+03 2061.5214 1.0135018e-05 7.7096937e-08 10691441 3.3955505e-08 3.6861737e-08 8.7923862e-10 0.077275216 0.00050810017 2.9267217e-10 NaN 0.0090541273 0.00017933588 2.2685224 0.012535389 0.0019174618 3.207968e-05 13:55:32
Beam_cont_045-04_RT_lecroy-2025-03-19-03.40um-spot00-24 3.5494417 5.80427e+08 2.83013e+03 2060.191 9.9567951e-06 6.7597493e-08 10475353 3.3977433e-08 3.7521445e-08 7.9855853e-10 0.076969222 0.0004462975 2.5760466e-10 NaN 0.0090213384 0.00015922397 1.9768276 0.011107634 0.0015299397 2.9079139e-05 13:55:44
Beam_cont_045-04_RT_lecroy-2025-03-19-03.40um-spot00-25 3.5494417 5.80275e+08 3.23303e+03 2059.6507 9.915856e-06 6.976166e-08 10619588 3.3986346e-08 3.7179275e-08 8.3140435e-10 0.076046967 0.00045566572 4.635983e-09 NaN 0.0088545571 0.00016449389 2.0007631 0.011691261 0.0021899294 2.9908841e-05 13:55:55
Beam_cont_045-04_RT_lecroy-2025-03-19-03.40um-spot00-26 3.5494417 5.81314e+08 3.88979e+03 2063.3408 9.8941534e-06 1.8997473e-07 11281967 3.3925564e-08 4.5085159e-08 1.3739865e-09 0.076819858 0.0064629939 3.5403542e-07 4.6461477e-06 0.0066592027 0.000162451 1.6275157 0.015328832 0.0021759861 3.9697113e-05 13:56:06
Beam_cont_045-04_RT_lecroy-2025-03-19-03.40um-spot00-27 3.5494417 5.80862e+08 2.93578e+03 2061.7367 9.9064548e-06 6.4217237e-08 10549201 3.3951959e-08 3.6258736e-08 7.3558768e-10 0.076030467 0.00041947757 1.0144534e-09 NaN 0.0091343803 0.00015478508 1.9008903 0.01064252 0.0019187543 2.7582342e-05 13:56:18
Beam_cont_045-04_RT_lecroy-2025-03-19-03.40um-spot00-28 3.5494417 5.80468e+08 3.73154e+03 2060.3367 9.8301403e-06 6.9455596e-08 10897884 3.3975029e-08 3.7718677e-08 8.6239237e-10 0.076350958 0.00045670516 5.5801759e-09 NaN 0.0086942925 0.0001646645 1.9856971 0.011923749 0.0022896927 3.0451578e-05 13:56:29
Beam_cont_045-04_RT_lecroy-2025-03-19-03.40um-spot00-29 3.5494417 5.81070e+08 3.65734e+03 2062.4733 9.9830933e-06 7.0260055e-08 10957283 3.3939833e-08 3.669627e-08 8.3877805e-10 0.076583809 0.00046119282 9.2503585e-09 NaN 0.0087715393 0.00016710888 1.8395417 0.011960188 0.0019430199 2.9902166e-05 13:56:41
Beam_cont_045-04_RT_lecroy-2025-03-19-03.40um-spot00-30 3.5494417 5.81346e+08 3.59942e+03 2063.4546 1.0099708e-05 7.1914153e-08 11158313 3.3923694e-08 3.6950401e-08 8.6474504e-10 0.07742937 0.00047548822 5.3058075e-10 NaN 0.0086791791 0.00016906572 1.8155632 0.012230322 0.0022478066 3.019424e-05 13:56:52
Beam_cont_045-04_RT_lecroy-2025-03-19-03.40um-spot00-31 3.5494417 5.81206e+08 3.23135e+03 2062.9576 1.0290567e-05 7.1897049e-08 10703124 3.3931865e-08 3.8394314e-08 8.6486799e-10 0.078936582 0.0004817066 5.3369974e-10 NaN 0.0087360688 0.00016253523 1.8277379 0.011696207 0.0019251536 2.9575117e-05 13:57:04
Beam_cont_045-04_RT_lecroy-2025-03-19-03.40um-spot00-32 3.5494417 5.80691e+08 2.94870e+03 2061.1275 9.9842518e-06 1.6819011e-07 10247823 3.3961993e-08 4.5709846e-08 1.1494555e-09 0.076277834 0.0056129842 1.1538063e-07 4.0548837e-06 0.0070367792 0.00014056075 2.5863879 0.012613947 0.0023312041 3.4662715e-05 13:57:15
Beam_cont_045-04_RT_lecroy-2025-03-19-03.40um-spot00-33 3.5494417 5.81086e+08 3.31031e+03 2062.5314 9.8170225e-06 6.9305684e-08 10791810 3.3938876e-08 3.8376391e-08 8.6373361e-10 0.076555218 0.00045710665 6.2911906e-10 NaN 0.0087701279 0.00016301852 1.8625903 0.011690881 0.0019628306 3.055583e-05 13:57:27
Beam_cont_045-04_RT_lecroy-2025-03-19-03.40um-spot00-34 3.5494417 5.80822e+08 2.93000e+03 2061.5955 9.896299e-06 6.5173797e-08 10733645 3.3954285e-08 3.6174373e-08 7.4601443e-10 0.076916961 0.00043082686 1.1448189e-09 NaN 0.0092537178 0.00015949731 1.8820713 0.010820216 0.0020176351 2.8381216e-05 13:57:38
Beam_cont_045-04_RT_lecroy-2025-03-19-03.40um-spot00-35 3.5494417 5.80742e+08 2.73842e+03 2061.3092 9.9612507e-06 6.9229181e-08 9943009.5 3.3959e-08 4.8581311e-08 1.3051209e-09 0.077467026 0.00045621853 6.1967801e-09 NaN 0.0064575948 0.00013584371 2.6755141 0.01331687 0.0020619299 3.0210407e-05 13:57:50
Beam_cont_045-04_RT_lecroy-2025-03-19-03.40um-spot00-36 3.5494417 5.81071e+08 2.85566e+03 2062.4785 9.820521e-06 1.7538192e-07 10337832 3.3939747e-08 4.6397462e-08 1.2238349e-09 0.074886021 0.0057524791 7.9656737e-08 4.2545715e-06 0.007008033 0.00014638127 2.5374626 0.013186029 0.0023905795 3.6995095e-05 13:58:01
Beam_cont_045-04_RT_lecroy-2025-03-19-03.40um-spot00-37 3.5494417 5.81276e+08 2.94630e+03 2063.204 1.0023196e-05 6.5810213e-08 10488889 3.3927813e-08 3.8084768e-08 7.9964283e-10 0.078527924 0.00044235978 1.996875e-10 NaN 0.0089224906 0.00015501948 1.7781084 0.01091234 0.0018821985 2.8480053e-05 13:58:12
Beam_cont_045-04_RT_lecroy-2025-03-19-03.40um-spot00-38 3.5494417 5.81487e+08 3.41705e+03 2063.9543 9.6542666e-06 6.4966937e-08 11000617 3.3915479e-08 3.7014753e-08 7.7946682e-10 0.076166037 0.00042844476 1.2412222e-08 NaN 0.0091319653 0.00015966231 2.1273055 0.011044465 0.0020586138 2.9530398e-05 13:58:24
Beam_cont_045-04_RT_lecroy-2025-03-19-03.40um-spot00-39 3.5494417 5.81415e+08 3.18676e+03 2063.6991 1.0079213e-05 7.1236129e-08 10123837 3.3919674e-08 4.8339608e-08 1.298426e-09 0.077431103 0.00046368759 8.5601116e-10 NaN 0.0065944282 0.00013847786 2.952017 0.0132807 0.0021959823 3.0570705e-05 13:58:36
Beam_cont_045-04_RT_lecroy-2025-03-19-03.40um-spot00-40 3.5494417 5.81146e+08 3.21702e+03 2062.744 9.9330824e-06 6.6869003e-08 10677233 3.393538e-08 3.7827998e-08 7.9699822e-10 0.076901574 0.00044142218 7.5009758e-10 NaN 0.0090009646 0.00015710809 1.8219684 0.010966686 0.002053966 2.8886468e-05 13:58:47
Beam_cont_045-04_RT_lecroy-2025-03-19-03.40um-spot00-41 3.5494417 5.79322e+08 3.48803e+03 2056.2697 9.861125e-06 6.4768828e-08 10854823 3.4042227e-08 3.7716258e-08 7.8954207e-10 0.076201386 0.00042120632 2.4033574e-10 NaN 0.0088516213 0.00015285272 2.6344091 0.010882704 0.0018748157 2.8401e-05 13:58:59
Beam_cont_045-04_RT_lecroy-2025-03-19-03.40um-spot00-42 3.5494417 5.79427e+08 3.13764e+03 2056.6422 9.630909e-06 6.5033775e-08 10035149 3.4036062e-08 3.8350062e-08 8.4269199e-10 0.077121219 0.00043454355 2.2550615e-14 NaN 0.0087146224 0.00015776566 2.3542262 0.011469766 0.0024218423 3.0090105e-05 13:59:10
Beam_cont_045-04_RT_lecroy-2025-03-19-03.40um-spot00-43 3.5494417 5.79976e+08 2.86022e+03 2058.5911 9.553595e-06 6.1752225e-08 10711808 3.4003839e-08 3.6496849e-08 7.4973271e-10 0.076640275 0.0004111077 6.1050517e-10 NaN 0.0091830115 0.00015738758 1.9287195 0.010762363 0.0020058716 2.8869386e-05 13:59:21
Beam_cont_045-04_RT_lecroy-2025-03-19-03.40um-spot00-44 3.5494417 5.80659e+08 3.27105e+03 2061.0149 9.3150857e-06 5.901751e-08 10439799 3.3963849e-08 3.6268292e-08 7.2744054e-10 0.073949817 0.00037888403 3.1857139e-13 NaN 0.0090692676 0.00015115805 2.6181392 0.010502069 0.0019565831 2.8315193e-05 13:59:33
Beam_cont_045-04_RT_lecroy-2025-03-19-03.40um-spot00-45 3.5494417 5.80577e+08 2.68953e+03 2060.7242 9.2764179e-06 6.476106e-08 10169777 3.3968641e-08 3.9549541e-08 9.3908902e-10 0.075528604 0.00042850479 5.3236366e-10 NaN 0.0081690692 0.00015920242 1.9252932 0.012274505 0.0023195849 3.1750869e-05 13:59:44
Beam_cont_045-04_RT_lecroy-2025-03-19-03.40um-spot00-46 3.5494417 5.81107e+08 3.13565e+03 2062.6054 9.1217657e-06 6.5339483e-08 10705887 3.393766e-08 3.7795985e-08 8.8532845e-10 0.072947429 0.00041622936 1.8247652e-11 NaN 0.0085239727 0.00016459386 2.5617483 0.012177171 0.001918057 3.2316334e-05 13:59:57
Beam_cont_045-04_RT_lecroy-2025-03-19-03.40um-spot00-47 3.5494417 5.81147e+08 3.19612e+03 2062.7491 9.4020848e-06 6.2725846e-08 10592415 3.3935295e-08 3.5982115e-08 7.8240163e-10 0.076066522 0.00041640609 7.7804375e-10 NaN 0.0090260916 0.00016421339 1.8529954 0.011417349 0.0021232317 3.0104194e-05 14:00:07
Beam_cont_045-04_RT_lecroy-2025-03-19-03.40um-spot00-48 3.5494417 5.81451e+08 2.51796e+03 2063.8252 9.0490602e-06 6.1206551e-08 9764690.9 3.3917601e-08 3.8922556e-08 8.5546948e-10 0.073935362 0.00039917388 1.2993302e-10 NaN 0.0085311023 0.00015439513 1.8539535 0.011390312 0.0018881066 3.0951257e-05 14:00:19
Beam_cont_045-04_RT_lecroy-2025-03-19-03.40um-spot00-49 3.5494417 5.81211e+08 3.50693e+03 2062.9745 9.3499354e-06 6.5212064e-08 11056700 3.3931588e-08 3.532606e-08 8.1643352e-10 0.075882027 0.00043255669 9.0824479e-10 NaN 0.0089754748 0.00017418224 1.8738157 0.01217554 0.0019940638 3.1589648e-05 14:00:30
Beam_cont_045-04_RT_lecroy-2025-03-19-03.40um-spot00-50 3.5494417 5.81907e+08 3.62746e+03 2065.4436 9.045512e-06 5.8400961e-08 11139166 3.3891025e-08 3.6085758e-08 7.5194548e-10 0.074621642 0.00038446206 2.2976208e-10 NaN 0.0090664977 0.00015800476 1.7771357 0.0109329 0.0020973652 2.9830403e-05 14:00:42
Beam_cont_045-04_RT_lecroy-2025-03-19-03.40um-spot00-51 3.5494417 5.82002e+08 3.68867e+03 2065.7818 8.9615194e-06 6.4927883e-08 10935705 3.3885476e-08 3.6652226e-08 8.7344775e-10 0.073848117 0.00042728149 1.7626255e-12 NaN 0.0086914101 0.00017309161 1.4498016 0.012554126 0.0019989821 3.3218841e-05 14:00:53
Beam_cont_045-04_RT_lecroy-2025-03-19-03.40um-spot00-52 3.5494417 5.82064e+08 3.78457e+03 2066.0007 9.1440153e-06 6.4342525e-08 11231440 3.3881886e-08 3.4817523e-08 8.2125165e-10 0.07545265 0.00042703611 7.2619289e-12 NaN 0.0089812833 0.00017842633 1.8083371 0.012454461 0.0023479911 3.2481561e-05 14:01:05
Beam_cont_045-04_RT_lecroy-2025-03-19-03.40um-spot00-53 3.5494417 5.82121e+08 3.84865e+03 2066.2044 9.0067153e-06 5.9342525e-08 11534260 3.3878545e-08 3.4136759e-08 7.1534827e-10 0.074019505 0.00038796815 4.4079735e-10 NaN 0.009454884 0.00016756755 1.7905969 0.011098829 0.0019628743 3.0338944e-05 14:01:16
Beam_cont_045-04_RT_lecroy-2025-03-19-03.40um-spot00-54 3.5494417 5.82714e+08 3.38731e+03 2068.311 8.9975167e-06 6.3117246e-08 10553444 3.384404e-08 3.661651e-08 8.4025412e-10 0.07405546 0.00041294267 9.304447e-12 NaN 0.008817526 0.00016874624 1.7105399 0.01200956 0.0016896278 3.2355172e-05 14:01:28
Beam_cont_045-04_RT_lecroy-2025-03-19-03.40um-spot00-55 3.5494417 5.82576e+08 3.15856e+03 2067.8204 9.1233431e-06 6.2692404e-08 10812743 3.3852069e-08 3.7330787e-08 8.4288762e-10 0.074184809 0.00040613548 7.6154796e-09 NaN 0.0086888787 0.000162156 2.4405257 0.011759175 0.0022065379 3.1518601e-05 14:01:39
Beam_cont_045-04_RT_lecroy-2025-03-19-03.40um-spot00-56 3.5494417 5.82559e+08 3.53155e+03 2067.758 8.7095672e-06 6.4040743e-08 11072971 3.3853092e-08 3.6067007e-08 8.4889304e-10 0.071617195 0.00040546975 2.7266566e-12 NaN 0.0089348755 0.00017498447 2.4601433 0.012329742 0.00219725 3.4258623e-05 14:01:51
Beam_cont_045-04_RT_lecroy-2025-03-19-03.40um-spot00-57 3.5494417 5.81958e+08 3.24827e+03 2065.6265 9.0184504e-06 5.8878469e-08 10996460 3.3888023e-08 3.5236523e-08 7.3749402e-10 0.074212563 0.00038278716 1.6945292e-09 NaN 0.0092574327 0.00016186133 2.6015623 0.0110182 0.0022359126 3.0340229e-05 14:02:02
Beam_cont_045-04_RT_lecroy-2025-03-19-03.40um-spot00-58 3.5494417 5.82868e+08 4.11502e+03 2068.8577 8.8101766e-06 5.9983909e-08 10991817 3.3835096e-08 3.5996096e-08 7.6445302e-10 0.06760072 0.00036022399 2.9018513e-11 NaN 0.0085942836 0.00015276522 1.6733085 0.011142957 0.0015276796 2.9337921e-05 14:02:14
Beam_cont_045-04_RT_lecroy-2025-03-19-03.40um-spot00-59 3.5494417 5.82594e+08 3.16424e+03 2067.8841 8.8998952e-06 1.5697308e-07 10771819 3.3851026e-08 4.3196182e-08 1.1267324e-09 0.073312599 0.0050561249 7.2036503e-08 3.9220202e-06 0.0075043825 0.00015725029 2.5417659 0.013242671 0.0021550629 4.1412906e-05 14:02:25
Beam_cont_045-04_RT_lecroy-2025-03-19-03.40um-spot00-60 3.5494417 5.82740e+08 3.10720e+03 2068.4026 8.5856517e-06 6.1119244e-08 10679418 3.3842541e-08 3.5918195e-08 8.0377438e-10 0.072437844 0.00039586391 8.2242708e-11 NaN 0.0092265635 0.00017281355 1.7567076 0.011755113 0.0020730972 3.381477e-05 14:02:37
Beam_cont_045-04_RT_lecroy-2025-03-19-03.40um-spot00-61 3.5494417 5.82611e+08 3.13420e+03 2067.9448 8.9780665e-06 6.4064652e-08 10911346 3.3850033e-08 3.6448619e-08 8.3180783e-10 0.073959579 0.00041557578 1.6755236e-11 NaN 0.0090772468 0.00017193186 2.5385233 0.011945355 0.0021562895 3.321227e-05 14:02:48
Beam_cont_045-04_RT_lecroy-2025-03-19-03.40um-spot00-62 3.5494417 5.83443e+08 3.53231e+03 2070.8961 8.8123873e-06 6.1599704e-08 10546205 3.3801793e-08 3.7997301e-08 8.6137921e-10 0.073858869 0.00040413653 2.7471147e-12 NaN 0.0087456618 0.00016414397 1.6268551 0.011785993 0.0018333438 3.2900718e-05 14:03:00
Beam_cont_045-04_RT_lecroy-2025-03-19-03.40um-spot00-63 3.5494417 5.82846e+08 2.76206e+03 2068.7778 8.7966639e-06 5.9747263e-08 10321435 3.3836403e-08 3.6938796e-08 8.2197184e-10 0.07217554 0.00038025945 1.8070716e-10 NaN 0.0086444269 0.0001593102 2.4390788 0.011611306 0.0018217394 3.154758e-05 14:03:11
Beam_cont_045-04_RT_lecroy-2025-03-19-03.40um-spot00-64 3.5494417 5.83311e+08 3.54675e+03 2070.4299 8.8574054e-06 6.0275662e-08 10866297 3.3809403e-08 3.7799669e-08 8.2926896e-10 0.073208984 0.00038841443 6.6941324e-10 NaN 0.0087700278 0.00015862005 2.4150634 0.011404254 0.0017550492 3.1820648e-05 14:03:23
Beam_cont_045-04_RT_lecroy-2025-03-19-03.40um-spot00-65 3.5494417 5.83477e+08 3.17696e+03 2071.0175 8.7820101e-06 5.7917788e-08 10418308 3.3799811e-08 3.7158613e-08 8.1217833e-10 0.073695658 0.00037948122 2.1767187e-13 NaN 0.0086619299 0.00015744266 1.6373183 0.011407743 0.0016742717 3.109014e-05 14:03:34
Beam_cont_045-04_RT_lecroy-2025-03-19-03.40um-spot00-66 3.5494417 5.82831e+08 3.15216e+03 2068.723 8.5813911e-06 5.83209e-08 10905173 3.38373e-08 3.5934248e-08 7.876325e-10 0.071784448 0.00037149363 1.2586266e-11 NaN 0.00894826 0.00016325853 2.5069137 0.011497333 0.0022475523 3.2255714e-05 14:03:45
Beam_cont_045-04_RT_lecroy-2025-03-19-03.40um-spot00-67 3.5494417 5.83101e+08 3.43831e+03 2069.6839 8.5888566e-06 5.8975552e-08 10940309 3.3821589e-08 3.5424092e-08 7.757424e-10 0.071517949 0.00037418989 4.0503389e-12 NaN 0.0090920373 0.00016622206 2.4694762 0.011510675 0.0020916787 3.2437579e-05 14:03:57
Beam_cont_045-04_RT_lecroy-2025-03-19-03.40um-spot00-68 3.5494417 5.82469e+08 3.03666e+03 2067.4388 8.7364127e-06 6.4081622e-08 10362644 3.3858319e-08 3.8727877e-08 9.3755372e-10 0.073199076 0.0004175922 2.1236689e-10 NaN 0.0084429684 0.00016843783 1.8341545 0.012564417 0.0021297495 3.4542501e-05 14:04:08
Beam_cont_045-04_RT_lecroy-2025-03-19-03.40um-spot00-69 3.5494417 5.83256e+08 3.91364e+03 2070.234 8.6603486e-06 5.8634438e-08 11602252 3.3812603e-08 3.4683349e-08 7.4449327e-10 0.071573815 0.00037155611 2.275502e-09 NaN 0.0092480984 0.00016646181 2.4277214 0.011317161 0.0016337441 3.171979e-05 14:04:19
Beam_cont_045-04_RT_lecroy-2025-03-19-03.40um-spot00-70 3.5494417 5.83391e+08 3.14881e+03 2070.7135 8.8348216e-06 5.859426e-08 10844311 3.3804773e-08 3.6508354e-08 7.8630158e-10 0.072922346 0.00037636074 9.9054984e-10 NaN 0.0088577585 0.0001583184 2.4546717 0.011265469 0.0022167737 3.0976317e-05 14:04:31
Beam_cont_045-04_RT_lecroy-2025-03-19-03.40um-spot00-71 3.5494417 5.83290e+08 3.77543e+03 2070.3526 8.8702501e-06 1.4561615e-07 11195474 3.3810666e-08 3.720855e-08 8.8190335e-10 0.074412402 0.0048268459 7.4345985e-08 3.706996e-06 0.008407571 0.00016580329 1.6996684 0.012366348 0.0024198623 3.8825906e-05 14:04:42
Beam_cont_045-04_RT_lecroy-2025-03-19-03.40um-spot00-72 3.5494417 5.83235e+08 4.01969e+03 2070.1572 8.4306789e-06 6.1113073e-08 11535204 3.3813857e-08 3.6180556e-08 8.3994777e-10 0.071114467 0.0003873186 1.2028891e-08 NaN 0.0089391189 0.00017254136 2.4478551 0.01215918 0.0016325347 3.4742082e-05 14:04:54
Beam_cont_045-04_RT_lecroy-2025-03-19-03.40um-spot00-73 3.5494417 5.83934e+08 3.63530e+03 2072.6387 8.7538545e-06 6.2909836e-08 10636905 3.3773374e-08 4.5628659e-08 1.2719772e-09 0.073447753 0.0004047979 1.2049455e-09 NaN 0.0066717319 0.00014718332 2.7027303 0.01395274 0.0020618076 3.4408881e-05 14:05:05
Beam_cont_045-04_RT_lecroy-2025-03-19-03.40um-spot00-74 3.5494417 5.84275e+08 3.29968e+03 2073.8503 8.6759075e-06 1.5179509e-07 11394192 3.3753642e-08 3.6756618e-08 8.6287963e-10 0.072927918 0.0049316152 8.5544602e-08 3.8863844e-06 0.0090275289 0.00017676293 1.6299718 0.012271246 0.0017395128 4.1908737e-05 14:05:17
Beam_cont_045-04_RT_lecroy-2025-03-19-03.40um-spot00-75 3.5494417 5.84006e+08 3.33764e+03 2072.8969 8.8140124e-06 1.4444164e-07 11431820 3.3769166e-08 3.5693819e-08 7.4543962e-10 0.07493748 0.0048769833 3.0696865e-07 3.7252377e-06 0.0097438299 0.00017164711 0.92314934 0.010989299 0.0020528523 3.8835042e-05 14:05:28
Beam_cont_045-04_RT_lecroy-2025-03-19-03.40um-spot00-76 3.5494417 5.84664e+08 2.80501e+03 2075.2315 8.8342751e-06 5.9792009e-08 10310908 3.3731177e-08 3.7147449e-08 8.2160373e-10 0.074927369 0.0003976997 1.2035861e-13 NaN 0.0089163879 0.00016402194 1.5380055 0.011540392 0.0019300141 3.2228753e-05 14:05:39
Beam_cont_045-04_RT_lecroy-2025-03-19-03.40um-spot00-77 3.5494417 5.84559e+08 3.11780e+03 2074.8593 8.6087855e-06 5.8347227e-08 10586899 3.3737227e-08 3.8575199e-08 8.4103273e-10 0.07224119 0.00037371708 1.0293644e-09 NaN 0.0086560308 0.00015498758 2.2981528 0.0112891 0.001708086 3.2261017e-05 14:05:51
Beam_cont_045-04_RT_lecroy-2025-03-19-03.40um-spot00-78 3.5494417 5.84911e+08 3.62275e+03 2076.1072 8.3940254e-06 5.6506509e-08 10876288 3.3716948e-08 3.5551889e-08 7.8020971e-10 0.071958878 0.00036272441 1.4446436e-10 NaN 0.0089955702 0.00016474381 2.2986592 0.0115203 0.0017736963 3.2806205e-05 14:06:02
Beam_cont_045-04_RT_lecroy-2025-03-19-03.40um-spot00-79 3.5494417 5.84814e+08 3.95168e+03 2075.7629 8.5682033e-06 6.3017074e-08 11222085 3.3722541e-08 3.7256741e-08 9.1925764e-10 0.072345799 0.00040470291 6.7029549e-09 NaN 0.0084926801 0.00017324601 2.3133079 0.012854526 0.0020118588 3.5236872e-05 14:06:14
Beam_cont_045-04_RT_lecroy-2025-03-19-03.40um-spot00-80 3.5494417 5.84349e+08 4.17853e+03 2074.1129 8.5975034e-06 1.3560341e-07 11879190 3.3749368e-08 3.6300426e-08 8.3096347e-10 0.072758939 0.0043940121 1.2407711e-07 3.4767402e-06 0.0084191235 0.00016110693 1.6835504 0.011997365 0.0021257368 3.8189481e-05 14:06:26
Beam_cont_045-04_RT_lecroy-2025-03-19-03.40um-spot00-81 3.5494417 5.84823e+08 3.15617e+03 2075.7935 8.4842398e-06 6.039288e-08 10973531 3.3722044e-08 3.5797142e-08 7.7261981e-10 0.071865891 0.00038910136 7.2894339e-10 NaN 0.0095277294 0.0001718674 1.9282066 0.011385727 0.0017852305 3.3998517e-05 14:06:37
Beam_cont_045-04_RT_lecroy-2025-03-19-03.40um-spot00-82 3.5494417 5.84899e+08 2.65616e+03 2076.066 8.6783791e-06 6.0416273e-08 9792603.7 3.3717617e-08 4.0188738e-08 9.1263788e-10 0.07307002 0.00039061755 1.0708572e-09 NaN 0.0084135171 0.0001556375 2.2886062 0.011677002 0.0022921792 3.3224854e-05 14:06:48
Beam_cont_045-04_RT_lecroy-2025-03-19-03.40um-spot00-83 3.5494417 5.84537e+08 3.37397e+03 2074.7787 8.7477618e-06 6.2415191e-08 10718560 3.3738538e-08 3.8117715e-08 8.9058631e-10 0.073600432 0.00040567139 7.2952127e-09 NaN 0.008676261 0.0001668548 2.3180642 0.012124203 0.0022576515 3.3998996e-05 14:07:00
Beam_cont_045-04_RT_lecroy-2025-03-19-03.40um-spot00-84 3.5494417 5.85367e+08 2.59199e+03 2077.7269 8.564935e-06 6.0265092e-08 10156604 3.3690665e-08 3.8219714e-08 8.5801799e-10 0.073087189 0.00039700132 3.8936573e-14 NaN 0.0087950801 0.00016375146 1.1075314 0.011721059 0.0017205853 3.3568997e-05 14:07:12
Beam_cont_045-04_RT_lecroy-2025-03-19-03.40um-spot00-85 3.5494417 5.84506e+08 2.31264e+03 2074.6714 8.4364349e-06 5.629183e-08 9676617.2 3.3740284e-08 3.8398501e-08 8.0490757e-10 0.072058096 0.00036412069 7.6369202e-11 NaN 0.0088591033 0.00015298888 1.997543 0.010932272 0.0020916915 3.2153904e-05 14:07:23
Beam_cont_045-04_RT_lecroy-2025-03-19-03.40um-spot00-86 3.5494417 5.85245e+08 3.72805e+03 2077.2928 8.5661218e-06 1.4324425e-07 11472480 3.3697705e-08 3.7043749e-08 8.2577752e-10 0.072864974 0.0046503911 7.1397571e-08 3.6810595e-06 0.0090926125 0.00016885068 1.4977348 0.011631361 0.0019930355 4.0790194e-05 14:07:34
Beam_cont_045-04_RT_lecroy-2025-03-19-03.40um-spot00-87 3.5494417 5.85467e+08 2.77610e+03 2078.0796 8.7357526e-06 5.85003e-08 9811767.3 3.3684946e-08 3.9247152e-08 8.4154799e-10 0.073076617 0.00038057955 6.0836815e-14 NaN 0.0086288606 0.00015220404 1.4776968 0.011083971 0.0016477262 3.1487299e-05 14:07:46
Beam_cont_045-04_RT_lecroy-2025-03-19-03.40um-spot00-88 3.5494417 5.85364e+08 3.44510e+03 2077.715 8.8200482e-06 1.466821e-07 11230165 3.3690857e-08 3.706249e-08 8.3885275e-10 0.073204938 0.0047807395 1.3400872e-07 3.7338144e-06 0.0088182675 0.00016626559 1.4686184 0.011806793 0.001869118 3.9002022e-05 14:07:57
Beam_cont_045-04_RT_lecroy-2025-03-19-03.40um-spot00-89 3.5494417 5.84815e+08 3.42134e+03 2075.7663 8.8450849e-06 1.428458e-07 11076156 3.3722486e-08 3.8281977e-08 8.5810892e-10 0.074953618 0.0047697351 6.7802868e-08 3.6397892e-06 0.0086781389 0.00016093474 1.5776546 0.011635207 0.0014708931 3.863983e-05 14:08:09
Beam_cont_045-04_RT_lecroy-2025-03-19-03.40um-spot00-90 3.5494417 5.85214e+08 3.23793e+03 2077.1822 8.6037755e-06 5.5993738e-08 10700913 3.3699499e-08 3.8642476e-08 8.1230247e-10 0.073639492 0.00036840527 2.3862629e-10 NaN 0.0087228828 0.00015095868 1.8742382 0.010940706 0.0014945371 3.1367804e-05 14:08:21
Beam_cont_045-04_RT_lecroy-2025-03-19-03.40um-spot00-91 3.5494417 5.84546e+08 2.92934e+03 2074.8121 8.7530352e-06 5.6644643e-08 10476312 3.3737995e-08 3.7252853e-08 7.6989566e-10 0.074247306 0.00037423616 3.3580416e-13 NaN 0.0090506485 0.00015539021 1.6546192 0.010790214 0.0015607238 3.084743e-05 14:08:32
Beam_cont_045-04_RT_lecroy-2025-03-19-03.40um-spot00-92 3.5494417 5.85130e+08 3.23323e+03 2076.8855 8.6144454e-06 5.7858927e-08 11109386 3.3704313e-08 3.7190708e-08 7.9949647e-10 0.073653421 0.00038071685 1.2772938e-09 NaN 0.0090171497 0.00016115281 1.5526874 0.011220026 0.0019251962 3.2320881e-05 14:08:44
Beam_cont_045-04_RT_lecroy-2025-03-19-03.40um-spot00-93 3.5494417 5.84731e+08 3.73338e+03 2075.4679 8.6431561e-06 5.9760336e-08 11631946 3.3727335e-08 3.5496327e-08 7.9128241e-10 0.072822991 0.00038548406 4.0815066e-10 NaN 0.0091298207 0.00016985567 2.3495916 0.011709739 0.0018173736 3.3031167e-05 14:08:55