Study Name	044_18
Sample Name	2024-10-03
Run Name	spot00
Operator	Elena
Date	10/3/2024
Time	15:10
Sign	POS
Grating Spacing	06.40um
Channel	3
Number Traces	2000
Files in Batch	6
Batch Number	33
dt	100.000001E-12
time stamp (ms)	3:16:28 PM
	
Time	Amplitude
0.000000E+0	-1.541839E-4
1.000000E-10	-3.681635E-9
2.000000E-10	2.997913E-4
3.000000E-10	5.396272E-4
4.000000E-10	7.708976E-4
5.000000E-10	8.137255E-4
6.000000E-10	8.394222E-4
7.000000E-10	6.938075E-4
8.000000E-10	5.995862E-4
9.000000E-10	5.310617E-4
1.000000E-9	7.023731E-4
1.100000E-9	6.509797E-4
1.200000E-9	7.109386E-4
1.300000E-9	6.938075E-4
1.400000E-9	6.681108E-4
1.500000E-9	4.454060E-4
1.600000E-9	2.055700E-4
1.700000E-9	1.541766E-4
1.800000E-9	1.113487E-4
1.900000E-9	-2.570039E-5
2.000000E-9	1.113487E-4
2.100000E-9	1.541766E-4
2.200000E-9	3.254880E-4
2.300000E-9	3.169224E-4
2.400000E-9	3.511847E-4
2.500000E-9	3.597503E-4
2.600000E-9	2.826601E-4
2.700000E-9	2.141356E-4
2.800000E-9	6.852088E-5
2.900000E-9	-6.852824E-5
3.000000E-9	-5.139710E-5
3.100000E-9	1.199143E-4
3.200000E-9	3.511847E-4
3.300000E-9	6.766764E-4
3.400000E-9	9.507746E-4
3.500000E-9	1.036430E-3
3.600000E-9	1.062127E-3
3.700000E-9	1.104955E-3
3.800000E-9	1.044996E-3
3.900000E-9	9.336435E-4
4.000000E-9	8.479878E-4
4.100000E-9	6.938075E-4
4.200000E-9	6.167174E-4
4.300000E-9	5.481928E-4
4.400000E-9	5.995862E-4
4.500000E-9	6.509797E-4
4.600000E-9	6.852419E-4
4.700000E-9	5.053650E-4
4.800000E-9	2.141356E-4
4.900000E-9	-2.055774E-4
5.000000E-9	-6.081592E-4
5.100000E-9	-8.651263E-4
5.200000E-9	-9.422164E-4
5.300000E-9	-7.537739E-4
5.400000E-9	-5.053723E-4
5.500000E-9	-2.227085E-4
5.600000E-9	9.421759E-5
5.700000E-9	3.426191E-4
5.800000E-9	4.967994E-4
5.900000E-9	6.766764E-4
6.000000E-9	8.137255E-4
6.100000E-9	8.479878E-4
6.200000E-9	1.036430E-3
6.300000E-9	1.104955E-3
6.400000E-9	1.096389E-3
6.500000E-9	9.422090E-4
6.600000E-9	5.224961E-4
6.700000E-9	8.565202E-5
6.800000E-9	-3.940199E-4
6.900000E-9	-7.623394E-4
7.000000E-9	-7.023804E-4
7.100000E-9	-5.139379E-4
7.200000E-9	-9.422495E-5
7.300000E-9	1.370454E-4
7.400000E-9	3.854470E-4
7.500000E-9	1.284799E-4
7.600000E-9	-3.426596E-5
7.700000E-9	-3.940199E-4
7.800000E-9	-3.254953E-4
7.900000E-9	-4.283153E-5
8.000000E-9	2.655290E-4
8.100000E-9	6.252829E-4
8.200000E-9	7.366354E-4
8.300000E-9	5.910207E-4
8.400000E-9	1.713077E-4
8.500000E-9	-1.798807E-4
8.600000E-9	-3.597576E-4
8.700000E-9	-3.683232E-4
8.800000E-9	-3.511921E-4
8.900000E-9	-2.655364E-4
9.000000E-9	-4.283153E-5
9.100000E-9	-1.370528E-4
9.200000E-9	-2.312741E-4
9.300000E-9	-3.169298E-4
9.400000E-9	-3.169298E-4
9.500000E-9	-2.055774E-4
9.600000E-9	-6.852824E-5
9.700000E-9	8.561889E-6
9.800000E-9	2.398323E-4
9.900000E-9	5.995531E-5
1.000000E-8	-5.996267E-5
1.010000E-8	-7.709381E-5
1.020000E-8	-1.284872E-4
1.030000E-8	-4.283153E-5
1.040000E-8	3.083568E-4
1.050000E-8	5.738895E-4
1.060000E-8	6.595452E-4
1.070000E-8	5.910207E-4
1.080000E-8	3.768814E-4
1.090000E-8	1.541766E-4
1.100000E-8	1.113487E-4
1.110000E-8	-2.570039E-5
1.120000E-8	-2.141429E-4
1.130000E-8	-3.426265E-4
1.140000E-8	-5.310690E-4
1.150000E-8	-5.824625E-4
1.160000E-8	-5.738969E-4
1.170000E-8	-2.398396E-4
1.180000E-8	1.456110E-4
1.190000E-8	5.139305E-4
1.200000E-8	8.051599E-4
1.210000E-8	9.336435E-4
1.220000E-8	8.394222E-4
1.230000E-8	6.938075E-4
1.240000E-8	3.854470E-4
1.250000E-8	1.627422E-4
1.260000E-8	3.425860E-5
1.270000E-8	-5.996267E-5
1.280000E-8	8.565202E-5
1.290000E-8	3.083568E-4
1.300000E-8	2.912257E-4
1.310000E-8	3.254880E-4
1.320000E-8	3.940125E-4
1.330000E-8	3.854470E-4
1.340000E-8	4.625371E-4
1.350000E-8	2.912257E-4
1.360000E-8	1.541766E-4
1.370000E-8	1.199143E-4
1.380000E-8	-6.852824E-5
1.390000E-8	1.712746E-5
1.400000E-8	-2.141429E-4
1.410000E-8	-1.370528E-4
1.420000E-8	4.282417E-5
1.430000E-8	4.796682E-4
1.440000E-8	7.109386E-4
1.450000E-8	8.651189E-4
1.460000E-8	8.822500E-4
1.470000E-8	6.852419E-4
1.480000E-8	3.083568E-4
1.490000E-8	-2.570039E-5
1.500000E-8	-2.484052E-4
1.510000E-8	-2.826675E-4
1.520000E-8	-1.027905E-4
1.530000E-8	2.398323E-4
1.540000E-8	5.910207E-4
1.550000E-8	6.509797E-4
1.560000E-8	5.910207E-4
1.570000E-8	5.139305E-4
1.580000E-8	4.111437E-4
1.590000E-8	3.597503E-4
1.600000E-8	2.569634E-4
1.610000E-8	3.854470E-4
1.620000E-8	4.882338E-4
1.630000E-8	4.796682E-4
1.640000E-8	5.481928E-4
1.650000E-8	3.426191E-4
1.660000E-8	1.456110E-4
1.670000E-8	-4.283153E-5
1.680000E-8	-7.709381E-5
1.690000E-8	-1.284872E-4
1.700000E-8	-1.113561E-4
1.710000E-8	-2.570039E-5
1.720000E-8	1.199143E-4
1.730000E-8	1.199143E-4
1.740000E-8	1.884389E-4
1.750000E-8	2.655290E-4
1.760000E-8	2.055700E-4
1.770000E-8	2.569634E-4
1.780000E-8	1.541766E-4
1.790000E-8	1.199143E-4
1.800000E-8	2.055700E-4
1.810000E-8	1.884389E-4
1.820000E-8	3.169224E-4
1.830000E-8	3.683158E-4
1.840000E-8	3.597503E-4
1.850000E-8	2.997913E-4
1.860000E-8	3.254880E-4
1.870000E-8	1.713077E-4
1.880000E-8	7.708645E-5
1.890000E-8	8.561889E-6
1.900000E-8	-5.996267E-5
1.910000E-8	-5.996267E-5
1.920000E-8	-3.681635E-9
1.930000E-8	-1.713482E-5
1.940000E-8	1.199143E-4
1.950000E-8	2.569634E-4
1.960000E-8	3.854470E-4
1.970000E-8	6.338485E-4
1.980000E-8	1.027865E-3
1.990000E-8	1.798766E-3
2.000000E-8	3.451921E-3
2.010000E-8	6.167207E-3
2.020000E-8	1.040716E-2
2.030000E-8	1.547798E-2
2.040000E-8	2.109700E-2
2.050000E-8	2.674171E-2
2.060000E-8	3.163265E-2
2.070000E-8	3.572699E-2
2.080000E-8	3.920461E-2
2.090000E-8	4.210834E-2
2.100000E-8	4.460092E-2
2.110000E-8	4.607420E-2
2.120000E-8	4.620268E-2
2.130000E-8	4.442961E-2
2.140000E-8	4.062650E-2
2.150000E-8	3.537580E-2
2.160000E-8	2.966257E-2
2.170000E-8	2.448040E-2
2.180000E-8	2.072868E-2
2.190000E-8	1.882712E-2
2.200000E-8	1.864724E-2
2.210000E-8	1.970937E-2
2.220000E-8	2.144818E-2
2.230000E-8	2.357245E-2
2.240000E-8	2.595367E-2
2.250000E-8	2.856617E-2
2.260000E-8	3.144420E-2
2.270000E-8	3.432224E-2
2.280000E-8	3.666920E-2
2.290000E-8	3.823670E-2
2.300000E-8	3.870781E-2
2.310000E-8	3.786838E-2
2.320000E-8	3.590687E-2
2.330000E-8	3.310593E-2
2.340000E-8	3.002232E-2
2.350000E-8	2.678453E-2
2.360000E-8	2.367523E-2
2.370000E-8	2.103704E-2
2.380000E-8	1.905839E-2
2.390000E-8	1.806478E-2
2.400000E-8	1.792773E-2
2.410000E-8	1.886995E-2
2.420000E-8	2.067728E-2
2.430000E-8	2.304138E-2
2.440000E-8	2.583376E-2
2.450000E-8	2.867753E-2
2.460000E-8	3.146134E-2
2.470000E-8	3.367982E-2
2.480000E-8	3.510170E-2
2.490000E-8	3.571842E-2
2.500000E-8	3.536724E-2
2.510000E-8	3.383400E-2
2.520000E-8	3.136711E-2
2.530000E-8	2.819785E-2
2.540000E-8	2.450609E-2
2.550000E-8	2.082290E-2
2.560000E-8	1.750802E-2
2.570000E-8	1.500688E-2
2.580000E-8	1.390192E-2
2.590000E-8	1.439872E-2
2.600000E-8	1.664290E-2
2.610000E-8	2.012909E-2
2.620000E-8	2.408638E-2
2.630000E-8	2.800085E-2
2.640000E-8	3.111871E-2
2.650000E-8	3.308879E-2
2.660000E-8	3.399674E-2
2.670000E-8	3.406527E-2
2.680000E-8	3.363699E-2
2.690000E-8	3.276330E-2
2.700000E-8	3.164121E-2
2.710000E-8	2.991953E-2
2.720000E-8	2.757257E-2
2.730000E-8	2.461744E-2
2.740000E-8	2.113126E-2
2.750000E-8	1.801339E-2
2.760000E-8	1.557220E-2
2.770000E-8	1.443298E-2
2.780000E-8	1.492979E-2
2.790000E-8	1.706261E-2
2.800000E-8	2.039462E-2
2.810000E-8	2.424913E-2
2.820000E-8	2.777814E-2
2.830000E-8	3.025359E-2
2.840000E-8	3.144420E-2
2.850000E-8	3.146134E-2
2.860000E-8	3.073326E-2
2.870000E-8	2.973966E-2
2.880000E-8	2.881457E-2
2.890000E-8	2.770105E-2
2.900000E-8	2.639908E-2
2.910000E-8	2.459175E-2
2.920000E-8	2.238183E-2
2.930000E-8	2.023187E-2
2.940000E-8	1.821040E-2
2.950000E-8	1.683134E-2
2.960000E-8	1.616323E-2
2.970000E-8	1.644589E-2
2.980000E-8	1.731958E-2
2.990000E-8	1.883569E-2
3.000000E-8	2.068585E-2
3.010000E-8	2.280154E-2
3.020000E-8	2.513138E-2
3.030000E-8	2.719568E-2
3.040000E-8	2.899445E-2
3.050000E-8	3.011654E-2
3.060000E-8	3.039920E-2
3.070000E-8	2.984244E-2
3.080000E-8	2.834347E-2
3.090000E-8	2.620208E-2
3.100000E-8	2.368380E-2
3.110000E-8	2.113982E-2
3.120000E-8	1.879286E-2
3.130000E-8	1.687417E-2
3.140000E-8	1.554651E-2
3.150000E-8	1.458716E-2
3.160000E-8	1.408179E-2
3.170000E-8	1.436446E-2
3.180000E-8	1.547798E-2
3.190000E-8	1.739667E-2
3.200000E-8	2.024044E-2
3.210000E-8	2.356388E-2
3.220000E-8	2.696441E-2
3.230000E-8	2.987671E-2
3.240000E-8	3.168404E-2
3.250000E-8	3.192388E-2
3.260000E-8	3.057052E-2
3.270000E-8	2.794945E-2
3.280000E-8	2.454892E-2
3.290000E-8	2.108843E-2
3.300000E-8	1.809905E-2
3.310000E-8	1.598335E-2
3.320000E-8	1.483556E-2
3.330000E-8	1.421884E-2
3.340000E-8	1.398757E-2
3.350000E-8	1.411606E-2
3.360000E-8	1.465569E-2
3.370000E-8	1.597478E-2
3.380000E-8	1.809048E-2
3.390000E-8	2.099421E-2
3.400000E-8	2.441187E-2
3.410000E-8	2.751261E-2
3.420000E-8	2.983388E-2
3.430000E-8	3.063048E-2
3.440000E-8	2.993666E-2
3.450000E-8	2.776957E-2
3.460000E-8	2.481445E-2
3.470000E-8	2.151671E-2
3.480000E-8	1.858728E-2
3.490000E-8	1.626601E-2
3.500000E-8	1.457860E-2
3.510000E-8	1.347364E-2
3.520000E-8	1.271987E-2
3.530000E-8	1.250573E-2
3.540000E-8	1.250573E-2
3.550000E-8	1.314815E-2
3.560000E-8	1.451864E-2
3.570000E-8	1.653155E-2
3.580000E-8	1.916118E-2
3.590000E-8	2.209060E-2
3.600000E-8	2.490011E-2
3.610000E-8	2.727277E-2
3.620000E-8	2.872892E-2
3.630000E-8	2.904584E-2
3.640000E-8	2.815503E-2
3.650000E-8	2.607359E-2
3.660000E-8	2.314417E-2
3.670000E-8	1.977790E-2
3.680000E-8	1.626601E-2
3.690000E-8	1.307962E-2
3.700000E-8	1.033007E-2
3.710000E-8	8.642657E-3
3.720000E-8	8.317165E-3
3.730000E-8	9.225115E-3
3.740000E-8	1.135794E-2
3.750000E-8	1.439015E-2
3.760000E-8	1.761081E-2
3.770000E-8	2.092568E-2
3.780000E-8	2.387224E-2
3.790000E-8	2.600507E-2
3.800000E-8	2.728990E-2
3.810000E-8	2.764966E-2
3.820000E-8	2.718712E-2
3.830000E-8	2.597937E-2
3.840000E-8	2.396646E-2
3.850000E-8	2.120835E-2
3.860000E-8	1.769646E-2
3.870000E-8	1.362782E-2
3.880000E-8	9.876099E-3
3.890000E-8	7.092288E-3
3.900000E-8	5.867412E-3
3.910000E-8	6.655444E-3
3.920000E-8	9.070935E-3
3.930000E-8	1.280552E-2
3.940000E-8	1.671999E-2
3.950000E-8	2.024900E-2
3.960000E-8	2.292146E-2
3.970000E-8	2.458318E-2
3.980000E-8	2.540548E-2
3.990000E-8	2.574810E-2
4.000000E-8	2.555966E-2
4.010000E-8	2.484015E-2
4.020000E-8	2.350392E-2
4.030000E-8	2.124261E-2
4.040000E-8	1.824466E-2
4.050000E-8	1.463856E-2
4.060000E-8	1.103245E-2
4.070000E-8	8.060198E-3
4.080000E-8	6.269994E-3
4.090000E-8	6.184338E-3
4.100000E-8	7.906018E-3
4.110000E-8	1.075835E-2
4.120000E-8	1.413319E-2
4.130000E-8	1.749089E-2
4.140000E-8	2.023187E-2
4.150000E-8	2.203921E-2
4.160000E-8	2.307564E-2
4.170000E-8	2.346966E-2
4.180000E-8	2.340113E-2
4.190000E-8	2.304995E-2
4.200000E-8	2.225335E-2
4.210000E-8	2.091712E-2
4.220000E-8	1.898130E-2
4.230000E-8	1.631741E-2
4.240000E-8	1.323380E-2
4.250000E-8	1.009024E-2
4.260000E-8	7.546264E-3
4.270000E-8	5.893109E-3
4.280000E-8	5.824584E-3
4.290000E-8	7.135116E-3
4.300000E-8	9.739050E-3
4.310000E-8	1.283979E-2
4.320000E-8	1.612896E-2
4.330000E-8	1.889564E-2
4.340000E-8	2.102847E-2
4.350000E-8	2.251031E-2
4.360000E-8	2.314417E-2
4.370000E-8	2.312704E-2
4.380000E-8	2.218482E-2
4.390000E-8	2.069441E-2
4.400000E-8	1.851876E-2
4.410000E-8	1.607757E-2
4.420000E-8	1.339655E-2
4.430000E-8	1.087827E-2
4.440000E-8	8.762575E-3
4.450000E-8	7.126551E-3
4.460000E-8	6.269994E-3
4.470000E-8	6.261428E-3
4.480000E-8	7.143682E-3
4.490000E-8	8.899624E-3
4.500000E-8	1.154638E-2
4.510000E-8	1.462999E-2
4.520000E-8	1.800482E-2
4.530000E-8	2.080577E-2
4.540000E-8	2.277585E-2
4.550000E-8	2.355531E-2
4.560000E-8	2.280154E-2
4.570000E-8	2.085716E-2
4.580000E-8	1.823610E-2
4.590000E-8	1.516106E-2
4.600000E-8	1.235155E-2
4.610000E-8	1.013307E-2
4.620000E-8	8.694050E-3
4.630000E-8	7.965977E-3
4.640000E-8	7.751837E-3
4.650000E-8	7.888886E-3
4.660000E-8	8.377124E-3
4.670000E-8	9.276509E-3
4.680000E-8	1.084401E-2
4.690000E-8	1.282265E-2
4.700000E-8	1.518675E-2
4.710000E-8	1.761081E-2
4.720000E-8	1.940101E-2
4.730000E-8	2.060876E-2
4.740000E-8	2.087429E-2
4.750000E-8	1.998347E-2
4.760000E-8	1.830462E-2
4.770000E-8	1.632597E-2
4.780000E-8	1.414175E-2
4.790000E-8	1.215454E-2
4.800000E-8	1.082688E-2
4.810000E-8	9.764746E-3
4.820000E-8	9.096632E-3
4.830000E-8	8.351427E-3
4.840000E-8	7.760403E-3
4.850000E-8	7.426346E-3
4.860000E-8	7.597657E-3
4.870000E-8	8.582698E-3
4.880000E-8	1.053565E-2
4.890000E-8	1.331089E-2
4.900000E-8	1.611183E-2
4.910000E-8	1.839884E-2
4.920000E-8	1.976077E-2
4.930000E-8	1.988068E-2
4.940000E-8	1.884425E-2
4.950000E-8	1.722536E-2
4.960000E-8	1.523815E-2
4.970000E-8	1.345651E-2
4.980000E-8	1.188901E-2
4.990000E-8	1.059561E-2
5.000000E-8	9.447820E-3
5.010000E-8	8.377124E-3
5.020000E-8	7.392083E-3
5.030000E-8	6.878149E-3
5.040000E-8	6.878149E-3
5.050000E-8	7.683313E-3
5.060000E-8	9.113763E-3
5.070000E-8	1.095536E-2
5.080000E-8	1.304536E-2
5.090000E-8	1.497261E-2
5.100000E-8	1.659151E-2
5.110000E-8	1.772216E-2
5.120000E-8	1.843310E-2
5.130000E-8	1.851876E-2
5.140000E-8	1.791060E-2
5.150000E-8	1.653155E-2
5.160000E-8	1.456147E-2
5.170000E-8	1.207745E-2
5.180000E-8	9.387861E-3
5.190000E-8	6.903846E-3
5.200000E-8	5.113642E-3
5.210000E-8	4.531183E-3
5.220000E-8	4.916634E-3
5.230000E-8	6.269994E-3
5.240000E-8	8.274337E-3
5.250000E-8	1.050995E-2
5.260000E-8	1.259138E-2
5.270000E-8	1.449294E-2
5.280000E-8	1.553794E-2
5.290000E-8	1.610327E-2
5.300000E-8	1.632597E-2
5.310000E-8	1.639450E-2
5.320000E-8	1.630884E-2
5.330000E-8	1.611183E-2
5.340000E-8	1.548655E-2
5.350000E-8	1.445011E-2
5.360000E-8	1.267704E-2
5.370000E-8	1.047569E-2
5.380000E-8	8.291468E-3
5.390000E-8	6.235731E-3
5.400000E-8	4.822412E-3
5.410000E-8	4.377003E-3
5.420000E-8	5.010855E-3
5.430000E-8	6.364215E-3
5.440000E-8	8.171550E-3
5.450000E-8	1.010737E-2
5.460000E-8	1.197466E-2
5.470000E-8	1.350790E-2
5.480000E-8	1.464712E-2
5.490000E-8	1.557220E-2
5.500000E-8	1.619749E-2
5.510000E-8	1.642019E-2
5.520000E-8	1.621462E-2
5.530000E-8	1.520388E-2
5.540000E-8	1.348220E-2
5.550000E-8	1.112667E-2
5.560000E-8	8.454214E-3
5.570000E-8	6.038723E-3
5.580000E-8	4.317044E-3
5.590000E-8	3.443356E-3
5.600000E-8	3.794544E-3
5.610000E-8	4.856675E-3
5.620000E-8	6.604051E-3
5.630000E-8	8.702616E-3
5.640000E-8	1.089540E-2
5.650000E-8	1.285692E-2
5.660000E-8	1.453577E-2
5.670000E-8	1.580347E-2
5.680000E-8	1.656581E-2
5.690000E-8	1.677138E-2
5.700000E-8	1.639450E-2
5.710000E-8	1.531524E-2
5.720000E-8	1.384196E-2
5.730000E-8	1.182048E-2
5.740000E-8	9.576304E-3
5.750000E-8	7.314993E-3
5.760000E-8	5.139338E-3
5.770000E-8	3.588970E-3
5.780000E-8	2.732413E-3
5.790000E-8	2.629626E-3
5.800000E-8	3.366265E-3
5.810000E-8	5.182166E-3
5.820000E-8	7.743272E-3
5.830000E-8	1.053565E-2
5.840000E-8	1.332802E-2
5.850000E-8	1.548655E-2
5.860000E-8	1.660864E-2
5.870000E-8	1.660864E-2
5.880000E-8	1.546942E-2
5.890000E-8	1.352503E-2
5.900000E-8	1.147786E-2
5.910000E-8	9.567738E-3
5.920000E-8	7.940280E-3
5.930000E-8	6.920977E-3
5.940000E-8	6.312822E-3
5.950000E-8	5.687535E-3
5.960000E-8	5.156470E-3
5.970000E-8	4.711060E-3
5.980000E-8	4.359872E-3
5.990000E-8	4.582576E-3
6.000000E-8	5.404871E-3
6.010000E-8	6.972370E-3
6.020000E-8	9.122329E-3
6.030000E-8	1.149499E-2
6.040000E-8	1.355073E-2
6.050000E-8	1.498974E-2
6.060000E-8	1.548655E-2
6.070000E-8	1.487839E-2
6.080000E-8	1.372204E-2
6.090000E-8	1.179479E-2
6.100000E-8	9.653394E-3
6.110000E-8	7.811796E-3
6.120000E-8	6.235731E-3
6.130000E-8	5.165035E-3
6.140000E-8	4.496921E-3
6.150000E-8	4.248519E-3
6.160000E-8	4.257085E-3
6.170000E-8	4.462658E-3
6.180000E-8	5.122207E-3
6.190000E-8	6.372781E-3
6.200000E-8	7.854624E-3
6.210000E-8	9.636263E-3
6.220000E-8	1.158921E-2
6.230000E-8	1.317384E-2
6.240000E-8	1.431306E-2
6.250000E-8	1.464712E-2
6.260000E-8	1.404753E-2
6.270000E-8	1.279696E-2
6.280000E-8	1.103245E-2
6.290000E-8	9.070935E-3
6.300000E-8	7.177944E-3
6.310000E-8	5.507658E-3
6.320000E-8	3.974421E-3
6.330000E-8	2.989380E-3
6.340000E-8	2.552536E-3
6.350000E-8	2.586799E-3
6.360000E-8	3.254913E-3
6.370000E-8	4.702494E-3
6.380000E-8	6.646879E-3
6.390000E-8	8.796837E-3
6.400000E-8	1.080975E-2
6.410000E-8	1.241151E-2
6.420000E-8	1.337085E-2
6.430000E-8	1.353360E-2
6.440000E-8	1.324237E-2
6.450000E-8	1.218880E-2
6.460000E-8	1.068983E-2
6.470000E-8	9.002411E-3
6.480000E-8	7.169379E-3
6.490000E-8	5.473396E-3
6.500000E-8	4.239954E-3
6.510000E-8	3.554708E-3
6.520000E-8	3.323438E-3
6.530000E-8	3.648929E-3
6.540000E-8	4.462658E-3
6.550000E-8	5.593314E-3
6.560000E-8	6.792493E-3
6.570000E-8	7.837493E-3
6.580000E-8	8.831099E-3
6.590000E-8	9.602000E-3
6.600000E-8	1.029581E-2
6.610000E-8	1.085257E-2
6.620000E-8	1.129798E-2
6.630000E-8	1.149499E-2
6.640000E-8	1.125516E-2
6.650000E-8	1.067270E-2
6.660000E-8	9.696222E-3
6.670000E-8	8.154419E-3
6.680000E-8	6.441305E-3
6.690000E-8	4.762453E-3
6.700000E-8	3.554708E-3
6.710000E-8	2.937987E-3
6.720000E-8	3.117864E-3
6.730000E-8	3.880200E-3
6.740000E-8	5.267822E-3
6.750000E-8	6.672575E-3
6.760000E-8	7.871755E-3
6.770000E-8	8.925320E-3
6.780000E-8	9.576304E-3
6.790000E-8	9.953189E-3
6.800000E-8	1.034721E-2
6.810000E-8	1.050995E-2
6.820000E-8	1.056134E-2
6.830000E-8	1.037290E-2
6.840000E-8	9.773312E-3
6.850000E-8	8.539870E-3
6.860000E-8	6.946674E-3
6.870000E-8	5.113642E-3
6.880000E-8	3.734585E-3
6.890000E-8	2.706716E-3
6.900000E-8	2.338397E-3
6.910000E-8	2.561102E-3
6.920000E-8	3.383397E-3
6.930000E-8	4.462658E-3
6.940000E-8	5.499092E-3
6.950000E-8	6.646879E-3
6.960000E-8	7.743272E-3
6.970000E-8	8.796837E-3
6.980000E-8	9.747615E-3
6.990000E-8	1.041573E-2
7.000000E-8	1.086970E-2
7.010000E-8	1.080975E-2
7.020000E-8	1.035577E-2
7.030000E-8	9.267943E-3
7.040000E-8	7.957411E-3
7.050000E-8	6.569789E-3
7.060000E-8	5.156470E-3
7.070000E-8	4.051511E-3
7.080000E-8	3.366265E-3
7.090000E-8	3.160692E-3
7.100000E-8	3.434790E-3
7.110000E-8	4.000118E-3
7.120000E-8	4.591142E-3
7.130000E-8	5.439133E-3
7.140000E-8	6.355649E-3
7.150000E-8	7.246469E-3
7.160000E-8	7.974542E-3
7.170000E-8	8.505607E-3
7.180000E-8	8.762575E-3
7.190000E-8	8.676919E-3
7.200000E-8	8.479911E-3
7.210000E-8	8.214378E-3
7.220000E-8	7.940280E-3
7.230000E-8	7.606223E-3
7.240000E-8	6.972370E-3
7.250000E-8	6.192904E-3
7.260000E-8	5.199297E-3
7.270000E-8	4.077208E-3
7.280000E-8	3.083602E-3
7.290000E-8	2.518274E-3
7.300000E-8	2.646758E-3
7.310000E-8	3.357700E-3
7.320000E-8	4.428396E-3
7.330000E-8	5.773191E-3
7.340000E-8	6.938108E-3
7.350000E-8	7.803231E-3
7.360000E-8	8.265772E-3
7.370000E-8	8.462780E-3
7.380000E-8	8.531304E-3
7.390000E-8	8.325731E-3
7.400000E-8	8.094460E-3
7.410000E-8	7.606223E-3
7.420000E-8	6.809625E-3
7.430000E-8	6.132945E-3
7.440000E-8	5.190732E-3
7.450000E-8	4.188560E-3
7.460000E-8	3.554708E-3
7.470000E-8	2.997946E-3
7.480000E-8	2.672454E-3
7.490000E-8	2.766675E-3
7.500000E-8	3.280610E-3
7.510000E-8	4.214257E-3
7.520000E-8	5.499092E-3
7.530000E-8	6.792493E-3
7.540000E-8	7.923149E-3
7.550000E-8	8.659788E-3
7.560000E-8	8.976714E-3
7.570000E-8	8.711181E-3
7.580000E-8	8.214378E-3
7.590000E-8	7.366387E-3
7.600000E-8	6.235731E-3
7.610000E-8	5.070814E-3
7.620000E-8	3.940159E-3
7.630000E-8	2.895159E-3
7.640000E-8	2.269872E-3
7.650000E-8	2.115692E-3
7.660000E-8	2.295569E-3
7.670000E-8	2.723848E-3
7.680000E-8	3.486183E-3
7.690000E-8	4.377003E-3
7.700000E-8	5.396306E-3
7.710000E-8	6.329953E-3
7.720000E-8	7.203641E-3
7.730000E-8	7.726141E-3
7.740000E-8	7.931714E-3
7.750000E-8	7.940280E-3
7.760000E-8	7.786100E-3
7.770000E-8	7.529132E-3
7.780000E-8	7.237903E-3
7.790000E-8	6.664010E-3
7.800000E-8	6.004461E-3
7.810000E-8	4.882371E-3
7.820000E-8	3.923027E-3
7.830000E-8	3.083602E-3
7.840000E-8	2.424053E-3
7.850000E-8	2.338397E-3
7.860000E-8	2.689585E-3
7.870000E-8	3.349134E-3
7.880000E-8	4.188560E-3
7.890000E-8	5.113642E-3
7.900000E-8	5.841715E-3
7.910000E-8	6.638313E-3
7.920000E-8	7.306428E-3
7.930000E-8	7.803231E-3
7.940000E-8	8.240075E-3
7.950000E-8	8.368558E-3
7.960000E-8	8.043067E-3
7.970000E-8	7.349256E-3
7.980000E-8	6.338518E-3
7.990000E-8	5.242125E-3
8.000000E-8	4.145732E-3
8.010000E-8	3.374831E-3
8.020000E-8	2.903725E-3
8.030000E-8	2.758110E-3
8.040000E-8	2.920856E-3
8.050000E-8	3.357700E-3
8.060000E-8	3.982986E-3
8.070000E-8	4.565445E-3
8.080000E-8	5.207863E-3
8.090000E-8	5.884543E-3
8.100000E-8	6.526961E-3
8.110000E-8	7.152247E-3
8.120000E-8	7.503436E-3
8.130000E-8	7.828927E-3
8.140000E-8	7.914583E-3
8.150000E-8	7.554829E-3
8.160000E-8	6.766797E-3
8.170000E-8	5.687535E-3
8.180000E-8	4.299913E-3
8.190000E-8	2.963684E-3
8.200000E-8	1.935815E-3
8.210000E-8	1.310529E-3
8.220000E-8	1.404750E-3
8.230000E-8	1.755938E-3
8.240000E-8	2.586799E-3
8.250000E-8	3.554708E-3
8.260000E-8	4.556880E-3
8.270000E-8	5.473396E-3
8.280000E-8	6.107248E-3
8.290000E-8	6.475567E-3
8.300000E-8	6.578354E-3
8.310000E-8	6.407043E-3
8.320000E-8	6.141510E-3
8.330000E-8	5.747494E-3
8.340000E-8	5.182166E-3
8.350000E-8	4.830978E-3
8.360000E-8	4.351306E-3
8.370000E-8	3.957290E-3
8.380000E-8	3.597536E-3
8.390000E-8	3.297741E-3
8.400000E-8	3.194954E-3
8.410000E-8	3.306306E-3
8.420000E-8	3.674626E-3
8.430000E-8	4.102904E-3
8.440000E-8	4.419831E-3
8.450000E-8	4.856675E-3
8.460000E-8	5.199297E-3
8.470000E-8	5.499092E-3
8.480000E-8	5.687535E-3
8.490000E-8	5.910240E-3
8.500000E-8	5.987330E-3
8.510000E-8	5.858846E-3
8.520000E-8	5.627576E-3
8.530000E-8	5.062248E-3
8.540000E-8	4.428396E-3
8.550000E-8	3.726019E-3
8.560000E-8	3.323438E-3
8.570000E-8	3.143561E-3
8.580000E-8	3.229216E-3
8.590000E-8	3.177823E-3
8.600000E-8	3.246347E-3
8.610000E-8	3.246347E-3
8.620000E-8	3.160692E-3
8.630000E-8	3.443356E-3
8.640000E-8	3.948724E-3
8.650000E-8	4.591142E-3
8.660000E-8	5.293519E-3
8.670000E-8	5.730363E-3
8.680000E-8	5.661838E-3
8.690000E-8	5.302084E-3
8.700000E-8	4.830978E-3
8.710000E-8	4.248519E-3
8.720000E-8	3.897331E-3
8.730000E-8	3.743150E-3
8.740000E-8	3.477618E-3
8.750000E-8	2.980815E-3
8.760000E-8	2.321266E-3
8.770000E-8	1.841594E-3
8.780000E-8	1.550365E-3
8.790000E-8	1.618889E-3
8.800000E-8	2.184217E-3
8.810000E-8	3.160692E-3
8.820000E-8	3.914462E-3
8.830000E-8	4.719625E-3
8.840000E-8	5.233560E-3
8.850000E-8	5.422002E-3
8.860000E-8	5.507658E-3
8.870000E-8	5.533355E-3
8.880000E-8	5.550486E-3
8.890000E-8	5.499092E-3
8.900000E-8	5.182166E-3
8.910000E-8	4.633970E-3
8.920000E-8	3.948724E-3
8.930000E-8	3.194954E-3
8.940000E-8	2.818069E-3
8.950000E-8	2.603930E-3
8.960000E-8	2.723848E-3
8.970000E-8	2.997946E-3
8.980000E-8	3.254913E-3
8.990000E-8	3.460487E-3
9.000000E-8	3.708888E-3
9.010000E-8	3.974421E-3
9.020000E-8	4.231388E-3
9.030000E-8	4.471224E-3
9.040000E-8	4.522617E-3
9.050000E-8	4.514052E-3
9.060000E-8	4.462658E-3
9.070000E-8	4.291347E-3
9.080000E-8	4.257085E-3
9.090000E-8	4.179995E-3
9.100000E-8	4.171429E-3
9.110000E-8	3.957290E-3
9.120000E-8	3.614667E-3
9.130000E-8	3.237782E-3
9.140000E-8	2.732413E-3
9.150000E-8	2.304135E-3
9.160000E-8	2.201348E-3
9.170000E-8	2.501143E-3
9.180000E-8	2.792372E-3
9.190000E-8	3.314872E-3
9.200000E-8	3.768847E-3
9.210000E-8	4.171429E-3
9.220000E-8	4.514052E-3
9.230000E-8	4.616839E-3
9.240000E-8	4.659666E-3
9.250000E-8	4.548314E-3
9.260000E-8	4.394134E-3
9.270000E-8	4.179995E-3
9.280000E-8	4.017249E-3
9.290000E-8	3.794544E-3
9.300000E-8	3.623233E-3
9.310000E-8	3.477618E-3
9.320000E-8	3.229216E-3
9.330000E-8	2.963684E-3
9.340000E-8	2.663889E-3
9.350000E-8	2.595364E-3
9.360000E-8	2.629626E-3
9.370000E-8	2.706716E-3
9.380000E-8	3.066470E-3
9.390000E-8	3.469052E-3
9.400000E-8	3.871634E-3
9.410000E-8	4.111470E-3
9.420000E-8	4.462658E-3
9.430000E-8	4.625404E-3
9.440000E-8	4.830978E-3
9.450000E-8	4.702494E-3
9.460000E-8	4.351306E-3
9.470000E-8	4.025814E-3
9.480000E-8	3.708888E-3
9.490000E-8	3.254913E-3
9.500000E-8	2.895159E-3
9.510000E-8	2.672454E-3
9.520000E-8	2.372659E-3
9.530000E-8	2.304135E-3
9.540000E-8	2.415487E-3
9.550000E-8	2.526840E-3
9.560000E-8	2.843766E-3
9.570000E-8	3.272044E-3
9.580000E-8	3.811675E-3
9.590000E-8	4.231388E-3
9.600000E-8	4.419831E-3
9.610000E-8	4.539749E-3
9.620000E-8	4.471224E-3
9.630000E-8	4.325609E-3
9.640000E-8	4.205691E-3
9.650000E-8	4.197126E-3
9.660000E-8	3.982986E-3
9.670000E-8	3.734585E-3
9.680000E-8	3.332003E-3
9.690000E-8	2.895159E-3
9.700000E-8	2.535405E-3
9.710000E-8	2.295569E-3
9.720000E-8	2.132823E-3
9.730000E-8	2.201348E-3
9.740000E-8	2.475446E-3
9.750000E-8	2.681020E-3
9.760000E-8	3.023643E-3
9.770000E-8	3.246347E-3
9.780000E-8	3.563274E-3
9.790000E-8	3.614667E-3
9.800000E-8	3.571839E-3
9.810000E-8	3.486183E-3
9.820000E-8	3.220651E-3
9.830000E-8	3.083602E-3
9.840000E-8	2.826634E-3
9.850000E-8	2.646758E-3
9.860000E-8	2.655323E-3
9.870000E-8	2.775241E-3
9.880000E-8	2.895159E-3
9.890000E-8	2.835200E-3
9.900000E-8	2.723848E-3
9.910000E-8	2.561102E-3
9.920000E-8	2.612495E-3
9.930000E-8	2.681020E-3
9.940000E-8	2.886593E-3
9.950000E-8	3.212085E-3
9.960000E-8	3.349134E-3
9.970000E-8	3.194954E-3
9.980000E-8	2.852331E-3
9.990000E-8	2.698151E-3
1.000000E-7	2.535405E-3
1.001000E-7	2.732413E-3
1.002000E-7	3.015077E-3
1.003000E-7	3.374831E-3
1.004000E-7	3.588970E-3
1.005000E-7	3.366265E-3
1.006000E-7	2.955118E-3
1.007000E-7	2.518274E-3
1.008000E-7	2.141389E-3
1.009000E-7	2.021471E-3
1.010000E-7	2.227045E-3
1.011000E-7	2.612495E-3
1.012000E-7	2.929421E-3
1.013000E-7	3.134995E-3
1.014000E-7	3.469052E-3
1.015000E-7	3.546142E-3
1.016000E-7	3.683191E-3
1.017000E-7	3.854503E-3
1.018000E-7	3.785978E-3
1.019000E-7	3.657495E-3
1.020000E-7	3.383397E-3
1.021000E-7	2.955118E-3
1.022000E-7	2.518274E-3
1.023000E-7	2.098561E-3
1.024000E-7	1.935815E-3
1.025000E-7	1.755938E-3
1.026000E-7	1.867291E-3
1.027000E-7	2.030036E-3
1.028000E-7	2.175651E-3
1.029000E-7	2.364094E-3
1.030000E-7	2.543971E-3
1.031000E-7	2.526840E-3
1.032000E-7	2.526840E-3
1.033000E-7	2.578233E-3
1.034000E-7	2.826634E-3
1.035000E-7	2.980815E-3
1.036000E-7	3.117864E-3
1.037000E-7	3.212085E-3
1.038000E-7	3.229216E-3
1.039000E-7	3.194954E-3
1.040000E-7	3.066470E-3
1.041000E-7	2.878028E-3
1.042000E-7	2.612495E-3
1.043000E-7	2.227045E-3
1.044000E-7	2.021471E-3
1.045000E-7	1.747373E-3
1.046000E-7	1.695979E-3
1.047000E-7	1.824463E-3
1.048000E-7	2.021471E-3
1.049000E-7	2.244176E-3
1.050000E-7	2.466881E-3
1.051000E-7	2.612495E-3
1.052000E-7	2.655323E-3
1.053000E-7	2.775241E-3
1.054000E-7	2.835200E-3
1.055000E-7	2.766675E-3
1.056000E-7	2.818069E-3
1.057000E-7	2.655323E-3
1.058000E-7	2.449749E-3
1.059000E-7	2.338397E-3
1.060000E-7	2.261307E-3
1.061000E-7	2.287004E-3
1.062000E-7	2.244176E-3
1.063000E-7	2.441184E-3
1.064000E-7	2.535405E-3
1.065000E-7	2.441184E-3
1.066000E-7	2.295569E-3
1.067000E-7	2.149954E-3
1.068000E-7	1.918684E-3
1.069000E-7	1.798766E-3
1.070000E-7	1.833028E-3
1.071000E-7	2.047168E-3
1.072000E-7	2.218479E-3
1.073000E-7	2.561102E-3
1.074000E-7	2.672454E-3
1.075000E-7	2.869462E-3
1.076000E-7	2.843766E-3
1.077000E-7	2.543971E-3
1.078000E-7	2.321266E-3
1.079000E-7	2.141389E-3
1.080000E-7	1.884422E-3
1.081000E-7	1.713110E-3
1.082000E-7	1.618889E-3
1.083000E-7	1.498971E-3
1.084000E-7	1.584627E-3
1.085000E-7	1.601758E-3
1.086000E-7	1.824463E-3
1.087000E-7	2.072864E-3
1.088000E-7	2.389790E-3
1.089000E-7	2.663889E-3
1.090000E-7	2.723848E-3
1.091000E-7	2.843766E-3
1.092000E-7	2.972249E-3
1.093000E-7	3.023643E-3
1.094000E-7	3.177823E-3
1.095000E-7	3.246347E-3
1.096000E-7	3.092167E-3
1.097000E-7	2.912290E-3
1.098000E-7	2.723848E-3
1.099000E-7	2.466881E-3
1.100000E-7	2.355528E-3
1.101000E-7	2.235610E-3
1.102000E-7	2.269872E-3
1.103000E-7	2.381225E-3
1.104000E-7	2.406922E-3
1.105000E-7	2.449749E-3
1.106000E-7	2.466881E-3
1.107000E-7	2.578233E-3
1.108000E-7	2.561102E-3
1.109000E-7	2.638192E-3
1.110000E-7	2.535405E-3
1.111000E-7	2.518274E-3
1.112000E-7	2.561102E-3
1.113000E-7	2.475446E-3
1.114000E-7	2.432618E-3
1.115000E-7	2.484012E-3
1.116000E-7	2.372659E-3
1.117000E-7	2.227045E-3
1.118000E-7	2.184217E-3
1.119000E-7	2.072864E-3
1.120000E-7	1.910118E-3
1.121000E-7	1.790200E-3
1.122000E-7	1.670283E-3
1.123000E-7	1.618889E-3
1.124000E-7	1.576061E-3
1.125000E-7	1.695979E-3
1.126000E-7	1.944381E-3
1.127000E-7	2.218479E-3
1.128000E-7	2.595364E-3
1.129000E-7	2.758110E-3
1.130000E-7	2.740979E-3
1.131000E-7	2.646758E-3
1.132000E-7	2.569667E-3
1.133000E-7	2.449749E-3
1.134000E-7	2.458315E-3
1.135000E-7	2.424053E-3
1.136000E-7	2.269872E-3
1.137000E-7	2.115692E-3
1.138000E-7	1.678848E-3
1.139000E-7	1.379053E-3
1.140000E-7	1.336225E-3
1.141000E-7	1.327660E-3
1.142000E-7	1.661717E-3
1.143000E-7	2.098561E-3
1.144000E-7	2.484012E-3
1.145000E-7	2.663889E-3
1.146000E-7	2.578233E-3
1.147000E-7	2.321266E-3
1.148000E-7	2.072864E-3
1.149000E-7	1.755938E-3
1.150000E-7	1.713110E-3
1.151000E-7	1.764504E-3
1.152000E-7	1.901553E-3
1.153000E-7	2.218479E-3
1.154000E-7	2.432618E-3
1.155000E-7	2.449749E-3
1.156000E-7	2.432618E-3
1.157000E-7	2.466881E-3
1.158000E-7	2.312700E-3
1.159000E-7	2.124258E-3
1.160000E-7	2.098561E-3
1.161000E-7	2.055733E-3
1.162000E-7	2.107127E-3
1.163000E-7	2.209913E-3
1.164000E-7	2.149954E-3
1.165000E-7	2.064299E-3
1.166000E-7	2.235610E-3
1.167000E-7	2.287004E-3
1.168000E-7	2.346963E-3
1.169000E-7	2.329831E-3
1.170000E-7	2.252741E-3
1.171000E-7	2.132823E-3
1.172000E-7	1.824463E-3
1.173000E-7	1.584627E-3
1.174000E-7	1.293397E-3
1.175000E-7	1.113520E-3
1.176000E-7	1.122086E-3
1.177000E-7	1.464709E-3
1.178000E-7	1.850159E-3
1.179000E-7	2.312700E-3
1.180000E-7	2.715282E-3
1.181000E-7	2.732413E-3
1.182000E-7	2.646758E-3
1.183000E-7	2.484012E-3
1.184000E-7	2.132823E-3
1.185000E-7	1.918684E-3
1.186000E-7	1.636020E-3
1.187000E-7	1.370488E-3
1.188000E-7	1.310529E-3
1.189000E-7	1.456143E-3
1.190000E-7	1.507537E-3
1.191000E-7	1.516102E-3
1.192000E-7	1.567496E-3
1.193000E-7	1.447578E-3
1.194000E-7	1.259135E-3
1.195000E-7	1.216307E-3
1.196000E-7	1.284832E-3
1.197000E-7	1.567496E-3
1.198000E-7	1.824463E-3
1.199000E-7	2.235610E-3
1.200000E-7	2.492577E-3
1.201000E-7	2.672454E-3
1.202000E-7	2.629626E-3
1.203000E-7	2.364094E-3
1.204000E-7	2.047168E-3
1.205000E-7	1.670283E-3
1.206000E-7	1.370488E-3
1.207000E-7	1.379053E-3
1.208000E-7	1.516102E-3
1.209000E-7	1.721676E-3
1.210000E-7	1.935815E-3
1.211000E-7	2.072864E-3
1.212000E-7	2.167086E-3
1.213000E-7	2.132823E-3
1.214000E-7	2.218479E-3
1.215000E-7	2.132823E-3
1.216000E-7	1.961512E-3
1.217000E-7	1.781635E-3
1.218000E-7	1.558930E-3
1.219000E-7	1.361922E-3
1.220000E-7	1.370488E-3
1.221000E-7	1.524668E-3
1.222000E-7	1.661717E-3
1.223000E-7	1.952946E-3
1.224000E-7	2.244176E-3
1.225000E-7	2.167086E-3
1.226000E-7	2.184217E-3
1.227000E-7	1.918684E-3
1.228000E-7	1.593192E-3
1.229000E-7	1.456143E-3
1.230000E-7	1.310529E-3
1.231000E-7	1.370488E-3
1.232000E-7	1.498971E-3
1.233000E-7	1.670283E-3
1.234000E-7	1.833028E-3
1.235000E-7	1.952946E-3
1.236000E-7	1.918684E-3
1.237000E-7	1.935815E-3
1.238000E-7	1.970077E-3
1.239000E-7	1.961512E-3
1.240000E-7	1.978643E-3
1.241000E-7	1.944381E-3
1.242000E-7	1.927250E-3
1.243000E-7	1.858725E-3
1.244000E-7	1.892987E-3
1.245000E-7	2.038602E-3
1.246000E-7	2.021471E-3
1.247000E-7	2.038602E-3
1.248000E-7	1.978643E-3
1.249000E-7	1.747373E-3
1.250000E-7	1.473274E-3
1.251000E-7	1.259135E-3
1.252000E-7	9.679057E-4
1.253000E-7	9.679057E-4
1.254000E-7	1.019299E-3
1.255000E-7	1.147783E-3
1.256000E-7	1.147783E-3
1.257000E-7	1.207742E-3
1.258000E-7	1.284832E-3
1.259000E-7	1.387619E-3
1.260000E-7	1.473274E-3
1.261000E-7	1.430447E-3
1.262000E-7	1.567496E-3
1.263000E-7	1.670283E-3
1.264000E-7	1.670283E-3
1.265000E-7	1.738807E-3
1.266000E-7	1.636020E-3
1.267000E-7	1.533233E-3
1.268000E-7	1.576061E-3
1.269000E-7	1.516102E-3
1.270000E-7	1.498971E-3
1.271000E-7	1.533233E-3
1.272000E-7	1.541799E-3
1.273000E-7	1.498971E-3
1.274000E-7	1.481840E-3
1.275000E-7	1.421881E-3
1.276000E-7	1.498971E-3
1.277000E-7	1.524668E-3
1.278000E-7	1.636020E-3
1.279000E-7	1.815897E-3
1.280000E-7	1.935815E-3
1.281000E-7	1.892987E-3
1.282000E-7	1.798766E-3
1.283000E-7	1.695979E-3
1.284000E-7	1.636020E-3
1.285000E-7	1.507537E-3
1.286000E-7	1.439012E-3
1.287000E-7	1.361922E-3
1.288000E-7	1.276266E-3
1.289000E-7	1.113520E-3
1.290000E-7	1.130652E-3
1.291000E-7	1.259135E-3
1.292000E-7	1.379053E-3
1.293000E-7	1.379053E-3
1.294000E-7	1.524668E-3
1.295000E-7	1.567496E-3
1.296000E-7	1.584627E-3
1.297000E-7	1.584627E-3
1.298000E-7	1.524668E-3
1.299000E-7	1.439012E-3
1.300000E-7	1.301963E-3
1.301000E-7	1.259135E-3
1.302000E-7	1.250570E-3
1.303000E-7	1.319094E-3
1.304000E-7	1.456143E-3
1.305000E-7	1.593192E-3
1.306000E-7	1.533233E-3
1.307000E-7	1.464709E-3
1.308000E-7	1.156348E-3
1.309000E-7	1.019299E-3
1.310000E-7	8.822500E-4
1.311000E-7	7.623321E-4
1.312000E-7	8.908156E-4
1.313000E-7	1.130652E-3
1.314000E-7	1.173479E-3
1.315000E-7	1.190611E-3
1.316000E-7	1.207742E-3
1.317000E-7	1.173479E-3
1.318000E-7	1.190611E-3
1.319000E-7	1.062127E-3
1.320000E-7	9.593402E-4
1.321000E-7	8.993812E-4
1.322000E-7	8.822500E-4
1.323000E-7	9.593402E-4
1.324000E-7	1.207742E-3
1.325000E-7	1.336225E-3
1.326000E-7	1.421881E-3
1.327000E-7	1.387619E-3
1.328000E-7	1.498971E-3
1.329000E-7	1.550365E-3
1.330000E-7	1.653151E-3
1.331000E-7	1.687414E-3
1.332000E-7	1.850159E-3
1.333000E-7	1.841594E-3
1.334000E-7	1.661717E-3
1.335000E-7	1.516102E-3
1.336000E-7	1.413315E-3
1.337000E-7	1.233438E-3
1.338000E-7	1.361922E-3
1.339000E-7	1.413315E-3
1.340000E-7	1.481840E-3
1.341000E-7	1.473274E-3
1.342000E-7	1.250570E-3
1.343000E-7	1.156348E-3
1.344000E-7	1.019299E-3
1.345000E-7	9.507746E-4
1.346000E-7	9.850369E-4
1.347000E-7	1.027865E-3
1.348000E-7	9.679057E-4
1.349000E-7	1.027865E-3
1.350000E-7	8.651189E-4
1.351000E-7	8.822500E-4
1.352000E-7	9.850369E-4
1.353000E-7	1.079258E-3
1.354000E-7	1.242004E-3
1.355000E-7	1.387619E-3
1.356000E-7	1.370488E-3
1.357000E-7	1.284832E-3
1.358000E-7	1.199176E-3
1.359000E-7	1.070693E-3
1.360000E-7	9.507746E-4
1.361000E-7	7.880288E-4
1.362000E-7	6.938075E-4
1.363000E-7	7.452009E-4
1.364000E-7	9.422090E-4
1.365000E-7	1.087824E-3
1.366000E-7	1.447578E-3
1.367000E-7	1.653151E-3
1.368000E-7	1.790200E-3
1.369000E-7	1.713110E-3
1.370000E-7	1.670283E-3
1.371000E-7	1.576061E-3
1.372000E-7	1.550365E-3
1.373000E-7	1.456143E-3
1.374000E-7	1.473274E-3
1.375000E-7	1.550365E-3
1.376000E-7	1.284832E-3
1.377000E-7	1.104955E-3
1.378000E-7	9.507746E-4
1.379000E-7	7.195042E-4
1.380000E-7	7.794632E-4
1.381000E-7	8.565533E-4
1.382000E-7	9.764713E-4
1.383000E-7	1.173479E-3
1.384000E-7	1.207742E-3
1.385000E-7	1.353356E-3
1.386000E-7	1.353356E-3
1.387000E-7	1.370488E-3
1.388000E-7	1.473274E-3
1.389000E-7	1.541799E-3
1.390000E-7	1.567496E-3
1.391000E-7	1.713110E-3
1.392000E-7	1.695979E-3
1.393000E-7	1.584627E-3
1.394000E-7	1.413315E-3
1.395000E-7	1.156348E-3
1.396000E-7	9.422090E-4
1.397000E-7	9.250779E-4
1.398000E-7	7.880288E-4
1.399000E-7	8.222911E-4
1.400000E-7	9.422090E-4
1.401000E-7	1.113520E-3
1.402000E-7	1.147783E-3
1.403000E-7	1.122086E-3
1.404000E-7	9.507746E-4
1.405000E-7	7.880288E-4
1.406000E-7	6.252829E-4
1.407000E-7	6.081518E-4
1.408000E-7	7.537665E-4
1.409000E-7	9.507746E-4
1.410000E-7	1.259135E-3
1.411000E-7	1.404750E-3
1.412000E-7	1.404750E-3
1.413000E-7	1.344791E-3
1.414000E-7	1.156348E-3
1.415000E-7	8.736845E-4
1.416000E-7	8.565533E-4
1.417000E-7	8.565533E-4
1.418000E-7	1.096389E-3
1.419000E-7	1.164914E-3
1.420000E-7	1.139217E-3
1.421000E-7	1.104955E-3
1.422000E-7	9.250779E-4
1.423000E-7	8.908156E-4
1.424000E-7	9.250779E-4
1.425000E-7	9.250779E-4
1.426000E-7	9.422090E-4
1.427000E-7	1.130652E-3
1.428000E-7	1.293397E-3
1.429000E-7	1.618889E-3
1.430000E-7	1.773069E-3
1.431000E-7	1.858725E-3
1.432000E-7	1.824463E-3
1.433000E-7	1.593192E-3
1.434000E-7	1.353356E-3
1.435000E-7	1.173479E-3
1.436000E-7	8.908156E-4
1.437000E-7	1.002168E-3
1.438000E-7	1.070693E-3
1.439000E-7	1.027865E-3
1.440000E-7	9.936025E-4
1.441000E-7	9.422090E-4
1.442000E-7	8.822500E-4
1.443000E-7	8.651189E-4
1.444000E-7	1.027865E-3
1.445000E-7	1.173479E-3
1.446000E-7	1.481840E-3
1.447000E-7	1.533233E-3
1.448000E-7	1.481840E-3
1.449000E-7	1.361922E-3
1.450000E-7	1.139217E-3
1.451000E-7	1.027865E-3
1.452000E-7	8.051599E-4
1.453000E-7	6.766764E-4
1.454000E-7	7.109386E-4
1.455000E-7	9.250779E-4
1.456000E-7	1.027865E-3
1.457000E-7	1.387619E-3
1.458000E-7	1.593192E-3
1.459000E-7	1.713110E-3
1.460000E-7	1.738807E-3
1.461000E-7	1.456143E-3
1.462000E-7	1.242004E-3
1.463000E-7	1.182045E-3
1.464000E-7	1.096389E-3
1.465000E-7	1.044996E-3
1.466000E-7	1.079258E-3
1.467000E-7	9.336435E-4
1.468000E-7	8.908156E-4
1.469000E-7	7.794632E-4
1.470000E-7	8.137255E-4
1.471000E-7	8.908156E-4
1.472000E-7	1.139217E-3
1.473000E-7	1.370488E-3
1.474000E-7	1.610324E-3
1.475000E-7	1.550365E-3
1.476000E-7	1.447578E-3
1.477000E-7	1.319094E-3
1.478000E-7	1.139217E-3
1.479000E-7	9.593402E-4
1.480000E-7	8.993812E-4
1.481000E-7	8.822500E-4
1.482000E-7	1.010734E-3
1.483000E-7	8.736845E-4
1.484000E-7	6.509797E-4
1.485000E-7	5.224961E-4
1.486000E-7	4.796682E-4
1.487000E-7	5.224961E-4
1.488000E-7	7.537665E-4
1.489000E-7	1.036430E-3
1.490000E-7	1.267701E-3
1.491000E-7	1.421881E-3
1.492000E-7	1.336225E-3
1.493000E-7	1.224873E-3
1.494000E-7	1.087824E-3
1.495000E-7	1.122086E-3
1.496000E-7	1.190611E-3
1.497000E-7	1.353356E-3
1.498000E-7	1.490406E-3
1.499000E-7	1.293397E-3
1.500000E-7	1.164914E-3
1.501000E-7	7.537665E-4
1.502000E-7	5.481928E-4
1.503000E-7	4.882338E-4
1.504000E-7	6.252829E-4
1.505000E-7	9.507746E-4
1.506000E-7	1.284832E-3
1.507000E-7	1.644586E-3
1.508000E-7	1.850159E-3
1.509000E-7	1.747373E-3
1.510000E-7	1.781635E-3
1.511000E-7	1.601758E-3
1.512000E-7	1.421881E-3
1.513000E-7	1.387619E-3
1.514000E-7	1.250570E-3
1.515000E-7	1.199176E-3
1.516000E-7	1.044996E-3
1.517000E-7	1.002168E-3
1.518000E-7	9.593402E-4
1.519000E-7	1.062127E-3
1.520000E-7	1.216307E-3
1.521000E-7	1.344791E-3
1.522000E-7	1.216307E-3
1.523000E-7	9.507746E-4
1.524000E-7	6.167174E-4
1.525000E-7	4.711027E-4
1.526000E-7	4.025781E-4
1.527000E-7	5.910207E-4
1.528000E-7	7.195042E-4
1.529000E-7	6.509797E-4
1.530000E-7	6.167174E-4
1.531000E-7	3.940125E-4
1.532000E-7	1.713077E-4
1.533000E-7	7.708645E-5
1.534000E-7	1.970044E-4
1.535000E-7	4.454060E-4
1.536000E-7	6.852419E-4
1.537000E-7	8.736845E-4
1.538000E-7	8.908156E-4
1.539000E-7	9.250779E-4
1.540000E-7	8.394222E-4
1.541000E-7	8.222911E-4
1.542000E-7	9.764713E-4
1.543000E-7	1.044996E-3
1.544000E-7	1.053561E-3
1.545000E-7	9.936025E-4
1.546000E-7	8.993812E-4
1.547000E-7	7.623321E-4
1.548000E-7	7.880288E-4
1.549000E-7	8.736845E-4
1.550000E-7	1.156348E-3
1.551000E-7	1.319094E-3
1.552000E-7	1.370488E-3
1.553000E-7	1.353356E-3
1.554000E-7	1.139217E-3
1.555000E-7	8.137255E-4
1.556000E-7	7.880288E-4
1.557000E-7	8.308566E-4
1.558000E-7	9.422090E-4
1.559000E-7	1.087824E-3
1.560000E-7	1.130652E-3
1.561000E-7	8.651189E-4
1.562000E-7	5.995862E-4
1.563000E-7	4.111437E-4
1.564000E-7	3.683158E-4
1.565000E-7	4.539715E-4
1.566000E-7	5.653239E-4
1.567000E-7	8.308566E-4
1.568000E-7	1.010734E-3
1.569000E-7	9.507746E-4
1.570000E-7	8.651189E-4
1.571000E-7	7.452009E-4
1.572000E-7	6.081518E-4
1.573000E-7	5.738895E-4
1.574000E-7	5.396272E-4
1.575000E-7	4.025781E-4
1.576000E-7	3.340536E-4
1.577000E-7	3.683158E-4
1.578000E-7	4.282748E-4
1.579000E-7	6.595452E-4
1.580000E-7	8.394222E-4
1.581000E-7	9.850369E-4
1.582000E-7	1.104955E-3
1.583000E-7	1.173479E-3
1.584000E-7	1.216307E-3
1.585000E-7	1.319094E-3
1.586000E-7	1.319094E-3
1.587000E-7	1.147783E-3
1.588000E-7	1.096389E-3
1.589000E-7	1.044996E-3
1.590000E-7	1.096389E-3
1.591000E-7	1.113520E-3
1.592000E-7	1.190611E-3
1.593000E-7	1.361922E-3
1.594000E-7	1.353356E-3
1.595000E-7	1.199176E-3
1.596000E-7	8.822500E-4
1.597000E-7	4.796682E-4
1.598000E-7	3.426191E-4
1.599000E-7	1.798733E-4
1.600000E-7	2.912257E-4
1.601000E-7	4.796682E-4
1.602000E-7	6.424141E-4
1.603000E-7	7.452009E-4
1.604000E-7	8.736845E-4
1.605000E-7	8.822500E-4
1.606000E-7	9.936025E-4
1.607000E-7	9.679057E-4
1.608000E-7	8.908156E-4
1.609000E-7	7.623321E-4
1.610000E-7	9.079468E-4
1.611000E-7	1.053561E-3
1.612000E-7	1.224873E-3
1.613000E-7	1.379053E-3
1.614000E-7	1.439012E-3
1.615000E-7	1.259135E-3
1.616000E-7	9.250779E-4
1.617000E-7	5.995862E-4
1.618000E-7	3.426191E-4
1.619000E-7	2.483979E-4
1.620000E-7	3.254880E-4
1.621000E-7	6.595452E-4
1.622000E-7	9.679057E-4
1.623000E-7	1.044996E-3
1.624000E-7	1.010734E-3
1.625000E-7	9.850369E-4
1.626000E-7	9.079468E-4
1.627000E-7	7.708976E-4
1.628000E-7	7.880288E-4
1.629000E-7	8.479878E-4
1.630000E-7	7.880288E-4
1.631000E-7	8.137255E-4
1.632000E-7	9.422090E-4
1.633000E-7	9.165123E-4
1.634000E-7	7.708976E-4
1.635000E-7	7.109386E-4
1.636000E-7	6.766764E-4
1.637000E-7	6.252829E-4
1.638000E-7	4.967994E-4
1.639000E-7	4.197093E-4
1.640000E-7	3.854470E-4
1.641000E-7	4.796682E-4
1.642000E-7	7.023731E-4
1.643000E-7	9.336435E-4
1.644000E-7	1.216307E-3
1.645000E-7	1.250570E-3
1.646000E-7	1.156348E-3
1.647000E-7	1.019299E-3
1.648000E-7	8.736845E-4
1.649000E-7	1.053561E-3
1.650000E-7	1.233438E-3
1.651000E-7	1.319094E-3
1.652000E-7	1.498971E-3
1.653000E-7	1.421881E-3
1.654000E-7	1.259135E-3
1.655000E-7	1.104955E-3
1.656000E-7	8.308566E-4
1.657000E-7	7.195042E-4
1.658000E-7	8.137255E-4
1.659000E-7	8.565533E-4
1.660000E-7	8.308566E-4
1.661000E-7	9.593402E-4
1.662000E-7	9.079468E-4
1.663000E-7	9.593402E-4
1.664000E-7	8.479878E-4
1.665000E-7	6.938075E-4
1.666000E-7	5.824551E-4
1.667000E-7	5.824551E-4
1.668000E-7	6.938075E-4
1.669000E-7	7.452009E-4
1.670000E-7	9.336435E-4
1.671000E-7	1.053561E-3
1.672000E-7	1.104955E-3
1.673000E-7	1.002168E-3
1.674000E-7	8.822500E-4
1.675000E-7	9.679057E-4
1.676000E-7	9.079468E-4
1.677000E-7	8.651189E-4
1.678000E-7	9.336435E-4
1.679000E-7	1.027865E-3
1.680000E-7	1.070693E-3
1.681000E-7	1.147783E-3
1.682000E-7	1.053561E-3
1.683000E-7	8.736845E-4
1.684000E-7	8.908156E-4
1.685000E-7	6.252829E-4
1.686000E-7	4.711027E-4
1.687000E-7	3.768814E-4
1.688000E-7	3.854470E-4
1.689000E-7	4.197093E-4
1.690000E-7	5.653239E-4
1.691000E-7	6.766764E-4
1.692000E-7	6.766764E-4
1.693000E-7	6.766764E-4
1.694000E-7	7.452009E-4
1.695000E-7	1.002168E-3
1.696000E-7	1.036430E-3
1.697000E-7	1.010734E-3
1.698000E-7	8.651189E-4
1.699000E-7	6.509797E-4
1.700000E-7	3.768814E-4
1.701000E-7	1.713077E-4
1.702000E-7	2.655290E-4
1.703000E-7	4.025781E-4
1.704000E-7	7.109386E-4
1.705000E-7	8.993812E-4
1.706000E-7	9.250779E-4
1.707000E-7	7.023731E-4
1.708000E-7	3.597503E-4
1.709000E-7	1.456110E-4
1.710000E-7	6.852088E-5
1.711000E-7	1.113487E-4
1.712000E-7	4.625371E-4
1.713000E-7	7.366354E-4
1.714000E-7	9.079468E-4
1.715000E-7	7.708976E-4
1.716000E-7	5.995862E-4
1.717000E-7	3.511847E-4
1.718000E-7	1.113487E-4
1.719000E-7	-5.139710E-5
1.720000E-7	-1.713482E-5
1.721000E-7	7.708645E-5
1.722000E-7	2.912257E-4
1.723000E-7	5.224961E-4
1.724000E-7	9.079468E-4
1.725000E-7	1.310529E-3
1.726000E-7	1.404750E-3
1.727000E-7	1.267701E-3
1.728000E-7	1.027865E-3
1.729000E-7	6.338485E-4
1.730000E-7	3.854470E-4
1.731000E-7	3.683158E-4
1.732000E-7	5.910207E-4
1.733000E-7	1.044996E-3
1.734000E-7	1.481840E-3
1.735000E-7	1.704545E-3
1.736000E-7	1.824463E-3
1.737000E-7	1.567496E-3
1.738000E-7	1.207742E-3
1.739000E-7	9.079468E-4
1.740000E-7	7.195042E-4
1.741000E-7	7.965943E-4
1.742000E-7	9.507746E-4
1.743000E-7	1.096389E-3
1.744000E-7	1.301963E-3
1.745000E-7	1.293397E-3
1.746000E-7	1.104955E-3
1.747000E-7	9.936025E-4
1.748000E-7	1.044996E-3
1.749000E-7	1.019299E-3
1.750000E-7	9.336435E-4
1.751000E-7	7.965943E-4
1.752000E-7	6.852419E-4
1.753000E-7	4.967994E-4
1.754000E-7	5.653239E-4
1.755000E-7	4.454060E-4
1.756000E-7	5.224961E-4
1.757000E-7	4.882338E-4
1.758000E-7	5.139305E-4
1.759000E-7	6.081518E-4
1.760000E-7	4.454060E-4
1.761000E-7	3.854470E-4
1.762000E-7	1.199143E-4
1.763000E-7	-3.681635E-9
1.764000E-7	2.912257E-4
1.765000E-7	3.683158E-4
1.766000E-7	7.280698E-4
1.767000E-7	8.736845E-4
1.768000E-7	9.250779E-4
1.769000E-7	8.993812E-4
1.770000E-7	8.736845E-4
1.771000E-7	8.051599E-4
1.772000E-7	7.623321E-4
1.773000E-7	6.852419E-4
1.774000E-7	6.509797E-4
1.775000E-7	7.452009E-4
1.776000E-7	6.595452E-4
1.777000E-7	6.766764E-4
1.778000E-7	7.537665E-4
1.779000E-7	8.222911E-4
1.780000E-7	8.565533E-4
1.781000E-7	6.938075E-4
1.782000E-7	6.766764E-4
1.783000E-7	6.595452E-4
1.784000E-7	6.938075E-4
1.785000E-7	7.452009E-4
1.786000E-7	9.679057E-4
1.787000E-7	1.147783E-3
1.788000E-7	1.199176E-3
1.789000E-7	1.216307E-3
1.790000E-7	1.147783E-3
1.791000E-7	1.010734E-3
1.792000E-7	8.137255E-4
1.793000E-7	7.452009E-4
1.794000E-7	7.623321E-4
1.795000E-7	8.736845E-4
1.796000E-7	1.019299E-3
1.797000E-7	9.679057E-4
1.798000E-7	1.002168E-3
1.799000E-7	1.019299E-3
1.800000E-7	1.027865E-3
1.801000E-7	1.019299E-3
1.802000E-7	1.044996E-3
1.803000E-7	9.593402E-4
1.804000E-7	7.794632E-4
1.805000E-7	5.995862E-4
1.806000E-7	3.683158E-4
1.807000E-7	2.483979E-4
1.808000E-7	1.370454E-4
1.809000E-7	2.055700E-4
1.810000E-7	1.798733E-4
1.811000E-7	3.597503E-4
1.812000E-7	5.824551E-4
1.813000E-7	8.993812E-4
1.814000E-7	1.130652E-3
1.815000E-7	1.250570E-3
1.816000E-7	1.002168E-3
1.817000E-7	7.623321E-4
1.818000E-7	5.139305E-4
1.819000E-7	1.970044E-4
1.820000E-7	5.995531E-5
1.821000E-7	-1.027905E-4
1.822000E-7	-2.227085E-4
1.823000E-7	-7.709381E-5
1.824000E-7	1.027832E-4
1.825000E-7	3.597503E-4
1.826000E-7	5.995862E-4
1.827000E-7	8.479878E-4
1.828000E-7	8.908156E-4
1.829000E-7	7.023731E-4
1.830000E-7	6.681108E-4
1.831000E-7	5.567584E-4
1.832000E-7	5.224961E-4
1.833000E-7	6.081518E-4
1.834000E-7	6.252829E-4
1.835000E-7	6.081518E-4
1.836000E-7	5.224961E-4
1.837000E-7	6.252829E-4
1.838000E-7	8.479878E-4
1.839000E-7	1.036430E-3
1.840000E-7	1.310529E-3
1.841000E-7	1.379053E-3
1.842000E-7	1.430447E-3
1.843000E-7	1.122086E-3
1.844000E-7	8.308566E-4
1.845000E-7	6.938075E-4
1.846000E-7	4.711027E-4
1.847000E-7	4.368404E-4
1.848000E-7	4.368404E-4
1.849000E-7	3.254880E-4
1.850000E-7	2.740946E-4
1.851000E-7	1.884389E-4
1.852000E-7	-3.426596E-5
1.853000E-7	-1.370528E-4
1.854000E-7	-1.199217E-4
1.855000E-7	8.565202E-5
1.856000E-7	4.111437E-4
1.857000E-7	6.938075E-4
1.858000E-7	9.079468E-4
1.859000E-7	1.002168E-3
1.860000E-7	8.479878E-4
1.861000E-7	8.394222E-4
1.862000E-7	6.424141E-4
1.863000E-7	6.252829E-4
1.864000E-7	6.081518E-4
1.865000E-7	5.995862E-4
1.866000E-7	6.338485E-4
1.867000E-7	5.738895E-4
1.868000E-7	6.938075E-4
1.869000E-7	7.794632E-4
1.870000E-7	8.222911E-4
1.871000E-7	7.623321E-4
1.872000E-7	7.708976E-4
1.873000E-7	6.509797E-4
1.874000E-7	6.766764E-4
1.875000E-7	5.139305E-4
1.876000E-7	5.396272E-4
1.877000E-7	4.711027E-4
1.878000E-7	4.625371E-4
1.879000E-7	5.396272E-4
1.880000E-7	5.824551E-4
1.881000E-7	8.308566E-4
1.882000E-7	9.165123E-4
1.883000E-7	9.593402E-4
1.884000E-7	7.708976E-4
1.885000E-7	6.852419E-4
1.886000E-7	5.053650E-4
1.887000E-7	5.224961E-4
1.888000E-7	5.224961E-4
1.889000E-7	7.280698E-4
1.890000E-7	9.079468E-4
1.891000E-7	9.936025E-4
1.892000E-7	8.736845E-4
1.893000E-7	6.424141E-4
1.894000E-7	2.997913E-4
1.895000E-7	1.627422E-4
1.896000E-7	1.884389E-4
1.897000E-7	3.940125E-4
1.898000E-7	6.081518E-4
1.899000E-7	5.224961E-4
1.900000E-7	2.569634E-4
1.901000E-7	9.421759E-5
1.902000E-7	-8.565938E-5
1.903000E-7	5.995531E-5
1.904000E-7	2.655290E-4
1.905000E-7	4.282748E-4
1.906000E-7	4.454060E-4
1.907000E-7	3.083568E-4
1.908000E-7	3.597503E-4
1.909000E-7	1.798733E-4
1.910000E-7	3.169224E-4
1.911000E-7	3.511847E-4
1.912000E-7	2.398323E-4
1.913000E-7	1.370454E-4
1.914000E-7	-8.565938E-5
1.915000E-7	-1.284872E-4
1.916000E-7	-5.139710E-5
1.917000E-7	2.227011E-4
1.918000E-7	6.081518E-4
1.919000E-7	8.908156E-4
1.920000E-7	1.044996E-3
1.921000E-7	1.027865E-3
1.922000E-7	7.623321E-4
1.923000E-7	4.111437E-4
1.924000E-7	1.027832E-4
1.925000E-7	-1.199217E-4
1.926000E-7	-3.426596E-5
1.927000E-7	-6.852824E-5
1.928000E-7	1.541766E-4
1.929000E-7	4.282748E-4
1.930000E-7	6.081518E-4
1.931000E-7	7.965943E-4
1.932000E-7	8.822500E-4
1.933000E-7	8.822500E-4
1.934000E-7	7.880288E-4
1.935000E-7	4.967994E-4
1.936000E-7	3.169224E-4
1.937000E-7	2.312667E-4
1.938000E-7	1.456110E-4
1.939000E-7	1.713077E-4
1.940000E-7	4.111437E-4
1.941000E-7	6.852419E-4
1.942000E-7	7.794632E-4
1.943000E-7	7.366354E-4
1.944000E-7	6.509797E-4
1.945000E-7	2.655290E-4
1.946000E-7	-3.681635E-9
1.947000E-7	-9.422495E-5
1.948000E-7	-2.570039E-5
1.949000E-7	-7.709381E-5
1.950000E-7	1.541766E-4
1.951000E-7	2.997913E-4
1.952000E-7	3.768814E-4
1.953000E-7	3.511847E-4
1.954000E-7	4.882338E-4
1.955000E-7	7.280698E-4
1.956000E-7	8.736845E-4
1.957000E-7	9.679057E-4
1.958000E-7	7.965943E-4
1.959000E-7	6.852419E-4
1.960000E-7	5.396272E-4
1.961000E-7	3.768814E-4
1.962000E-7	4.625371E-4
1.963000E-7	5.653239E-4
1.964000E-7	7.109386E-4
1.965000E-7	8.993812E-4
1.966000E-7	7.708976E-4
1.967000E-7	6.424141E-4
1.968000E-7	5.139305E-4
1.969000E-7	3.683158E-4
1.970000E-7	3.169224E-4
1.971000E-7	3.426191E-4
1.972000E-7	2.740946E-4
1.973000E-7	4.111437E-4
1.974000E-7	5.995862E-4
1.975000E-7	6.938075E-4
1.976000E-7	6.252829E-4
1.977000E-7	4.796682E-4
1.978000E-7	4.625371E-4
1.979000E-7	4.796682E-4
1.980000E-7	4.454060E-4
1.981000E-7	4.796682E-4
1.982000E-7	4.368404E-4
1.983000E-7	4.796682E-4
1.984000E-7	4.711027E-4
1.985000E-7	3.426191E-4
1.986000E-7	2.740946E-4
1.987000E-7	1.541766E-4
1.988000E-7	2.655290E-4
1.989000E-7	4.282417E-5
1.990000E-7	8.565202E-5
1.991000E-7	1.284799E-4
1.992000E-7	2.398323E-4
1.993000E-7	3.940125E-4
1.994000E-7	5.738895E-4
1.995000E-7	6.595452E-4
1.996000E-7	6.338485E-4
1.997000E-7	6.852419E-4
1.998000E-7	6.852419E-4
1.999000E-7	7.195042E-4
2.000000E-7	8.051599E-4
2.001000E-7	8.651189E-4
