run_name grating_value[um] SAW_freq[Hz] SAW_freq_error[Hz] SAW_speed[m/s] Thermal_diffusivity[m^2s^-1] Thermal_diffusivity_error[m^2s^-1] Acoustic_damping[s] Acoustic_damping_error[s] A[Wm^-2] A_err[Wm^-2] Displacement_reflectance_ratio[s^0.5] Displacement_reflectance_ratio_err[s^0.5] B[Wm^-2] B_err[Wm^-2] Acoustic_phase Acoustic_phase_err C[Wm^-2] C_err[Wm^-2] Time[hh:mm:ss]
044_18-2024-10-03-06.40um-spot00-1 3.536 5.31488e+08 2.86827e+03 1879.3408 7.9944603e-06 9.6030503e-08 11352349 3.7247103e-08 3.6646517e-08 4.9543724e-10 0.19327976 0.0067954503 2.1233845e-05 1.3224453e-06 0.024175931 0.00027302097 -1.3931869 0.0070769565 2.0426361e-05 6.8103098e-05 15:10:21
044_18-2024-10-03-06.40um-spot00-2 3.536 5.31697e+08 2.58303e+03 1880.0812 8.041227e-06 9.7233738e-08 11060346 3.7232434e-08 3.6220014e-08 4.8108437e-10 0.19682464 0.0071350213 1.9517764e-05 1.4219519e-06 0.025812835 0.00028712079 -1.4401474 0.0069635272 0.00044269248 7.047919e-05 15:10:39
044_18-2024-10-03-06.40um-spot00-3 3.536 5.31541e+08 2.86128e+03 1879.5273 7.976341e-06 9.8876686e-08 11287228 3.7243407e-08 3.5026164e-08 4.8493495e-10 0.19809521 0.0071664309 2.2506949e-05 1.3247039e-06 0.025094717 0.00029445105 -2.0555747 0.0073133102 5.16676e-05 7.0465507e-05 15:10:51
044_18-2024-10-03-06.40um-spot00-4 3.536 5.31614e+08 2.45530e+03 1879.7862 7.9847617e-06 9.4854736e-08 10830323 3.7238278e-08 3.6933354e-08 4.9142814e-10 0.19672396 0.0070532001 1.8293338e-05 1.453749e-06 0.025423708 0.00028217641 -1.4305189 0.0069543174 0.00027653961 7.0901575e-05 15:11:04
044_18-2024-10-03-06.40um-spot00-5 3.536 5.31790e+08 2.71188e+03 1880.4081 8.0640305e-06 9.7756579e-08 11156795 3.7225962e-08 3.6396703e-08 5.0400356e-10 0.20739843 0.0075153985 2.0020825e-05 1.4017498e-06 0.025903156 0.00030013609 -1.4765349 0.0072521061 0.00073584564 7.3719015e-05 15:11:15
044_18-2024-10-03-06.40um-spot00-6 3.536 5.31717e+08 2.68961e+03 1880.1522 8.1028504e-06 9.6214941e-08 11233419 3.7231028e-08 3.5769773e-08 4.74156e-10 0.20784007 0.0073922074 2.1426444e-05 1.3318446e-06 0.026108939 0.00029212432 -2.1210678 0.0069743155 0.00057099694 6.9893843e-05 15:11:26
044_18-2024-10-03-06.40um-spot00-7 3.536 5.31863e+08 2.66581e+03 1880.6685 8.2205764e-06 9.2145408e-08 11120881 3.7220807e-08 3.5225713e-08 4.6465723e-10 0.21661465 0.0070475688 2.4157032e-05 1.1157656e-06 0.025313127 0.00028124473 -1.4759682 0.0069446354 0.00042249304 6.5909668e-05 15:11:37
044_18-2024-10-03-06.40um-spot00-8 3.536 5.31657e+08 3.10333e+03 1879.9382 8.1896244e-06 9.5267266e-08 11382230 3.7235266e-08 3.4922345e-08 4.7990143e-10 0.21469391 0.0070440022 2.6338041e-05 1.0563533e-06 0.024535211 0.00028434829 -1.370385 0.0072516537 9.0798063e-05 6.6490015e-05 15:11:49
044_18-2024-10-03-06.40um-spot00-9 3.536 5.31719e+08 3.12831e+03 1880.1569 8.0133555e-06 9.4902375e-08 11359747 3.7230935e-08 3.4958339e-08 4.7608078e-10 0.2027839 0.0069294992 2.0289821e-05 1.2999657e-06 0.026328913 0.00029948302 -0.45184568 0.0071434905 5.693441e-05 7.2551804e-05 15:12:00
044_18-2024-10-03-06.40um-spot00-10 3.536 5.31660e+08 2.63824e+03 1879.9488 8.0476019e-06 9.3660931e-08 11073429 3.7235056e-08 3.6581371e-08 4.905919e-10 0.20533956 0.0070209304 2.1432989e-05 1.275873e-06 0.024976711 0.0002799315 -1.4234856 0.0070207426 0.00010831642 6.9216517e-05 15:12:11
044_18-2024-10-03-06.40um-spot00-11 3.536 5.31667e+08 2.72135e+03 1879.976 8.1010855e-06 9.333829e-08 11287839 3.7234517e-08 3.5143443e-08 4.5581314e-10 0.2151441 0.0072759889 2.204497e-05 1.2380664e-06 0.027171494 0.00029694315 -1.4389781 0.0068326963 0.0002393745 7.0558592e-05 15:12:22
044_18-2024-10-03-06.40um-spot00-12 3.536 5.31750e+08 2.85105e+03 1880.2687 8.2700259e-06 9.5940571e-08 11231854 3.7228721e-08 3.5995243e-08 4.7511573e-10 0.22505975 0.0079871194 2.2312742e-05 1.2945948e-06 0.026738592 0.00029845902 -2.4772352 0.0069749331 0.00065186751 7.0056786e-05 15:12:33
044_18-2024-10-03-06.40um-spot00-13 3.536 5.31702e+08 2.86011e+03 1880.0993 8.1178282e-06 9.5994609e-08 11367338 3.7232077e-08 3.4790849e-08 4.669819e-10 0.20134557 0.0069487109 2.2719824e-05 1.2392699e-06 0.025153382 0.00028501173 -1.4080882 0.0070847191 0.0004745668 6.7038392e-05 15:12:45
044_18-2024-10-03-06.40um-spot00-14 3.536 5.31884e+08 3.03327e+03 1880.7408 8.2443313e-06 9.8456697e-08 11370235 3.7219376e-08 3.4840661e-08 4.8389982e-10 0.22613769 0.0079757995 2.4019431e-05 1.2208136e-06 0.026658482 0.0003142541 -2.141377 0.0073378708 0.00035746354 7.2227145e-05 15:12:56
044_18-2024-10-03-06.40um-spot00-15 3.536 5.31645e+08 2.91521e+03 1879.8985 8.3181163e-06 9.8389271e-08 11500591 3.7236054e-08 3.480815e-08 5.0245573e-10 0.21742467 0.0072754733 2.7183555e-05 1.0414728e-06 0.0236437 0.00028806408 -1.3882824 0.0076197674 0.00064827408 6.6078291e-05 15:13:08
044_18-2024-10-03-06.40um-spot00-16 3.536 5.31988e+08 3.02117e+03 1881.1095 8.2368605e-06 1.0072175e-07 11376400 3.7212081e-08 3.5377722e-08 5.0181963e-10 0.21888774 0.0078820433 2.4200563e-05 1.2404622e-06 0.025585723 0.00030702523 -2.1349056 0.007476346 0.00039330179 7.1540625e-05 15:13:19
044_18-2024-10-03-06.40um-spot00-17 3.536 5.31898e+08 2.77248e+03 1880.7919 8.0030686e-06 9.4214449e-08 11126922 3.7218366e-08 3.7148999e-08 4.9735687e-10 0.19893555 0.0067576084 2.2605787e-05 1.2309654e-06 0.024048438 0.00026824812 -1.4499851 0.0069903567 0.00045903664 6.7546079e-05 15:13:30
044_18-2024-10-03-06.40um-spot00-18 3.536 5.31765e+08 2.97456e+03 1880.3203 8.1378259e-06 9.781973e-08 11592429 3.7227699e-08 3.4969624e-08 4.8994526e-10 0.2052804 0.0069020445 2.4277293e-05 1.1385481e-06 0.02494521 0.00029189047 -0.4112962 0.0073489507 0.00043054329 6.9580448e-05 15:13:41
044_18-2024-10-03-06.40um-spot00-19 3.536 5.31680e+08 2.92908e+03 1880.0216 8.2652765e-06 9.6389528e-08 11477495 3.7233615e-08 3.4974563e-08 4.9331629e-10 0.21049693 0.0067803989 2.6483101e-05 1.0130169e-06 0.023811948 0.00028048301 -0.34733205 0.0073992769 0.00040797895 6.5796813e-05 15:13:52
044_18-2024-10-03-06.40um-spot00-20 3.536 5.32030e+08 2.92923e+03 1881.2567 8.1487657e-06 9.9722882e-08 11109131 3.720917e-08 3.6585229e-08 5.1183703e-10 0.21411081 0.0078509284 2.0658215e-05 1.3894022e-06 0.026313376 0.00030775212 -1.5224155 0.0073186804 0.00030801823 7.5042641e-05 15:14:04
044_18-2024-10-03-06.40um-spot00-21 3.536 5.31901e+08 2.91313e+03 1880.8011 8.1736842e-06 9.4620229e-08 11383150 3.7218184e-08 3.5016377e-08 4.8429317e-10 0.21951771 0.0072034331 2.3436848e-05 1.1362976e-06 0.026163021 0.00030187197 -0.13744265 0.0072636175 0.00050566404 7.1876242e-05 15:14:15
044_18-2024-10-03-06.40um-spot00-22 3.536 5.31964e+08 2.69886e+03 1881.0235 8.1468044e-06 9.6194009e-08 11297676 3.7213783e-08 3.4944753e-08 4.8111331e-10 0.21352678 0.0072209393 2.4640097e-05 1.1482527e-06 0.025289184 0.0002936832 -1.4424051 0.0072603143 0.00048209458 6.9053619e-05 15:14:26
044_18-2024-10-03-06.40um-spot00-23 3.536 5.32165e+08 2.77949e+03 1881.7372 8.5416093e-06 9.7434695e-08 11338448 3.7199669e-08 3.4729043e-08 4.8581854e-10 0.24778262 0.0079038752 3.0918874e-05 8.6957854e-07 0.024956578 0.00029645547 -2.1234697 0.0073966974 0.00033889406 6.5538749e-05 15:14:37
044_18-2024-10-03-06.40um-spot00-24 3.536 5.31952e+08 3.43900e+03 1880.9829 8.5290548e-06 9.6535409e-08 11849652 3.7214586e-08 3.3627348e-08 4.7816584e-10 0.24449028 0.0074454165 3.2769642e-05 7.6874819e-07 0.024195607 0.0002923732 -1.3616112 0.0075510195 -0.00010988429 6.3555533e-05 15:14:48
044_18-2024-10-03-06.40um-spot00-25 3.536 5.31864e+08 2.82804e+03 1880.6696 8.1226673e-06 9.9143935e-08 11419097 3.7220786e-08 3.582395e-08 5.0221054e-10 0.21472021 0.0076600059 2.263412e-05 1.2837144e-06 0.026057585 0.00030656875 -1.4334471 0.007363685 0.00046620304 7.3795902e-05 15:15:00
044_18-2024-10-03-06.40um-spot00-26 3.536 5.32141e+08 2.65191e+03 1881.6502 8.3880711e-06 9.4793745e-08 11109764 3.7201388e-08 3.5861129e-08 4.8561623e-10 0.24592658 0.0081543059 2.4713397e-05 1.1086485e-06 0.027419047 0.00031165369 -1.5241074 0.0071068563 0.00058608135 7.2549975e-05 15:15:10
044_18-2024-10-03-06.40um-spot00-27 3.536 5.32027e+08 2.61063e+03 1881.248 8.1703112e-06 9.516417e-08 11271729 3.7209342e-08 3.4381399e-08 4.8228989e-10 0.21379371 0.0066438075 3.0756565e-05 8.6630944e-07 0.022964168 0.00027248687 -1.3649662 0.0074230225 5.4795645e-05 6.3077982e-05 15:15:22
044_18-2024-10-03-06.40um-spot00-28 3.536 5.32035e+08 2.80328e+03 1881.2756 8.4422709e-06 8.9055065e-08 11291187 3.7208797e-08 3.4927241e-08 4.5082368e-10 0.24066928 0.007116885 2.783095e-05 8.8804432e-07 0.025873371 0.0002802316 -0.79191621 0.006794416 0.00059952353 6.3930284e-05 15:15:33
044_18-2024-10-03-06.40um-spot00-29 3.536 5.31974e+08 2.70241e+03 1881.0603 8.2532652e-06 9.5754451e-08 11138021 3.7213055e-08 3.6486318e-08 4.9958721e-10 0.21959126 0.0073248328 2.2926752e-05 1.1669692e-06 0.025863824 0.00029315076 -0.17681902 0.0071434797 0.00042753383 7.1379151e-05 15:15:44
044_18-2024-10-03-06.40um-spot00-30 3.536 5.32171e+08 2.79837e+03 1881.7577 8.512398e-06 9.1175675e-08 11238885 3.7199262e-08 3.4878009e-08 4.6887998e-10 0.25195881 0.0074642057 3.0518814e-05 8.1420757e-07 0.02516654 0.00028552603 -1.4780097 0.0070895825 0.00053339818 6.403259e-05 15:15:55
044_18-2024-10-03-06.40um-spot00-31 3.536 5.32041e+08 2.61571e+03 1881.297 8.1251535e-06 9.3414377e-08 11032467 3.7208373e-08 3.6111893e-08 4.831848e-10 0.22575314 0.0072400633 2.7809279e-05 9.9710622e-07 0.025086054 0.00028270259 -2.1083496 0.0070307991 0.00029738783 6.7987909e-05 15:16:06
044_18-2024-10-03-06.40um-spot00-32 3.536 5.31912e+08 2.76435e+03 1880.8409 8.3222843e-06 9.6328028e-08 11250423 3.7217395e-08 3.5241419e-08 4.8585264e-10 0.21683203 0.0070056493 2.8317664e-05 9.6917852e-07 0.023644117 0.00027447218 -1.4324555 0.0072607723 0.00036365845 6.3551297e-05 15:16:17
044_18-2024-10-03-06.40um-spot00-33 3.536 5.32205e+08 2.48407e+03 1881.8776 8.2016643e-06 9.543304e-08 10829094 3.7196893e-08 3.7338315e-08 5.1620711e-10 0.22486639 0.0075578711 2.439821e-05 1.1457743e-06 0.025091477 0.0002887954 -1.5231105 0.0072088758 -0.00014616771 7.1094427e-05 15:16:28
044_18-2024-10-03-06.40um-spot00-34 3.536 5.32076e+08 2.77405e+03 1881.421 8.4702724e-06 9.1487589e-08 11216835 3.7205919e-08 3.496042e-08 4.7143233e-10 0.24265627 0.0071912008 2.8676842e-05 8.5691436e-07 0.025492987 0.00028685968 -0.13187127 0.0070845882 0.00034444916 6.5756937e-05 15:16:39
044_18-2024-10-03-06.40um-spot00-35 3.536 5.31958e+08 2.78098e+03 1881.0037 8.443635e-06 9.3359956e-08 11420174 3.7214174e-08 3.463753e-08 4.7975903e-10 0.2394363 0.0072933762 3.0321458e-05 8.4687769e-07 0.024249062 0.00028379499 -1.4245279 0.007315551 0.00039551421 6.3831779e-05 15:16:51
044_18-2024-10-03-06.40um-spot00-36 3.536 5.32172e+08 3.16960e+03 1881.7587 8.4771717e-06 9.3044548e-08 11539762 3.7199243e-08 3.4285116e-08 4.7244634e-10 0.23903168 0.0070406772 3.2602683e-05 7.511138e-07 0.023539372 0.00027459778 -1.4044062 0.0072924348 -1.2119089e-05 6.1017053e-05 15:17:02
044_18-2024-10-03-06.40um-spot00-37 3.536 5.32221e+08 2.44415e+03 1881.9339 8.3711224e-06 9.0290172e-08 11152763 3.719578e-08 3.4698943e-08 4.5784483e-10 0.23302272 0.006828259 3.0874383e-05 8.0260994e-07 0.024105019 0.00026864234 -1.4399043 0.0069670198 0.00032173758 6.1049898e-05 15:17:13
044_18-2024-10-03-06.40um-spot00-38 3.536 5.31795e+08 2.57927e+03 1880.4255 8.6372628e-06 9.0987582e-08 11241623 3.7225618e-08 3.4598385e-08 4.703665e-10 0.24958876 0.0069365483 3.4946197e-05 6.3698696e-07 0.022737199 0.00026114562 -1.3455957 0.0071872183 0.00043503153 5.7398733e-05 15:17:24
044_18-2024-10-03-06.40um-spot00-39 3.536 5.32032e+08 2.90860e+03 1881.2641 8.3601116e-06 9.5170822e-08 11531668 3.7209024e-08 3.417269e-08 4.7892379e-10 0.23644726 0.0073616414 3.026427e-05 8.7209418e-07 0.024746806 0.00029385716 -1.4283092 0.0074181361 -4.314964e-05 6.603159e-05 15:17:35
044_18-2024-10-03-06.40um-spot00-40 3.536 5.31906e+08 2.80703e+03 1880.82 8.3686316e-06 9.1996963e-08 11374767 3.7217809e-08 3.4171402e-08 4.4809156e-10 0.23674762 0.007351264 2.8810983e-05 9.2069915e-07 0.025768425 0.00028785527 -2.0729935 0.0069545422 0.00042017085 6.4133434e-05 15:17:46
044_18-2024-10-03-06.40um-spot00-41 3.536 5.31934e+08 3.18084e+03 1880.9181 8.3951495e-06 9.8213539e-08 11840142 3.7215868e-08 3.3447111e-08 4.8409821e-10 0.22608484 0.0071866744 3.1049094e-05 8.6384182e-07 0.023554746 0.00028997731 -1.3326853 0.0076951959 0.00052193843 6.3793093e-05 15:17:58
044_18-2024-10-03-06.40um-spot00-42 3.536 5.32039e+08 2.63832e+03 1881.2889 8.3742852e-06 9.2470775e-08 11361384 3.7208533e-08 3.5053401e-08 4.6617218e-10 0.2401421 0.0073868304 2.9966974e-05 8.7669864e-07 0.025107552 0.00028295358 -2.0947282 0.0070229107 0.00018016528 6.4338908e-05 15:18:08
044_18-2024-10-03-06.40um-spot00-43 3.536 5.32352e+08 2.99168e+03 1882.3959 8.4613353e-06 9.2067629e-08 11250406 3.7186652e-08 3.5509654e-08 4.8118893e-10 0.2425861 0.0073217719 2.8831226e-05 8.7558191e-07 0.025023057 0.00028364675 -0.84871223 0.0071120799 0.00014932374 6.5410589e-05 15:18:20
044_18-2024-10-03-06.40um-spot00-44 3.536 5.32125e+08 2.75580e+03 1881.5923 8.5761476e-06 9.592694e-08 11287391 3.7202533e-08 3.6104534e-08 5.078618e-10 0.2618335 0.00803938 3.0509309e-05 8.3371347e-07 0.025694581 0.0003013324 -0.82100411 0.0073643369 0.00019753849 6.9482329e-05 15:18:31
044_18-2024-10-03-06.40um-spot00-45 3.536 5.32219e+08 2.68929e+03 1881.9268 8.2724165e-06 9.462433e-08 11210890 3.7195921e-08 3.4725037e-08 4.8062305e-10 0.23497154 0.007488574 2.8060587e-05 9.6701587e-07 0.025629183 0.00029963879 -1.4855886 0.0073040108 0.00022868278 6.8950252e-05 15:18:42
044_18-2024-10-03-06.40um-spot00-46 3.536 5.32202e+08 2.88348e+03 1881.8657 8.5027508e-06 9.2588929e-08 11364347 3.7197129e-08 3.4683104e-08 4.8146603e-10 0.25124425 0.0072823444 3.1311583e-05 7.6133297e-07 0.025062723 0.00029078085 -0.14454512 0.0073016926 -0.00029751098 6.596955e-05 15:18:53
044_18-2024-10-03-06.40um-spot00-47 3.536 5.29728e+08 2.69117e+03 1873.1178 8.3873168e-06 8.5942472e-08 11272287 3.7370847e-08 3.47625e-08 4.6076718e-10 0.25637126 0.0070100296 3.0265825e-05 7.5195942e-07 0.025735663 0.00028503023 -0.04008605 0.0069667604 0.00045286295 6.5663377e-05 15:19:04
044_18-2024-10-03-06.40um-spot00-48 3.536 5.27291e+08 2.52654e+03 1864.5005 8.3196156e-06 8.5707514e-08 11219734 3.7543568e-08 3.4885265e-08 4.6007086e-10 0.2631821 0.0072128326 3.3161012e-05 6.9780304e-07 0.025041339 0.000280254 -1.868882 0.0069646996 2.476815e-05 6.385574e-05 15:19:16
044_18-2024-10-03-06.40um-spot00-49 3.536 5.26703e+08 2.57380e+03 1862.4203 8.5269773e-06 8.6399913e-08 11105094 3.7585502e-08 3.5250587e-08 4.68178e-10 0.30033204 0.0083347443 3.3403632e-05 6.9555308e-07 0.02686697 0.00030324821 -2.2189327 0.0070359235 0.00054785188 6.7717765e-05 15:19:26
044_18-2024-10-03-06.40um-spot00-50 3.536 5.26686e+08 3.19177e+03 1862.3621 8.3739999e-06 8.9133428e-08 11646484 3.7586675e-08 3.6101272e-08 5.1795416e-10 0.27644452 0.0078877746 3.1939251e-05 7.5147901e-07 0.024997857 0.00030070055 -1.2330949 0.0075185441 -0.00021852854 7.0471015e-05 15:19:38
044_18-2024-10-03-06.40um-spot00-51 3.536 5.26914e+08 2.78517e+03 1863.1679 8.5842792e-06 8.4222374e-08 11204732 3.7570419e-08 3.5329966e-08 4.831976e-10 0.28863922 0.0074490938 3.4820628e-05 5.9707428e-07 0.024200534 0.0002787002 -1.2219781 0.0071931537 -2.3331727e-05 6.2590914e-05 15:19:49
044_18-2024-10-03-06.40um-spot00-52 3.536 5.27027e+08 2.82996e+03 1863.5684 8.72373e-06 8.684424e-08 11316786 3.7562346e-08 3.483845e-08 4.8219722e-10 0.30083464 0.00782843 3.5162141e-05 5.8119981e-07 0.025348545 0.00029465157 -0.54589304 0.007284396 3.8472948e-06 6.487817e-05 15:20:00
044_18-2024-10-03-06.40um-spot00-53 3.536 5.27356e+08 3.03191e+03 1864.7297 8.7770442e-06 8.6738103e-08 11399966 3.7538953e-08 3.4888086e-08 4.8836301e-10 0.29700281 0.0075520453 3.660848e-05 5.2973236e-07 0.023938909 0.00028131737 -0.54345633 0.0073670409 -0.00020124846 6.1658302e-05 15:20:11
044_18-2024-10-03-06.40um-spot00-54 3.536 5.27518e+08 2.78047e+03 1865.3019 8.8203996e-06 8.8012092e-08 11433945 3.7527437e-08 3.4758476e-08 4.8715399e-10 0.30849215 0.008057591 3.6610651e-05 5.4787456e-07 0.024780396 0.00029338745 -1.2254118 0.0073928276 0.00019565743 6.3315029e-05 15:20:22
044_18-2024-10-03-06.40um-spot00-55 3.536 5.28176e+08 2.64046e+03 1867.6296 8.6274276e-06 8.5153645e-08 10918644 3.7480664e-08 3.686913e-08 4.8838024e-10 0.29161052 0.007780584 3.2044975e-05 6.8179441e-07 0.025859865 0.0002845508 -0.68301555 0.0069073526 -6.2498756e-05 6.6273964e-05 15:20:34
044_18-2024-10-03-06.40um-spot00-56 3.536 5.28433e+08 2.76716e+03 1868.5398 8.8282205e-06 8.8755755e-08 11228382 3.7462408e-08 3.5085418e-08 4.9165072e-10 0.31012421 0.0081366763 3.6867048e-05 5.434326e-07 0.024851065 0.00029363084 -1.2934247 0.0073804487 -0.00064169135 6.3799342e-05 15:20:44
044_18-2024-10-03-06.40um-spot00-57 3.536 5.29321e+08 2.74145e+03 1871.6803 9.0899765e-06 8.9425694e-08 10982258 3.7399549e-08 3.6110463e-08 5.0757998e-10 0.33288433 0.0086609276 3.7371512e-05 5.1453988e-07 0.024797847 0.00029224037 -1.3931687 0.0073663048 0.00011279074 6.3197847e-05 15:20:56
044_18-2024-10-03-06.40um-spot00-58 3.536 5.29330e+08 2.89980e+03 1871.7119 9.1091232e-06 9.0906281e-08 11371671 3.7398917e-08 3.5043801e-08 4.9808061e-10 0.33046132 0.0086771996 3.7820229e-05 5.0702541e-07 0.024940774 0.00029898409 -1.3625492 0.0074858117 -9.8116757e-06 6.2984605e-05 15:21:07
044_18-2024-10-03-06.40um-spot00-59 3.536 5.29686e+08 2.64947e+03 1872.9699 9.0524243e-06 8.8576332e-08 11047934 3.7373798e-08 3.5954221e-08 5.0951157e-10 0.3146429 0.0080260262 3.7215064e-05 5.0440244e-07 0.023566475 0.00027875795 -0.74117375 0.0074197455 -0.0001758815 6.0756638e-05 15:21:18
044_18-2024-10-03-06.40um-spot00-60 3.536 5.29857e+08 3.06186e+03 1873.5759 8.9726807e-06 9.105838e-08 11586728 3.736171e-08 3.4881328e-08 4.9066309e-10 0.32482686 0.008642583 3.8270199e-05 5.1395378e-07 0.025149529 0.00030028807 -2.0741899 0.007426039 -0.00024533882 6.3428073e-05 15:21:30
044_18-2024-10-03-06.40um-spot00-61 3.536 5.29402e+08 2.71048e+03 1871.9656 9.3572723e-06 8.9265831e-08 11252556 3.739385e-08 3.4732143e-08 4.9304934e-10 0.34337701 0.008307034 4.0492873e-05 3.897708e-07 0.023631586 0.00028185385 -0.64122266 0.0074780557 -0.00013886194 5.7981159e-05 15:21:41
044_18-2024-10-03-06.40um-spot00-62 3.536 5.29613e+08 2.80790e+03 1872.7116 9.2755351e-06 8.9272391e-08 11225662 3.7378954e-08 3.5089595e-08 4.8133132e-10 0.34593411 0.0088136622 3.824003e-05 4.7457822e-07 0.025509407 0.00029507609 -1.3979306 0.0072219763 6.7680711e-05 6.1188237e-05 15:21:52
044_18-2024-10-03-06.40um-spot00-63 3.536 5.30523e+08 2.60289e+03 1875.9298 9.1849575e-06 8.8645273e-08 10840779 3.7314829e-08 3.6233088e-08 5.0077567e-10 0.32262219 0.0080278689 3.8626734e-05 4.5253705e-07 0.023530777 0.00027106063 -0.80056637 0.0072275135 -0.00054575626 5.8647454e-05 15:22:03
044_18-2024-10-03-06.40um-spot00-64 3.536 5.30741e+08 2.62555e+03 1876.7016 9.6357258e-06 9.1403086e-08 11205860 3.7299483e-08 3.5043752e-08 4.8816973e-10 0.35726967 0.008731184 4.1520443e-05 3.6401922e-07 0.023450616 0.00027547648 -1.395014 0.007340476 -0.00014729953 5.5193415e-05 15:22:14
044_18-2024-10-03-06.40um-spot00-65 3.536 5.30445e+08 2.63225e+03 1875.6548 9.6016131e-06 9.3488492e-08 10934419 3.7320299e-08 3.5910583e-08 5.0267748e-10 0.39079102 0.010229943 4.0446998e-05 4.2889845e-07 0.025753422 0.00030525709 -2.4847922 0.0073897618 0.00015818248 6.1842243e-05 15:22:25
044_18-2024-10-03-06.40um-spot00-66 3.536 5.30541e+08 2.55358e+03 1875.9916 9.2251729e-06 8.9297553e-08 11233798 3.7313599e-08 3.4802038e-08 4.84968e-10 0.32707212 0.0078400295 4.1421025e-05 3.7008632e-07 0.023193317 0.0002714445 -0.71553858 0.0073383924 -0.000286299 5.665847e-05 15:22:36
044_18-2024-10-03-06.40um-spot00-67 3.536 5.30883e+08 2.45266e+03 1877.2026 9.3730373e-06 8.416192e-08 10932159 3.7289529e-08 3.5253699e-08 4.6588419e-10 0.34196438 0.0075701125 4.1443548e-05 3.3130863e-07 0.023441103 0.00025811458 -0.062100837 0.0069341493 -0.00032906305 5.4079983e-05 15:22:48
044_18-2024-10-03-06.40um-spot00-68 3.536 5.31254e+08 2.75327e+03 1878.5141 9.6393485e-06 8.8385119e-08 11099566 3.7263495e-08 3.5036402e-08 4.723118e-10 0.36389245 0.0084868325 4.145945e-05 3.4378727e-07 0.024142733 0.00027301413 -0.77661325 0.007090621 8.6824043e-05 5.5091596e-05 15:22:58
044_18-2024-10-03-06.40um-spot00-69 3.536 5.31756e+08 2.48097e+03 1880.2899 9.5047064e-06 9.39573e-08 11154812 3.7228302e-08 3.4987354e-08 4.9844948e-10 0.32725379 0.0079694185 4.3712267e-05 3.1730988e-07 0.021400221 0.00025705545 -1.3734165 0.0075152503 0.00012471616 5.2098597e-05 15:23:10
044_18-2024-10-03-06.40um-spot00-70 3.536 5.32146e+08 2.42499e+03 1881.6675 9.812774e-06 8.6948454e-08 11113293 3.7201046e-08 3.4886607e-08 4.6483992e-10 0.37892864 0.0082806452 4.4709654e-05 2.5401158e-07 0.022641608 0.00025453415 -1.4112579 0.0070305576 5.3447102e-05 5.0053952e-05 15:23:20
044_18-2024-10-03-06.40um-spot00-71 3.536 5.31181e+08 2.84280e+03 1878.2552 9.5789876e-06 9.0239937e-08 11554039 3.7268631e-08 3.4078169e-08 4.7126449e-10 0.36178716 0.0084181009 4.3829491e-05 2.9790984e-07 0.023387506 0.00027426633 -1.3966788 0.0073213556 -0.00033071268 5.3988273e-05 15:23:32
044_18-2024-10-03-06.40um-spot00-72 3.536 5.30639e+08 2.69081e+03 1876.3389 9.6881125e-06 9.0903551e-08 11178595 3.7306693e-08 3.4943294e-08 4.9025391e-10 0.39634737 0.0093764093 4.3007745e-05 3.1708885e-07 0.024840413 0.00029414167 -1.447744 0.0073926024 -7.9769491e-05 5.8490355e-05 15:23:43
044_18-2024-10-03-06.40um-spot00-73 3.536 5.30609e+08 2.42954e+03 1876.2324 9.6188358e-06 8.8397494e-08 10971612 3.7308812e-08 3.522099e-08 4.8660023e-10 0.35976854 0.0080645211 4.3882561e-05 2.7998276e-07 0.022386132 0.00025913053 -0.70849371 0.0072625847 3.552989e-05 5.2622574e-05 15:23:54
044_18-2024-10-03-06.40um-spot00-74 3.536 5.30651e+08 2.52152e+03 1876.3835 9.5437098e-06 8.8989152e-08 11299310 3.7305806e-08 3.427046e-08 4.8051525e-10 0.35501647 0.007896498 4.40919e-05 2.7159188e-07 0.022803289 0.00026787009 -0.039478361 0.007389448 -9.1349715e-05 5.3988826e-05 15:24:05
044_18-2024-10-03-06.40um-spot00-75 3.536 5.30921e+08 2.48574e+03 1877.3352 9.777002e-06 8.9278457e-08 11106711 3.7286895e-08 3.4750642e-08 4.8422948e-10 0.37446659 0.0081304249 4.6637294e-05 2.1549365e-07 0.021431441 0.00025216035 -1.3269465 0.0073583354 -0.00045043047 4.9587585e-05 15:24:16
044_18-2024-10-03-06.40um-spot00-76 3.536 5.31206e+08 2.65571e+03 1878.3429 9.736677e-06 9.0825104e-08 10922056 3.7266891e-08 3.6307302e-08 5.1192667e-10 0.39420617 0.0092008151 4.2799639e-05 3.1091139e-07 0.024108333 0.00028320748 -0.82721123 0.0073719798 -0.00054157969 5.8285372e-05 15:24:27
044_18-2024-10-03-06.40um-spot00-77 3.536 5.31316e+08 2.56300e+03 1878.734 9.6022116e-06 8.428419e-08 11066715 3.7259133e-08 3.4880518e-08 4.6839734e-10 0.38153686 0.0080470803 4.4695327e-05 2.4809591e-07 0.023185133 0.00026142198 -0.79414783 0.0070673656 0.00011591677 5.2731873e-05 15:24:38
044_18-2024-10-03-06.40um-spot00-78 3.536 5.31253e+08 2.50368e+03 1878.5119 9.6817621e-06 8.9914862e-08 11104087 3.7263538e-08 3.5401565e-08 4.9167141e-10 0.3906785 0.0089219478 4.3627345e-05 2.8844348e-07 0.02431223 0.00028268461 -0.79144957 0.0072923945 -0.00019182265 5.730029e-05 15:24:49
044_18-2024-10-03-06.40um-spot00-79 3.536 5.31491e+08 2.63066e+03 1879.3538 9.9187649e-06 8.8847584e-08 11104376 3.7246845e-08 3.4932812e-08 4.8137961e-10 0.41888166 0.0091352454 4.6517891e-05 2.1817729e-07 0.02313446 0.00027045153 -2.0973955 0.0072782388 -0.00042903402 5.232112e-05 15:25:00
044_18-2024-10-03-06.40um-spot00-80 3.536 5.31554e+08 2.40237e+03 1879.5765 9.9975629e-06 8.8261311e-08 11038330 3.7242432e-08 3.4824035e-08 4.7756809e-10 0.38500384 0.0079682861 4.6486514e-05 1.9374439e-07 0.021647034 0.00024791159 -0.068053749 0.0072112758 -0.00036315195 4.8673084e-05 15:25:11
044_18-2024-10-03-06.40um-spot00-81 3.536 5.31866e+08 2.56505e+03 1880.6772 8.8710097e-06 6.7977916e-08 11278267 3.7220635e-08 4.1804115e-08 7.3787578e-10 0.27062508 0.0027154994 4.521794e-05 NaN 0.015628265 0.00021822956 2.2809251 0.0089539532 -0.0011926686 5.2430212e-05 15:25:22
044_18-2024-10-03-06.40um-spot00-82 3.536 5.32077e+08 2.78835e+03 1881.4244 1.0073671e-05 8.6906857e-08 11184105 3.7205852e-08 3.4926021e-08 4.7758289e-10 0.41525958 0.0084161285 4.6579579e-05 1.8584909e-07 0.022617754 0.00025818624 -0.14300075 0.0071838779 -0.00017063857 5.0474409e-05 15:25:33
044_18-2024-10-03-06.40um-spot00-83 3.536 5.32473e+08 2.49301e+03 1882.826 1.0218206e-05 8.7555167e-08 11100981 3.7178156e-08 3.5322626e-08 4.7508359e-10 0.44354096 0.0092019453 4.6874538e-05 1.8815306e-07 0.023169036 0.00026239378 -1.5309986 0.0070758722 -0.00037675237 5.0367475e-05 15:25:45
044_18-2024-10-03-06.40um-spot00-84 3.536 5.32608e+08 2.75638e+03 1883.301 9.9809384e-06 9.1154844e-08 11262906 3.716878e-08 3.556159e-08 5.0266308e-10 0.39322787 0.0084783883 4.6058998e-05 2.1047097e-07 0.022152165 0.00026067975 -0.5121924 0.0073950614 1.5349383e-05 5.1985715e-05 15:25:55
044_18-2024-10-03-06.40um-spot00-85 3.536 5.32819e+08 2.68221e+03 1884.0474 9.9581589e-06 8.9420849e-08 11145205 3.7154054e-08 3.5397295e-08 5.0004001e-10 0.3905815 0.0081150397 4.7845503e-05 1.7500951e-07 0.02078575 0.00024577399 -0.84469984 0.0074194923 -0.00011590492 4.8657277e-05 15:26:06
044_18-2024-10-03-06.40um-spot00-86 3.536 5.32822e+08 2.71842e+03 1884.0593 1.0200847e-05 9.2199679e-08 11215712 3.715382e-08 3.4923488e-08 4.9743656e-10 0.39359581 0.0081164859 4.7668847e-05 1.6259497e-07 0.021066721 0.00024909415 0.52217281 0.0074729279 -2.8212168e-05 4.8602455e-05 15:26:18
044_18-2024-10-03-06.40um-spot00-87 3.536 5.32976e+08 2.57282e+03 1884.6019 1.0315061e-05 9.2178354e-08 11323539 3.7143122e-08 3.4782983e-08 4.9886813e-10 0.43043301 0.0089449733 4.7709933e-05 1.6350258e-07 0.022110714 0.00026493913 -0.19134325 0.0075399217 0.00011452507 5.0654873e-05 15:26:29
044_18-2024-10-03-06.40um-spot00-88 3.536 5.32940e+08 2.90290e+03 1884.4765 8.7905445e-06 1.2763084e-07 11625059 3.7145595e-08 5.1078226e-08 1.4291955e-09 0.26725921 0.0082386991 4.5587022e-05 3.5223474e-07 0.011764948 0.00025161798 2.0018848 0.013692709 -0.00084238962 7.4652453e-05 15:26:39
044_18-2024-10-03-06.40um-spot00-89 3.536 5.33215e+08 2.86736e+03 1885.4482 1.0137967e-05 7.5820159e-08 11515441 3.7126451e-08 3.3394521e-08 4.5597088e-10 0.38585415 0.0047961491 4.874167e-05 NaN 0.021422282 0.00024424701 0.54499925 0.0072268305 -0.00035178748 4.542882e-05 15:26:51
044_18-2024-10-03-06.40um-spot00-90 3.536 5.33295e+08 2.47330e+03 1885.7309 1.0407952e-05 8.6833174e-08 11000924 3.7120884e-08 3.5486682e-08 4.673967e-10 0.44695974 0.0087537203 4.6684272e-05 1.651123e-07 0.02355947 0.0002568884 0.44190027 0.0068905459 -0.00052784853 4.9946669e-05 15:27:02
044_18-2024-10-03-06.40um-spot00-91 3.536 5.33392e+08 2.62652e+03 1886.0752 8.0987402e-06 1.2133791e-07 11255135 3.7114108e-08 4.5616426e-08 1.0522585e-09 0.22859862 0.007062238 4.6026537e-05 3.9092222e-07 0.013757095 0.00025031934 0.55446848 0.011581788 -0.00061637817 7.3972885e-05 15:27:13
044_18-2024-10-03-06.40um-spot00-92 3.536 5.33789e+08 2.87743e+03 1887.4792 9.8742533e-06 7.3239746e-08 11313790 3.7086501e-08 3.5122601e-08 5.2135595e-10 0.37190993 0.0041740744 4.6710694e-05 NaN 0.021803985 0.00026500851 1.7565141 0.0077610053 -0.00062173266 5.2169829e-05 15:27:24
044_18-2024-10-03-06.40um-spot00-93 3.536 5.33596e+08 2.72787e+03 1886.7949 1.0206348e-05 NaN 11513107 3.7099952e-08 3.4098367e-08 4.9550325e-10 0.42059692 0.0030557071 5.0502551e-05 1.1449306e-07 0.020972017 0.00025814673 -1.4854323 0.0077005455 -0.00032411173 3.5137823e-05 15:27:35
044_18-2024-10-03-06.40um-spot00-94 3.536 5.33923e+08 2.64111e+03 1887.9522 1.0430625e-05 NaN 11399706 3.707721e-08 3.4200346e-08 4.744026e-10 0.41857957 0.0029170429 4.9406616e-05 1.1251651e-07 0.020687566 0.00024170127 -0.90487298 0.0073282553 -0.00016865938 3.3033612e-05 15:27:46
044_18-2024-10-03-06.40um-spot00-95 3.536 5.34211e+08 2.44418e+03 1888.9709 1.0500705e-05 8.977006e-08 10896227 3.7057215e-08 3.640329e-08 4.9697055e-10 0.44138575 0.0089067301 4.7369276e-05 1.5944922e-07 0.021854356 0.00024713377 -0.31154287 0.0071248409 -0.00056741857 4.8312763e-05 15:27:58
044_18-2024-10-03-06.40um-spot00-96 3.536 5.34075e+08 2.60448e+03 1888.4888 8.8393169e-06 1.2187147e-07 11208591 3.7066675e-08 4.976052e-08 1.2651459e-09 0.2728399 0.0079990906 4.5692312e-05 3.2986666e-07 0.012619892 0.00024676018 1.8034865 0.012505579 -0.00085161193 7.152987e-05 15:28:08
044_18-2024-10-03-06.40um-spot00-97 3.536 5.34330e+08 2.60794e+03 1889.3892 1.0105984e-05 8.5059582e-08 11611723 3.7049011e-08 3.3861367e-08 4.9406948e-10 0.38726555 0.0056393475 4.9962168e-05 NaN 0.02067157 0.00025252832 -0.14836854 0.0077253935 -0.00044414827 4.7716863e-05 15:28:19
044_18-2024-10-03-06.40um-spot00-98 3.536 5.34924e+08 2.78102e+03 1891.4909 1.0603539e-05 NaN 11245420 3.7007844e-08 3.500465e-08 5.0884394e-10 0.43315961 0.0031656541 4.737143e-05 1.2505553e-07 0.021960721 0.00026337644 1.0102023 0.0076090715 2.3204759e-05 3.7442521e-05 15:28:30
044_18-2024-10-03-06.40um-spot00-99 3.536 5.34666e+08 2.65487e+03 1890.5793 1.070847e-05 9.4079275e-08 11268628 3.7025688e-08 3.5161724e-08 5.0324585e-10 0.45445772 0.0092225451 4.8864863e-05 1.3071674e-07 0.021327542 0.00025444534 -0.25382951 0.0075147006 -0.00049386387 4.770207e-05 15:28:41
044_18-2024-10-03-06.40um-spot00-100 3.536 5.34910e+08 2.08274e+03 1891.4431 1.0828003e-05 1.7135388e-07 12044450 3.7008779e-08 2.6433841e-08 3.0794343e-10 0.45025785 0.028966926 5.1556282e-05 7.1826685e-07 0.029702213 0.00044139889 -0.55733323 0.0075115932 -7.3804054e-05 3.974742e-05 15:28:52
044_18-2024-10-03-06.40um-spot00-101 3.536 5.34852e+08 2.88433e+03 1891.2364 8.9553845e-06 9.9925312e-08 11640312 3.7012824e-08 3.4265039e-08 5.2955361e-10 0.28487017 0.006779537 4.8516291e-05 2.1860616e-07 0.019561372 0.00025312052 -0.19712034 0.008153295 -0.00081916112 5.4109809e-05 15:29:04
044_18-2024-10-03-06.40um-spot00-102 3.536 5.34898e+08 2.63393e+03 1891.4009 1.0555646e-05 NaN 11239049 3.7009605e-08 3.4931866e-08 4.8172258e-10 0.45440296 0.0031872899 4.9864491e-05 1.0995981e-07 0.021592805 0.00025106888 -1.6180827 0.0072748529 -0.00023602264 3.4505954e-05 15:29:15
044_18-2024-10-03-06.40um-spot00-103 3.536 5.35004e+08 2.78073e+03 1891.7757 9.1584797e-06 1.1309795e-07 11427049 3.7002273e-08 4.4143074e-08 8.8701068e-10 0.29762607 0.0079119296 4.6177479e-05 2.7405025e-07 0.015890874 0.00025137198 1.7160089 0.010119985 -0.00061308737 6.4984062e-05 15:29:26
044_18-2024-10-03-06.40um-spot00-104 3.536 5.35405e+08 2.66347e+03 1893.1936 1.0838243e-05 9.5368806e-08 11213291 3.697456e-08 3.5677976e-08 5.1432108e-10 0.46006931 0.0094472423 4.715244e-05 1.4995744e-07 0.022267582 0.00026409775 0.96237207 0.0075210051 -3.6291268e-05 5.0397926e-05 15:29:37
044_18-2024-10-03-06.40um-spot00-105 3.536 5.35321e+08 2.92633e+03 1892.8956 9.9839932e-06 NaN 11539449 3.6980381e-08 3.4442616e-08 4.9968704e-10 0.38696345 0.0028272826 5.0467591e-05 1.1577049e-07 0.020804172 0.00025271911 -0.59365145 0.0076276047 -0.00037084559 3.5406606e-05 15:29:49
044_18-2024-10-03-06.40um-spot00-106 3.536 5.35533e+08 2.59279e+03 1893.6437 8.9244115e-06 7.9375668e-08 11311844 3.6965772e-08 4.5287868e-08 9.183095e-10 0.28469932 0.0034104578 4.6019421e-05 NaN 0.01518099 0.00024083039 1.6429196 0.010168974 -0.00069396142 6.0936472e-05 15:30:00
044_18-2024-10-03-06.40um-spot00-107 3.536 5.35656e+08 2.64124e+03 1894.0801 8.373609e-06 1.774861e-07 11447276 3.6957255e-08 5.2601612e-08 2.112374e-09 0.23993205 0.01050018 4.5470081e-05 5.355356e-07 0.011070249 0.00033809381 1.2671369 0.019463801 -0.0012390277 0.00010696548 15:30:11
044_18-2024-10-03-06.40um-spot00-108 3.536 5.36154e+08 2.55077e+03 1895.8404 1.0550394e-05 1.6196693e-07 11737622 3.692294e-08 2.9399576e-08 3.7889825e-10 0.35727026 0.02025738 4.6603669e-05 8.0013789e-07 0.026102372 0.00036311637 0.016653864 0.0075761629 -0.00033604454 4.5486407e-05 15:30:22
044_18-2024-10-03-06.40um-spot00-109 3.536 5.35869e+08 2.64660e+03 1894.833 1.096485e-05 NaN 11130417 3.694257e-08 3.5640519e-08 4.819041e-10 0.50239828 0.003402699 4.9305448e-05 1.0331725e-07 0.022378505 0.00025281001 -1.0498821 0.0070948724 -0.00032279941 3.5230962e-05 15:30:34
044_18-2024-10-03-06.40um-spot00-110 3.536 5.35911e+08 2.67551e+03 1894.9812 1.0913237e-05 NaN 11444660 3.6939681e-08 3.4369642e-08 4.8364517e-10 0.4816415 0.0033493953 5.055837e-05 1.0003464e-07 0.021342585 0.00025408665 -1.6919517 0.0074416038 -0.00053199971 3.4137203e-05 15:30:44
044_18-2024-10-03-06.40um-spot00-111 3.536 5.36256e+08 2.43252e+03 1896.2011 1.066193e-05 1.8595723e-07 11878330 3.6915915e-08 2.7773296e-08 3.1914278e-10 0.38233867 0.029136165 4.7712702e-05 1.1572639e-06 0.030111503 0.0004297315 -0.70887791 0.0072569814 -0.00035171132 4.2032795e-05 15:30:56
044_18-2024-10-03-06.40um-spot00-112 3.536 5.35971e+08 2.76002e+03 1895.1944 1.1086142e-05 1.4817219e-07 11536332 3.6935524e-08 3.1831211e-08 4.6299511e-10 0.59173783 0.026358205 5.3297741e-05 3.1669171e-07 0.025246991 0.0003865735 -0.75886297 0.0083610335 -0.00081918453 4.8712165e-05 15:31:07
044_18-2024-10-03-06.40um-spot00-113 3.536 5.36431e+08 2.69180e+03 1896.8213 1.0849392e-05 NaN 11276488 3.6903845e-08 3.511088e-08 5.1145495e-10 0.46665516 0.0033689094 4.9629714e-05 1.081442e-07 0.021543941 0.0002615394 -0.38567204 0.0076508343 -0.00041087861 3.6429509e-05 15:31:18
044_18-2024-10-03-06.40um-spot00-114 3.536 5.36929e+08 2.59788e+03 1898.5817 9.8015748e-06 7.8564265e-08 11462780 3.6869627e-08 3.6205848e-08 5.4804137e-10 0.35345316 0.0044518893 4.8114493e-05 NaN 0.019903315 0.00024665263 0.90535397 0.0078920031 -0.00080245789 5.0155066e-05 15:31:29
044_18-2024-10-03-06.40um-spot00-115 3.536 5.36903e+08 2.71047e+03 1898.4898 1.0552215e-05 1.8166022e-07 12039991 3.6871412e-08 2.8103361e-08 3.2800984e-10 0.38870164 0.028064064 4.8976534e-05 1.0126412e-06 0.029505115 0.00042369987 -0.44221425 0.0072790385 -0.00045280799 4.2688197e-05 15:31:41
044_18-2024-10-03-06.40um-spot00-116 3.536 5.37737e+08 2.38455e+03 1901.4369 1.0443553e-05 NaN 11019053 3.6814265e-08 3.5112492e-08 4.6702207e-10 0.4322115 0.0029678607 4.9361244e-05 1.0966925e-07 0.022012935 0.00024399649 -0.46842009 0.0069853635 -0.00017091852 3.4346442e-05 15:31:51
044_18-2024-10-03-06.40um-spot00-117 3.536 5.38084e+08 2.39363e+03 1902.664 1.05155e-05 1.8467988e-07 12035928 3.6790521e-08 2.7074664e-08 3.1175914e-10 0.34126788 0.025790163 4.715895e-05 1.1909658e-06 0.029082033 0.00041813666 -0.11768026 0.007257246 -0.00087255087 4.0455435e-05 15:32:03
044_18-2024-10-03-06.40um-spot00-118 3.536 5.37802e+08 2.43873e+03 1901.6677 1.105791e-05 1.7499073e-07 12039768 3.6809796e-08 2.6559668e-08 2.8663422e-10 0.42915879 0.028594518 4.9717575e-05 8.2376055e-07 0.031161487 0.00042437573 -0.16218012 0.0068531718 -0.00041851061 3.8165906e-05 15:32:14
044_18-2024-10-03-06.40um-spot00-119 3.536 5.37426e+08 2.51939e+03 1900.3387 1.0400794e-05 1.2707941e-07 11742261 3.6835539e-08 3.2803263e-08 4.7583574e-10 0.25664701 0.0081218904 4.1696843e-05 4.1492635e-07 0.020147467 0.00024686398 -0.48661614 0.0076806738 -0.00061588481 4.6695713e-05 15:32:25
044_18-2024-10-03-06.40um-spot00-120 3.536 5.37582e+08 2.89230e+03 1900.8914 1.1071057e-05 1.989183e-07 12252374 3.6824829e-08 2.6818311e-08 3.2248465e-10 0.4524221 0.03562582 4.870617e-05 1.0661886e-06 0.033192624 0.00050512423 -0.89412494 0.0077060955 -0.00026328368 4.5490469e-05 15:32:36
044_18-2024-10-03-06.40um-spot00-121 3.536 5.37425e+08 2.67983e+03 1900.3364 1.0936036e-05 1.9400889e-07 12280352 3.6835584e-08 2.6662218e-08 3.2631268e-10 0.41676533 0.031159601 4.9780195e-05 9.4247328e-07 0.030063369 0.00046540521 -0.47770203 0.0078049892 -0.00038680441 4.2238919e-05 15:32:48
044_18-2024-10-03-06.40um-spot00-122 3.536 5.37433e+08 2.83598e+03 1900.3632 1.1229565e-05 1.9425633e-07 11910738 3.6835064e-08 2.774603e-08 3.5153816e-10 0.49945599 0.035760323 5.1633666e-05 7.4763763e-07 0.02971251 0.00046770929 -0.83778216 0.0080078952 -0.00036041161 4.3602032e-05 15:32:59
044_18-2024-10-03-06.40um-spot00-123 3.536 5.37328e+08 2.51554e+03 1899.9909 1.0916848e-05 2.1236462e-07 11462887 3.6842281e-08 2.6879686e-08 2.9691561e-10 0.6744433 0.066700498 5.4615443e-05 1.1274785e-06 0.03985871 0.000688082 -1.3003506 0.0077404816 -0.00051918121 4.3810048e-05 15:33:10
044_18-2024-10-03-06.40um-spot00-124 3.536 5.37436e+08 2.38511e+03 1900.3737 1.1479847e-05 1.9281957e-07 12143271 3.683486e-08 2.6691346e-08 3.2134892e-10 0.44592956 0.031222911 5.1446384e-05 7.0931418e-07 0.027259953 0.0004146149 -0.38357974 0.0076854279 -0.0002791201 3.6162583e-05 15:33:21
044_18-2024-10-03-06.40um-spot00-125 3.536 5.37736e+08 2.39043e+03 1901.4333 1.136408e-05 2.6844959e-07 11877192 3.6814334e-08 2.5759619e-08 2.7625005e-10 0.65886093 0.091000141 5.4285145e-05 1.6768973e-06 0.040698084 0.00077136811 -0.16660789 0.0080946554 -0.00072923505 3.945794e-05 15:33:33
044_18-2024-10-03-06.40um-spot00-126 3.536 5.37823e+08 2.84191e+03 1901.7428 1.1494267e-05 1.87733e-07 12108910 3.6808342e-08 2.71117e-08 3.2459314e-10 0.49932386 0.033622419 5.1561542e-05 6.6629634e-07 0.029569888 0.00044108461 0.18836865 0.0075655081 -0.00023399629 3.9619222e-05 15:33:44
044_18-2024-10-03-06.40um-spot00-127 3.536 5.37825e+08 2.82901e+03 1901.7492 1.1177962e-05 1.92011e-07 12282341 3.6808219e-08 2.6572133e-08 3.1024839e-10 0.41768735 0.030990537 4.9241669e-05 9.453184e-07 0.029850175 0.00044147991 -0.47336208 0.007462921 -1.8362526e-05 3.9137792e-05 15:33:56
044_18-2024-10-03-06.40um-spot00-128 3.536 5.37876e+08 2.43651e+03 1901.9298 1.1702648e-05 1.7557853e-07 11929962 3.6804723e-08 2.7318822e-08 3.0280665e-10 0.51846148 0.032775799 5.1403141e-05 6.2152849e-07 0.02911131 0.00040281278 -0.50709586 0.0069987435 -0.00050762368 3.5658911e-05 15:34:07
044_18-2024-10-03-06.40um-spot00-129 3.536 5.38188e+08 2.44583e+03 1903.0322 1.142985e-05 1.8584718e-07 11851746 3.6783402e-08 2.74423e-08 3.2499012e-10 0.4980686 0.033552452 5.1979677e-05 6.5988891e-07 0.028835397 0.00042643087 -0.85157655 0.0075309696 -0.00040039873 3.8619017e-05 15:34:18
044_18-2024-10-03-06.40um-spot00-130 3.536 5.38169e+08 2.10530e+03 1902.9647 1.2000096e-05 1.7272882e-07 11590830 3.6784708e-08 2.7907291e-08 3.0489416e-10 0.60480271 0.03612955 5.2837394e-05 4.8497966e-07 0.029461477 0.00039849415 -0.87041702 0.006895646 -1.2870956e-05 3.5453297e-05 15:34:29
044_18-2024-10-03-06.40um-spot00-131 3.536 5.38391e+08 2.62956e+03 1903.7509 1.176208e-05 1.9140341e-07 11565669 3.6769516e-08 2.8673636e-08 3.5565134e-10 0.56321169 0.037926424 5.2239687e-05 6.0207517e-07 0.028570856 0.00043141148 -0.57963908 0.0076785802 3.8057615e-05 4.0589488e-05 15:34:41
044_18-2024-10-03-06.40um-spot00-132 3.536 5.38409e+08 2.44933e+03 1903.8144 1.1162837e-05 1.8380374e-07 12185952 3.676829e-08 2.7363032e-08 3.4757143e-10 0.33407268 0.020575778 4.7522483e-05 7.5447123e-07 0.025133155 0.00035516132 -0.2118727 0.0076404627 -0.00025810041 3.9505139e-05 15:34:52
044_18-2024-10-03-06.40um-spot00-133 3.536 5.38334e+08 2.83934e+03 1903.5491 1.2031379e-05 1.9033838e-07 12285635 3.6773414e-08 2.6550185e-08 3.2636548e-10 0.58448729 0.037284991 5.330175e-05 4.7490336e-07 0.029122449 0.00045172068 -0.13444742 0.0078119416 -0.00045218337 3.7849034e-05 15:35:04
044_18-2024-10-03-06.40um-spot00-134 3.536 5.38333e+08 2.50514e+03 1903.5462 1.1133466e-05 1.8848364e-07 12055208 3.6773471e-08 2.6680104e-08 3.1402864e-10 0.4208518 0.029567862 5.0545674e-05 8.0368108e-07 0.028960012 0.00042897086 -0.14268548 0.0074642453 2.3986962e-05 3.8605988e-05 15:35:15
044_18-2024-10-03-06.40um-spot00-135 3.536 5.38326e+08 2.31690e+03 1903.52 1.1421258e-05 1.8981849e-07 11951905 3.6773977e-08 2.6865545e-08 3.3755704e-10 0.48257973 0.031909142 5.2913789e-05 5.7641932e-07 0.027398438 0.00043157752 -0.10498799 0.0079473972 -0.000339098 3.8364099e-05 15:35:26
044_18-2024-10-03-06.40um-spot00-136 3.536 5.38502e+08 2.04181e+03 1904.1436 1.1172036e-05 2.0702407e-07 11567426 3.6761933e-08 2.8355314e-08 3.7480068e-10 0.40920133 0.031550524 5.011358e-05 9.0133441e-07 0.026408967 0.00042312355 0.49920555 0.0081562854 -0.00029257042 4.1607641e-05 15:35:37
044_18-2024-10-03-06.40um-spot00-137 3.536 5.38095e+08 2.54597e+03 1902.7031 1.149594e-05 1.8420633e-07 11302058 3.6789766e-08 2.8914199e-08 3.2336339e-10 0.74646493 0.053931532 5.5152088e-05 6.0920816e-07 0.033952085 0.00051224894 -1.2328575 0.0072677694 -0.00054289166 4.0848594e-05 15:35:49
044_18-2024-10-03-06.40um-spot00-138 3.536 5.38596e+08 2.48897e+03 1904.4765 1.163991e-05 1.9601118e-07 12161114 3.6755507e-08 2.6369909e-08 3.1335179e-10 0.50073516 0.035191671 5.1318051e-05 6.9628302e-07 0.031010446 0.00046670264 -0.17917022 0.00757317 -6.0731215e-05 3.9787242e-05 15:36:00
044_18-2024-10-03-06.40um-spot00-139 3.536 5.38790e+08 2.34394e+03 1905.1628 1.0629352e-05 1.2790558e-07 11589635 3.6742267e-08 3.2535229e-08 4.6794253e-10 0.25498601 0.0079261216 4.0862299e-05 4.0917538e-07 0.020320747 0.00024459944 0.47918837 0.00758678 -1.5367424e-06 4.5835109e-05 15:36:11
044_18-2024-10-03-06.40um-spot00-140 3.536 5.38829e+08 2.39953e+03 1905.3009 1.2050025e-05 1.8921221e-07 12035995 3.6739604e-08 2.7241479e-08 3.2001294e-10 0.59359808 0.038584902 5.2662187e-05 5.2751589e-07 0.030143774 0.00044248388 -0.55669111 0.0074347166 -0.00042830117 3.8146864e-05 15:36:23
044_18-2024-10-03-06.40um-spot00-141 3.536 5.38596e+08 2.72110e+03 1904.4761 1.1307422e-05 2.6223561e-07 12413201 3.6755514e-08 2.5117227e-08 2.9468632e-10 0.54074103 0.065783038 5.3637715e-05 1.4059093e-06 0.035957083 0.00068709938 -0.39944737 0.0085921013 -0.00067883433 3.9690245e-05 15:36:34
044_18-2024-10-03-06.40um-spot00-142 3.536 5.38843e+08 2.92144e+03 1905.3495 1.2033009e-05 1.9562066e-07 12403269 3.6738667e-08 2.6370408e-08 3.2123685e-10 0.53682503 0.035794645 5.264835e-05 5.3716717e-07 0.02835869 0.00043744263 -0.16041837 0.0077670126 -2.6837563e-05 3.6318794e-05 15:36:45
044_18-2024-10-03-06.40um-spot00-143 3.536 5.39143e+08 2.93284e+03 1906.4092 1.1170439e-05 1.8927654e-07 12350526 3.6718246e-08 2.6799828e-08 3.1400321e-10 0.45872589 0.032126198 5.0410343e-05 7.9877002e-07 0.031789533 0.00046486716 0.4157437 0.0073959599 -0.00059432542 4.2382847e-05 15:36:57
044_18-2024-10-03-06.40um-spot00-144 3.536 5.39527e+08 2.49538e+03 1907.7663 1.1234659e-05 1.8309443e-07 11761703 3.6692125e-08 2.7998556e-08 3.0178172e-10 0.46049784 0.033269775 4.8583735e-05 9.6788604e-07 0.032201555 0.0004289216 -1.043244 0.0067951766 -0.00056692361 4.0507324e-05 15:37:08
044_18-2024-10-03-06.40um-spot00-145 3.536 5.39257e+08 2.50952e+03 1906.8124 1.1534739e-05 2.0419413e-07 12340614 3.6710481e-08 2.5988922e-08 3.2572179e-10 0.43362038 0.030951459 5.2559792e-05 6.3388897e-07 0.026740153 0.00042757523 -0.13931173 0.0080485554 -0.00056515183 3.6035649e-05 15:37:19
044_18-2024-10-03-06.40um-spot00-146 3.536 5.39276e+08 2.41516e+03 1906.8793 1.1488528e-05 2.0443685e-07 12051562 3.6709193e-08 2.6842314e-08 3.243523e-10 0.42893939 0.031869392 5.1018768e-05 7.7468541e-07 0.028065677 0.00042519489 -0.14900165 0.0076525407 -0.00031316703 3.7592721e-05 15:37:30
044_18-2024-10-03-06.40um-spot00-147 3.536 5.40142e+08 2.17059e+03 1909.9434 1.1404432e-05 1.9312724e-07 11660228 3.66503e-08 2.775851e-08 3.3171349e-10 0.48041008 0.034351475 5.036379e-05 8.0006601e-07 0.030286921 0.00044595883 -0.32351392 0.0074592782 -0.00038475824 4.15009e-05 15:37:42
044_18-2024-10-03-06.40um-spot00-148 3.536 5.39821e+08 3.02550e+03 1908.8087 1.2030454e-05 2.16855e-07 11748661 3.6672089e-08 2.6798964e-08 2.9650949e-10 0.97070504 0.086216802 5.7216405e-05 6.1569785e-07 0.039747742 0.00068290462 -0.51015776 0.0078033955 -0.00011866527 4.0312852e-05 15:37:53
044_18-2024-10-03-06.40um-spot00-149 3.536 5.40305e+08 3.09457e+03 1910.5193 1.1456197e-05 2.4221544e-07 12508673 3.6639252e-08 2.5055517e-08 2.9273501e-10 0.47592102 0.048954797 5.1519292e-05 1.2232336e-06 0.03405244 0.00058299695 -0.75887307 0.0081690357 -0.00026178914 3.9221325e-05 15:38:05
044_18-2024-10-03-06.40um-spot00-150 3.536 5.39899e+08 2.47317e+03 1909.0835 1.2069748e-05 1.9870997e-07 12493155 3.6666809e-08 2.5826759e-08 3.0683623e-10 0.52124675 0.035396157 5.2482805e-05 5.5409612e-07 0.029027513 0.000441482 -0.20684574 0.0076518338 -0.0004517813 3.5555563e-05 15:38:16
044_18-2024-10-03-06.40um-spot00-151 3.536 5.39787e+08 3.46214e+03 1908.6885 1.1868629e-05 2.2044756e-07 12587866 3.6674397e-08 2.5288159e-08 2.7940499e-10 0.58616675 0.050943374 5.382045e-05 7.8215081e-07 0.033862168 0.0005451237 -0.71679876 0.0076797155 -0.00036969415 3.6059208e-05 15:38:27
044_18-2024-10-03-06.40um-spot00-152 3.536 5.39766e+08 2.27511e+03 1908.6116 1.2084096e-05 1.859291e-07 11707807 3.6675875e-08 2.7299412e-08 3.1338189e-10 0.57447304 0.03654513 5.2407747e-05 5.2222644e-07 0.02953828 0.00042150774 -0.2815055 0.0072137832 -0.00045856522 3.657333e-05 15:38:38
044_18-2024-10-03-06.40um-spot00-153 3.536 5.40081e+08 2.61565e+03 1909.7277 1.213423e-05 1.841615e-07 12034904 3.6654439e-08 2.7065335e-08 2.9843158e-10 0.56585198 0.035747898 5.2216769e-05 5.2548493e-07 0.029980438 0.00041271422 -0.27585805 0.0069569589 -0.00021619846 3.5292954e-05 15:38:49
044_18-2024-10-03-06.40um-spot00-154 3.536 5.40217e+08 2.97118e+03 1910.2087 1.1394268e-05 2.0808596e-07 12455407 3.6645211e-08 2.6769196e-08 3.4256457e-10 0.42781076 0.033075583 5.0230439e-05 8.7631807e-07 0.028111637 0.00045161911 -0.24536064 0.0081161478 -0.00047272775 4.0070279e-05 15:39:01
044_18-2024-10-03-06.40um-spot00-155 3.536 5.40264e+08 2.66395e+03 1910.3728 1.2052083e-05 1.8476741e-07 11855280 3.6642062e-08 2.7681902e-08 3.1019268e-10 0.57226549 0.036098969 5.2549671e-05 5.1229688e-07 0.029740086 0.00041119572 -0.31516054 0.0070038847 -0.00061895516 3.6441631e-05 15:39:12
044_18-2024-10-03-06.40um-spot00-156 3.536 5.40137e+08 2.92179e+03 1909.9236 1.1176894e-05 2.1229805e-07 12223621 3.6650681e-08 2.6940265e-08 3.3013373e-10 0.41824764 0.035010777 4.8720685e-05 1.1180472e-06 0.031203215 0.00048305604 -1.3064814 0.0078269293 -0.00081201688 4.331666e-05 15:39:23
044_18-2024-10-03-06.40um-spot00-157 3.536 5.39931e+08 2.81912e+03 1909.1945 1.1339483e-05 2.4312336e-07 12115171 3.6664676e-08 2.6252157e-08 3.1478654e-10 0.47427933 0.04934521 5.1381096e-05 1.2711453e-06 0.032923374 0.00056118349 -0.69004876 0.0081744713 -0.00021587386 4.0974645e-05 15:39:35
044_18-2024-10-03-06.40um-spot00-158 3.536 5.40413e+08 2.68643e+03 1910.9011 1.1585439e-05 2.0452743e-07 12358135 3.6631932e-08 2.6452549e-08 3.1967143e-10 0.46100915 0.033833446 5.1384302e-05 7.2851948e-07 0.02955645 0.00045135511 -0.29750619 0.0077006416 -0.00027490253 3.883654e-05 15:39:46
044_18-2024-10-03-06.40um-spot00-159 3.536 5.39922e+08 2.62260e+03 1909.1639 1.2868855e-05 1.9449328e-07 11873924 3.6665264e-08 2.7564919e-08 3.2301533e-10 0.66495209 0.041424285 5.344048e-05 3.8362408e-07 0.027714615 0.00040138903 -0.15756881 0.0073464155 0.00014857376 3.3707571e-05 15:39:57
044_18-2024-10-03-06.40um-spot00-160 3.536 5.40408e+08 2.79549e+03 1910.882 1.171579e-05 1.843031e-07 12657249 3.6632298e-08 2.6604779e-08 3.3488022e-10 0.39016007 0.022076854 5.042065e-05 4.90963e-07 0.025053562 0.00035564627 -0.58556869 0.0076262848 -0.00054099312 3.6627065e-05 15:40:08
044_18-2024-10-03-06.40um-spot00-161 3.536 5.39910e+08 2.39033e+03 1909.1213 1.1963184e-05 2.0756571e-07 11682133 3.6666084e-08 2.8151863e-08 3.6026784e-10 0.50337676 0.036051462 5.229598e-05 6.0813429e-07 0.026107573 0.00040842397 -0.15869159 0.0079551674 -0.00067722186 3.7282435e-05 15:40:19
044_18-2024-10-03-06.40um-spot00-162 3.536 5.40689e+08 2.64078e+03 1911.8748 1.2005887e-05 1.8884994e-07 12050498 3.6613276e-08 2.705768e-08 2.9586935e-10 0.55669306 0.037277297 5.1130364e-05 6.3892446e-07 0.032381746 0.00044219988 -0.38919949 0.0068974104 7.298474e-06 3.81052e-05 15:40:31
044_18-2024-10-03-06.40um-spot00-163 3.536 5.40424e+08 2.64652e+03 1910.941 1.1747258e-05 2.0574512e-07 12253415 3.6631168e-08 2.668407e-08 3.4277461e-10 0.45351832 0.03177468 5.285633e-05 5.7313591e-07 0.025541709 0.00041055525 0.16177145 0.0081191728 -0.00058845328 3.561249e-05 15:40:42
044_18-2024-10-03-06.40um-spot00-164 3.536 5.40227e+08 2.76108e+03 1910.2436 1.2104649e-05 2.0211884e-07 12435243 3.6644541e-08 2.5852622e-08 3.094722e-10 0.56094449 0.03875438 5.2410881e-05 5.6494703e-07 0.031289149 0.00047919375 -0.23921521 0.0077073501 -0.00070715334 3.8563208e-05 15:40:53
044_18-2024-10-03-06.40um-spot00-165 3.536 5.40589e+08 2.51063e+03 1911.5213 1.1787506e-05 1.9959974e-07 11998578 3.6620048e-08 2.7202676e-08 3.2275886e-10 0.46373033 0.033257599 5.097004e-05 7.1859164e-07 0.027717797 0.00040935306 -0.28811175 0.0074748963 -0.00031023941 3.6090631e-05 15:41:05
044_18-2024-10-03-06.40um-spot00-166 3.536 5.40180e+08 2.43957e+03 1910.0768 1.2341182e-05 2.0731835e-07 11790696 3.6647742e-08 2.7789453e-08 3.6326755e-10 0.55592625 0.036862603 5.4456936e-05 3.9437987e-07 0.02447354 0.00039414999 -0.43229151 0.0081494597 -0.00026443993 3.4416086e-05 15:41:16
044_18-2024-10-03-06.40um-spot00-167 3.536 5.40453e+08 2.79009e+03 1911.0411 1.2327722e-05 2.4118145e-07 12196934 3.6629248e-08 2.5366381e-08 2.9652967e-10 0.67053503 0.060474296 5.4971222e-05 6.4958155e-07 0.034259728 0.00058355316 -1.0529174 0.0080749251 -0.00041126665 3.7417084e-05 15:41:27
044_18-2024-10-03-06.40um-spot00-168 3.536 5.40531e+08 2.81721e+03 1911.319 1.2477386e-05 2.0159103e-07 12311961 3.6623923e-08 2.6395871e-08 3.250607e-10 0.61414459 0.039638046 5.4167396e-05 3.8873468e-07 0.028360842 0.0004422504 -0.52466816 0.00784083 -0.00028410705 3.5695653e-05 15:41:38
044_18-2024-10-03-06.40um-spot00-169 3.536 5.40630e+08 2.55996e+03 1911.6692 1.2323795e-05 2.1300551e-07 11956210 3.6617213e-08 2.7641562e-08 3.5820615e-10 0.57661164 0.041287828 5.2654778e-05 5.4661358e-07 0.02783557 0.00044512341 -0.24040847 0.0081159052 -5.967924e-05 3.8743588e-05 15:41:50
044_18-2024-10-03-06.40um-spot00-170 3.536 5.40948e+08 3.04841e+03 1912.7905 1.2028338e-05 1.9498491e-07 12431604 3.6595749e-08 2.6335167e-08 3.1075402e-10 0.56846104 0.037400195 5.3049546e-05 5.0565355e-07 0.030633868 0.00045773503 -0.30536448 0.0075389526 -0.00017916684 3.7993637e-05 15:42:01
044_18-2024-10-03-06.40um-spot00-171 3.536 5.41222e+08 2.91274e+03 1913.7628 1.1708124e-05 1.9705861e-07 11869298 3.6577157e-08 2.750633e-08 3.1388027e-10 0.46823918 0.03355301 5.0607247e-05 7.5160426e-07 0.029288827 0.00041359098 -0.37159145 0.007155996 -0.00048633452 3.7221198e-05 15:42:12
044_18-2024-10-03-06.40um-spot00-172 3.536 5.40975e+08 2.09156e+03 1912.8875 1.195181e-05 2.0599769e-07 11491251 3.6593893e-08 2.8132388e-08 3.2949689e-10 0.49083652 0.036890031 5.0049305e-05 8.014548e-07 0.029281841 0.00041947261 -0.33043698 0.0072792434 -0.00042101753 3.8269229e-05 15:42:23
044_18-2024-10-03-06.40um-spot00-173 3.536 5.41197e+08 2.23093e+03 1913.6727 1.1778751e-05 2.0688711e-07 11534092 3.6578878e-08 2.8264084e-08 3.394193e-10 0.48621542 0.03659749 5.1207766e-05 7.5308843e-07 0.028149757 0.00041588571 -1.3066734 0.0075348486 -0.00048239497 3.8155058e-05 15:42:35
044_18-2024-10-03-06.40um-spot00-174 3.536 5.40880e+08 2.77799e+03 1912.553 1.2372533e-05 2.0618617e-07 12170909 3.6600294e-08 2.6859053e-08 3.3142946e-10 0.58825902 0.040121688 5.3170564e-05 4.8309445e-07 0.028803661 0.00044527405 -0.27217406 0.0078202983 -0.00032849738 3.7162974e-05 15:42:46
044_18-2024-10-03-06.40um-spot00-175 3.536 5.40848e+08 1.98539e+03 1912.4392 1.1835914e-05 2.0128946e-07 11143079 3.6602471e-08 2.9469386e-08 3.5091286e-10 0.48951754 0.0353811 5.0910025e-05 7.2310197e-07 0.027242608 0.00038758308 -0.31263418 0.0072686404 -0.00040950963 3.789117e-05 15:42:57
044_18-2024-10-03-06.40um-spot00-176 3.536 5.40898e+08 2.24621e+03 1912.6167 1.189375e-05 2.1629085e-07 11713332 3.6599075e-08 2.7816573e-08 3.4534662e-10 0.46637925 0.036702167 5.0263593e-05 8.2966636e-07 0.0280699 0.00042865357 -0.29226885 0.0077537985 -6.4154821e-05 3.8682319e-05 15:43:08
044_18-2024-10-03-06.40um-spot00-177 3.536 5.41281e+08 3.83420e+03 1913.9711 1.1010019e-05 2.2486393e-07 13194670 3.6573175e-08 2.5908168e-08 3.2884179e-10 0.35487738 0.031348684 4.8349522e-05 1.2169201e-06 0.029924439 0.00048518093 -0.33614127 0.0081689855 -0.00032351417 4.2422901e-05 15:43:20
044_18-2024-10-03-06.40um-spot00-178 3.536 5.40737e+08 2.91240e+03 1912.0455 1.1424356e-05 2.0868704e-07 12435697 3.6610008e-08 2.6780371e-08 3.3292379e-10 0.40315388 0.030330294 5.1096838e-05 7.7842655e-07 0.02685336 0.00041687999 0.15803573 0.0078470043 -0.00072185205 3.7197404e-05 15:43:31
044_18-2024-10-03-06.40um-spot00-179 3.536 5.41428e+08 2.68803e+03 1914.4908 1.178173e-05 2.0969425e-07 11964956 3.6563248e-08 2.7348075e-08 3.1919118e-10 0.45177335 0.036076605 4.8495764e-05 9.9247326e-07 0.030466109 0.00044132772 -0.38473916 0.0073376996 3.0288285e-05 3.9212509e-05 15:43:42
044_18-2024-10-03-06.40um-spot00-180 3.536 5.41486e+08 2.98888e+03 1914.696 1.2372567e-05 1.9991848e-07 12290101 3.6559329e-08 2.700816e-08 3.1557721e-10 0.59408512 0.039361996 5.3100308e-05 4.7363366e-07 0.029694112 0.00043321224 -0.28948762 0.0073943507 -0.0002611402 3.6458267e-05 15:43:53
044_18-2024-10-03-06.40um-spot00-181 3.536 5.41533e+08 2.26195e+03 1914.861 1.2772226e-05 2.079533e-07 11861186 3.6556178e-08 2.7628829e-08 3.3977876e-10 0.67407746 0.044084707 5.3929449e-05 3.7620834e-07 0.029132446 0.00043944431 0.39658445 0.0076913901 0.00039001195 3.7621847e-05 15:44:05
044_18-2024-10-03-06.40um-spot00-182 3.536 5.41417e+08 2.94151e+03 1914.4507 1.2632048e-05 2.2015657e-07 12639242 3.6564013e-08 2.5769545e-08 3.3251273e-10 0.56279209 0.039405671 5.3793145e-05 4.2447635e-07 0.027094991 0.00044568709 0.13703052 0.0082827678 -0.00052731728 3.4850814e-05 15:44:16
044_18-2024-10-03-06.40um-spot00-183 3.536 5.41603e+08 2.76574e+03 1915.1091 1.2089909e-05 1.7639316e-07 12016991 3.6551442e-08 2.8228058e-08 3.415816e-10 0.46413301 0.025511621 4.9185706e-05 5.1311539e-07 0.026860043 0.0003568163 -0.5344927 0.007208013 -0.00045292353 3.8060177e-05 15:44:28
044_18-2024-10-03-06.40um-spot00-184 3.536 5.41189e+08 2.05270e+03 1913.6437 1.1692412e-05 2.0568461e-07 11384971 3.6579433e-08 2.9048788e-08 3.4856348e-10 0.4513836 0.034842381 4.9282007e-05 9.1060576e-07 0.027742821 0.00040050161 -0.32166298 0.0073679079 -0.00052155291 3.8823183e-05 15:44:39
044_18-2024-10-03-06.40um-spot00-185 3.536 5.41938e+08 3.21123e+03 1916.2942 1.1563979e-05 2.1646728e-07 12339909 3.6528837e-08 2.7401171e-08 3.371749e-10 0.43927445 0.03607781 4.9017684e-05 1.0061617e-06 0.030176928 0.00046024834 -0.39875973 0.0077353957 -0.00065887629 4.1663179e-05 15:44:50
044_18-2024-10-03-06.40um-spot00-186 3.536 5.41823e+08 2.69021e+03 1915.8867 1.1849873e-05 2.5436039e-07 12355602 3.6536608e-08 2.5375481e-08 3.1721621e-10 0.51362154 0.052252318 5.298743e-05 9.9167477e-07 0.031254037 0.00056506866 -0.43848848 0.0086318474 -9.1369371e-05 3.7923777e-05 15:45:01
044_18-2024-10-03-06.40um-spot00-187 3.536 5.41467e+08 2.87888e+03 1914.6279 1.2476131e-05 2.1895255e-07 12154318 3.6560628e-08 2.7436306e-08 3.4402792e-10 0.57887083 0.04367578 5.1443792e-05 6.4633182e-07 0.029685081 0.00046114708 -0.35895578 0.0078755926 -0.0004198578 3.9363791e-05 15:45:13
044_18-2024-10-03-06.40um-spot00-188 3.536 5.41473e+08 2.68848e+03 1914.6495 1.1904721e-05 2.1204412e-07 11718636 3.6560216e-08 2.8012949e-08 3.3654339e-10 0.48509208 0.037492195 5.0169867e-05 8.2056932e-07 0.029394899 0.00043281241 -0.3702194 0.0074815577 -6.4889193e-05 3.9397025e-05 15:45:24
044_18-2024-10-03-06.40um-spot00-189 3.536 5.41155e+08 2.82284e+03 1913.5226 1.18213e-05 2.0931947e-07 11986614 3.6581747e-08 2.7510555e-08 3.4835934e-10 0.49229636 0.036015653 5.2402604e-05 6.3637677e-07 0.027165299 0.00042781227 -0.9271732 0.0079730781 -0.00014407537 3.7890984e-05 15:45:36
044_18-2024-10-03-06.40um-spot00-190 3.536 5.41329e+08 2.36180e+03 1914.1388 1.225258e-05 2.2091573e-07 11581418 3.6569972e-08 2.8474588e-08 3.7029627e-10 0.53929739 0.041548844 5.1363642e-05 6.9030605e-07 0.027639666 0.00043678648 -0.32087584 0.0080491032 -0.000410028 3.973831e-05 15:45:46
044_18-2024-10-03-06.40um-spot00-191 3.536 5.41134e+08 2.85298e+03 1913.45 1.1995715e-05 2.1717514e-07 12350072 3.6583135e-08 2.722252e-08 3.4996845e-10 0.47762748 0.035931373 5.1722843e-05 6.6874029e-07 0.026968749 0.00042924636 0.11397729 0.0080604504 -0.00033941646 3.7627071e-05 15:45:58
044_18-2024-10-03-06.40um-spot00-192 3.536 5.41092e+08 2.43066e+03 1913.3011 1.2064292e-05 1.7877989e-07 11929559 3.6585983e-08 2.8550086e-08 3.6131164e-10 0.46022332 0.024845853 5.053622e-05 4.3727965e-07 0.024913653 0.00034441972 -0.46065426 0.0075131655 -0.00034741586 3.7305767e-05 15:46:09
044_18-2024-10-03-06.40um-spot00-193 3.536 5.41525e+08 2.79238e+03 1914.8312 1.1947609e-05 2.0240776e-07 12030088 3.6556747e-08 2.7074467e-08 3.1123004e-10 0.50412678 0.03636497 5.1027036e-05 7.0165332e-07 0.030373749 0.00043554362 -0.35320432 0.0072612623 -9.6259679e-06 3.7764316e-05 15:46:20
044_18-2024-10-03-06.40um-spot00-194 3.536 5.41004e+08 2.94893e+03 1912.9886 1.2540746e-05 2.361843e-07 12540668 3.6591959e-08 2.5572058e-08 3.2256722e-10 0.51715397 0.041063374 5.2270586e-05 6.1081171e-07 0.029015967 0.00047054322 -0.16907661 0.0081814222 -0.00050497838 3.6378555e-05 15:46:32
044_18-2024-10-03-06.40um-spot00-195 3.536 5.41326e+08 2.93851e+03 1914.1301 1.1960245e-05 2.277363e-07 12473945 3.6570137e-08 2.6906142e-08 3.634711e-10 0.45304984 0.034898283 5.2728986e-05 6.1530023e-07 0.02534876 0.00042649523 0.14417905 0.008513723 -0.00044730358 3.6896308e-05 15:46:43
044_18-2024-10-03-06.40um-spot00-196 3.536 5.41113e+08 2.30062e+03 1913.3764 1.1121059e-05 2.1679036e-07 12068879 3.6584542e-08 2.6545448e-08 3.1833434e-10 0.35434403 0.030646827 4.8266183e-05 1.2013955e-06 0.028561118 0.00043549184 -1.2592796 0.0077333535 -0.00048460039 3.8538869e-05 15:46:54
044_18-2024-10-03-06.40um-spot00-197 3.536 5.41077e+08 2.16551e+03 1913.2494 1.1413341e-05 3.7751372e-07 12020895 3.658697e-08 2.5086619e-08 3.0249506e-10 0.40483153 0.093222536 4.6528706e-05 4.5285308e-06 0.03810547 0.00082482009 -0.026660864 0.009263383 -0.00032999755 4.0420955e-05 15:47:06
044_18-2024-10-03-06.40um-spot00-198 3.536 5.41329e+08 2.36933e+03 1914.138 1.1765742e-05 2.1476508e-07 12012112 3.6569986e-08 2.6853494e-08 3.4386901e-10 0.45446303 0.034398905 5.1804651e-05 7.0028673e-07 0.027001979 0.00043374348 -0.59565145 0.0080953015 -0.00046540913 3.7534996e-05 15:47:17
044_18-2024-10-03-06.40um-spot00-199 3.536 5.41542e+08 2.58300e+03 1914.8938 1.2403751e-05 1.8794734e-07 12067310 3.6555552e-08 2.8092246e-08 3.609846e-10 0.49882352 0.028101883 5.0203631e-05 4.4796199e-07 0.026367977 0.00037274972 -0.53079662 0.0076657554 2.1952929e-06 3.8794384e-05 15:47:28
044_18-2024-10-03-06.40um-spot00-200 3.536 5.41334e+08 2.55465e+03 1914.1555 1.2507851e-05 2.2473149e-07 12111879 3.6569653e-08 2.6879137e-08 3.3954222e-10 0.54429434 0.041118863 5.2330157e-05 5.8031718e-07 0.028015073 0.00044283698 -0.2211118 0.0080161284 -0.00011410866 3.6747569e-05 15:47:39
044_18-2024-10-03-06.40um-spot00-201 3.536 5.41652e+08 2.48216e+03 1915.2809 1.0352788e-05 2.1863147e-07 13940880 3.6548163e-08 2.516125e-08 4.0448603e-10 0.090853623 0.0056205768 3.1904139e-05 1.380215e-06 0.015148145 0.00021632454 -0.0092672569 0.0088693317 -0.00026896685 3.6273434e-05 15:47:51
044_18-2024-10-03-06.40um-spot00-202 3.536 5.41318e+08 2.69296e+03 1914.0998 1.2533596e-05 2.1005814e-07 12051086 3.6570716e-08 2.715092e-08 3.3260789e-10 0.58158456 0.039791222 5.3776593e-05 4.3742594e-07 0.027070205 0.00041510794 -0.8717043 0.0077647955 -0.00017120545 3.45396e-05 15:48:02
044_18-2024-10-03-06.40um-spot00-203 3.536 5.41568e+08 2.84397e+03 1914.9846 1.1295828e-05 2.6375249e-07 12521136 3.6553819e-08 2.5800549e-08 3.0023356e-10 0.34730386 0.043781893 4.6052463e-05 2.1993674e-06 0.031414535 0.00052327689 -0.45497659 0.0079551113 -0.00035939162 3.7548026e-05 15:48:14
044_18-2024-10-03-06.40um-spot00-204 3.536 5.41663e+08 2.62139e+03 1915.3213 1.2460118e-05 2.0771378e-07 12074882 3.6547393e-08 2.6757642e-08 3.1972491e-10 0.53862145 0.037706485 5.1969588e-05 5.5947345e-07 0.028094467 0.00041939762 0.067858827 0.007546189 -0.00063410567 3.4883373e-05 15:48:25
044_18-2024-10-03-06.40um-spot00-205 3.536 5.41835e+08 2.64508e+03 1915.9279 1.1311253e-05 2.2562794e-07 11680664 3.6535821e-08 2.8326777e-08 3.6316415e-10 0.35585727 0.032141431 4.6541113e-05 1.3511857e-06 0.026930655 0.00041816968 0.32512235 0.0079361061 -0.00035729241 4.0725974e-05 15:48:36
044_18-2024-10-03-06.40um-spot00-206 3.536 5.41726e+08 2.97725e+03 1915.544 1.184639e-05 2.2171187e-07 12338022 3.6543144e-08 2.7368716e-08 3.5430662e-10 0.44263138 0.034561763 5.1319616e-05 7.413598e-07 0.026443637 0.00042261436 0.061249992 0.0081003881 -0.00028195078 3.7695041e-05 15:48:47
044_18-2024-10-03-06.40um-spot00-207 3.536 5.41537e+08 2.71983e+03 1914.875 1.2104813e-05 2.2489638e-07 12597905 3.6555911e-08 2.5418993e-08 3.2161584e-10 0.47221403 0.035894029 5.2496375e-05 6.0798819e-07 0.028336043 0.00046042951 0.1523354 0.0081731959 -0.00022910657 3.6490014e-05 15:48:58
044_18-2024-10-03-06.40um-spot00-208 3.536 5.41455e+08 2.10241e+03 1914.5846 1.2465599e-05 2.2691107e-07 11605964 3.6561456e-08 2.7596119e-08 3.6172474e-10 0.54223238 0.041053474 5.3021374e-05 5.4412056e-07 0.026111871 0.00042476674 -0.88907404 0.0082522029 -0.00020327591 3.6282207e-05 15:49:10
044_18-2024-10-03-06.40um-spot00-209 3.536 5.42062e+08 3.04596e+03 1916.731 1.1947535e-05 2.2490684e-07 12518765 3.6520513e-08 2.6240862e-08 3.309858e-10 0.4674368 0.037481629 5.1379627e-05 7.608971e-07 0.028759172 0.00046274588 -1.0408632 0.0081040494 -0.00055219596 3.8083224e-05 15:49:21
044_18-2024-10-03-06.40um-spot00-210 3.536 5.41488e+08 2.28354e+03 1914.7012 1.2053583e-05 1.9668624e-07 11916532 3.655923e-08 2.7316915e-08 3.1108351e-10 0.49880564 0.034768076 5.1071228e-05 6.641943e-07 0.02845463 0.00040208453 -0.26385279 0.0071756419 -0.00046705179 3.5079127e-05 15:49:32
044_18-2024-10-03-06.40um-spot00-211 3.536 5.41719e+08 2.52412e+03 1915.5193 1.2795971e-05 2.2219571e-07 12481444 3.6543615e-08 2.6048019e-08 3.253314e-10 0.5948951 0.043710891 5.2432654e-05 5.2828674e-07 0.029176293 0.00046394008 -0.31219155 0.0080280402 1.302147e-05 3.623733e-05 15:49:44
044_18-2024-10-03-06.40um-spot00-212 3.536 5.41955e+08 3.11207e+03 1916.3539 1.1716016e-05 2.3327826e-07 12067827 3.65277e-08 2.7373227e-08 3.5020128e-10 0.41450599 0.036218102 4.9329147e-05 1.0236983e-06 0.028243368 0.00044789838 -0.33466486 0.0080534935 -0.00012223698 4.0086706e-05 15:49:55
044_18-2024-10-03-06.40um-spot00-213 3.536 5.41836e+08 2.05762e+03 1915.9315 1.2134067e-05 2.044129e-07 11683731 3.6535754e-08 2.7848293e-08 3.3568794e-10 0.52464534 0.037091657 5.1538195e-05 6.2669909e-07 0.028327316 0.00041782646 0.0049077031 0.0074884409 -5.2670107e-05 3.7421517e-05 15:50:06
044_18-2024-10-03-06.40um-spot00-214 3.536 5.42101e+08 2.00285e+03 1916.8703 1.2647502e-05 2.2113356e-07 11486091 3.6517859e-08 2.8175501e-08 3.6719439e-10 0.59040414 0.041938471 5.4061344e-05 4.2468822e-07 0.025410341 0.00040655226 -0.96901499 0.0081359824 -0.00012307655 3.5333002e-05 15:50:17
044_18-2024-10-03-06.40um-spot00-215 3.536 5.41807e+08 3.12704e+03 1915.8282 1.1325257e-05 2.2289237e-07 12313779 3.6537723e-08 2.6975314e-08 3.4508646e-10 0.37111573 0.031547796 4.9188003e-05 1.0588268e-06 0.027009474 0.00043144881 -0.26821305 0.0081084118 -0.00046165863 3.8975428e-05 15:50:29
044_18-2024-10-03-06.40um-spot00-216 3.536 5.42325e+08 2.35285e+03 1917.6622 1.2251741e-05 2.1018824e-07 11672237 3.650278e-08 2.7917326e-08 3.4662357e-10 0.5212913 0.037415358 5.1831173e-05 6.0410395e-07 0.027026205 0.00041006836 -0.038402115 0.0077066361 -0.00033344294 3.6578558e-05 15:50:40
044_18-2024-10-03-06.40um-spot00-217 3.536 5.42151e+08 2.82934e+03 1917.0444 1.2168236e-05 2.2868595e-07 12092179 3.6514542e-08 2.791843e-08 3.5774529e-10 0.46986122 0.039413331 4.9085361e-05 9.3771941e-07 0.028059626 0.00043939297 -0.028487669 0.0079529079 0.00028242235 3.9401168e-05 15:50:52
044_18-2024-10-03-06.40um-spot00-218 3.536 5.42196e+08 2.50453e+03 1917.2038 1.2309164e-05 2.0665025e-07 12355633 3.6511507e-08 2.5925644e-08 2.876679e-10 0.49926985 0.03605464 5.1189119e-05 6.5332523e-07 0.030019885 0.00042512017 -0.361407 0.0071486127 -0.0002352186 3.3959698e-05 15:51:03
044_18-2024-10-03-06.40um-spot00-219 3.536 5.42203e+08 2.69235e+03 1917.2315 1.2424119e-05 2.1895545e-07 12232482 3.651098e-08 2.7139503e-08 3.2985448e-10 0.51490505 0.039451768 5.0576647e-05 7.1800912e-07 0.028770349 0.0004336168 -0.0098766045 0.0076307527 -3.6451577e-05 3.6846365e-05 15:51:14
044_18-2024-10-03-06.40um-spot00-220 3.536 5.42544e+08 3.13595e+03 1918.4368 1.1484314e-05 2.2984476e-07 12304524 3.6488041e-08 2.7421426e-08 3.5004716e-10 0.38888677 0.033536218 4.92505e-05 1.0384389e-06 0.027994775 0.00044066046 -0.00044971818 0.0079841192 -0.00031487073 4.0439902e-05 15:51:25
044_18-2024-10-03-06.40um-spot00-221 3.536 5.42939e+08 2.76563e+03 1919.8313 1.2105404e-05 2.2747151e-07 12450773 3.6461537e-08 2.6410027e-08 3.2855367e-10 0.4428783 0.035811255 5.0490678e-05 8.0143525e-07 0.027833318 0.00043537987 0.033871297 0.0079088063 -0.00035286344 3.6401147e-05 15:51:36
044_18-2024-10-03-06.40um-spot00-222 3.536 5.43686e+08 2.33233e+03 1922.4745 1.2479e-05 2.3012705e-07 12148496 3.6411406e-08 2.6537533e-08 3.3362469e-10 0.49058447 0.037730332 5.2601576e-05 5.7427768e-07 0.026293475 0.00041697693 -0.70303867 0.0080010827 -0.00025406299 3.3958043e-05 15:51:47
044_18-2024-10-03-06.40um-spot00-223 3.536 5.43750e+08 2.94614e+03 1922.7009 1.2057154e-05 2.3632816e-07 12286020 3.6407119e-08 2.737391e-08 3.6393819e-10 0.4306081 0.036403895 5.0687635e-05 8.3636889e-07 0.025484476 0.00042037392 -0.70611402 0.0083529106 -0.00040896936 3.6674144e-05 15:51:59
044_18-2024-10-03-06.40um-spot00-224 3.536 5.43755e+08 2.37318e+03 1922.7189 1.3133926e-05 2.1533888e-07 11943668 3.6406778e-08 2.7237419e-08 3.1881953e-10 0.6234816 0.044169596 5.2038826e-05 5.0349693e-07 0.028292517 0.00041123586 -0.44045351 0.0073975186 0.00023330938 3.3589735e-05 15:52:10
044_18-2024-10-03-06.40um-spot00-225 3.536 5.42802e+08 2.63691e+03 1919.3469 1.1796177e-05 2.2081792e-07 11834661 3.6470739e-08 2.8472225e-08 3.4386444e-10 0.41379462 0.03417845 4.8861252e-05 9.8671194e-07 0.02741418 0.00040048942 -0.041518936 0.0074415363 -0.00035573546 3.7795497e-05 15:52:22
044_18-2024-10-03-06.40um-spot00-226 3.536 5.42782e+08 2.70701e+03 1919.2773 1.2314153e-05 2.236475e-07 12156273 3.6472061e-08 2.7227562e-08 3.2625211e-10 0.48478563 0.038719397 5.068219e-05 7.6876739e-07 0.028099707 0.00042082767 -1.0596817 0.0075865699 3.7778463e-05 3.5625519e-05 15:52:33
044_18-2024-10-03-06.40um-spot00-227 3.536 5.42625e+08 2.89275e+03 1918.7222 1.2171981e-05 2.2618465e-07 12191197 3.6482613e-08 2.6605568e-08 3.3531126e-10 0.44713167 0.035409186 5.0987988e-05 7.3939581e-07 0.02663936 0.00042057241 0.033427345 0.0079840758 5.0121428e-05 3.5356541e-05 15:52:45
044_18-2024-10-03-06.40um-spot00-228 3.536 5.42927e+08 2.41359e+03 1919.7882 1.2047421e-05 2.0832202e-07 11906993 3.6462355e-08 2.7489856e-08 3.1613715e-10 0.46041569 0.03491544 4.9604385e-05 8.22935e-07 0.028749767 0.00040722994 -0.088111122 0.0071834043 0.00020358108 3.6055328e-05 15:52:55
044_18-2024-10-03-06.40um-spot00-229 3.536 5.42622e+08 2.23220e+03 1918.7112 1.2130249e-05 2.2636524e-07 11878787 3.6482823e-08 2.7127638e-08 3.3270149e-10 0.47425563 0.03830031 5.0670877e-05 7.9162526e-07 0.028861607 0.00044152233 -0.67563589 0.007725452 -0.0002439807 3.7832037e-05 15:53:07
044_18-2024-10-03-06.40um-spot00-230 3.536 5.42442e+08 2.62176e+03 1918.0732 1.2387183e-05 2.2895936e-07 12139947 3.6494958e-08 2.7066394e-08 3.3418991e-10 0.49151079 0.039523816 5.0859176e-05 7.4397661e-07 0.028120646 0.0004336074 -0.64637919 0.0077851957 0.00010337134 3.6449352e-05 15:53:18
044_18-2024-10-03-06.40um-spot00-231 3.536 5.42619e+08 2.37258e+03 1918.6998 1.2071944e-05 2.0395997e-07 11973267 3.6483039e-08 2.715104e-08 3.0978542e-10 0.48293033 0.035007204 5.0553299e-05 7.1758167e-07 0.029204862 0.00041307585 -0.038515976 0.0071633996 -0.00056289869 3.5910614e-05 15:53:30
044_18-2024-10-03-06.40um-spot00-232 3.536 5.42795e+08 2.75870e+03 1919.323 1.182208e-05 2.2169671e-07 11960230 3.6471194e-08 2.7412314e-08 3.4434615e-10 0.44610936 0.035290525 5.0822906e-05 7.9169046e-07 0.027924036 0.00043261505 -0.031064173 0.0078577554 -0.00032643995 3.8746047e-05 15:53:41
044_18-2024-10-03-06.40um-spot00-233 3.536 5.42863e+08 2.57446e+03 1919.5633 1.2764672e-05 2.2676536e-07 11995077 3.6466628e-08 2.7692143e-08 3.4563981e-10 0.57363781 0.044803098 5.0974769e-05 6.727385e-07 0.028609517 0.00043989596 -0.41320135 0.0078239243 -5.8006531e-05 3.7448145e-05 15:53:52
044_18-2024-10-03-06.40um-spot00-234 3.536 5.42507e+08 2.46792e+03 1918.3055 1.3014008e-05 2.3334411e-07 12072801 3.6490537e-08 2.7199228e-08 3.6062761e-10 0.57494431 0.042206334 5.3486831e-05 4.2839539e-07 0.024992588 0.00041019774 0.11173419 0.0083280903 -0.00016102202 3.384217e-05 15:54:03
044_18-2024-10-03-06.40um-spot00-235 3.536 5.42522e+08 2.85910e+03 1918.3578 1.1921531e-05 2.2478773e-07 12403668 3.6489543e-08 2.6674754e-08 3.4921522e-10 0.45058109 0.034949508 5.201224e-05 6.7660011e-07 0.026585746 0.00043536321 0.057640201 0.0082855024 -3.7797736e-05 3.7339349e-05 15:54:15
044_18-2024-10-03-06.40um-spot00-236 3.536 5.42619e+08 2.81256e+03 1918.7014 1.1996804e-05 2.3798791e-07 12663184 3.6483009e-08 2.5491473e-08 3.143303e-10 0.39718627 0.035499497 4.8757478e-05 1.0594167e-06 0.02880329 0.00045811626 -0.61421365 0.0079828141 -0.00031233638 3.6350219e-05 15:54:26
044_18-2024-10-03-06.40um-spot00-237 3.536 5.42854e+08 2.51572e+03 1919.5318 1.1181928e-05 2.1453084e-07 12393159 3.6467227e-08 2.742664e-08 3.8158631e-10 0.26876141 0.01966664 4.6151648e-05 9.82312e-07 0.022278589 0.00034296417 -0.25825519 0.0083129832 -0.00084275443 3.839446e-05 15:54:37
044_18-2024-10-03-06.40um-spot00-238 3.536 5.42862e+08 2.35534e+03 1919.5612 1.2434378e-05 2.2565301e-07 11545719 3.6466667e-08 2.8342104e-08 3.4907426e-10 0.52288777 0.041736986 5.0494916e-05 7.6105794e-07 0.028334525 0.00042477849 -0.40840984 0.0076495642 1.2694258e-05 3.8033051e-05 15:54:49
044_18-2024-10-03-06.40um-spot00-239 3.536 5.42959e+08 2.52133e+03 1919.9027 1.1878595e-05 2.2303789e-07 11680523 3.6460181e-08 2.822568e-08 3.5342963e-10 0.41970918 0.034327338 4.9578891e-05 9.0995425e-07 0.026290459 0.00039988306 -0.0099874579 0.0077446665 -0.00043123983 3.7110647e-05 15:55:00
044_18-2024-10-03-06.40um-spot00-240 3.536 5.43110e+08 2.47433e+03 1920.4382 1.1407316e-05 2.832272e-07 11964752 3.6450013e-08 2.6196947e-08 3.0627011e-10 0.33084283 0.045365607 4.5283833e-05 2.4714457e-06 0.031138662 0.00051562694 -0.59016696 0.0079425565 -0.00052231533 3.760279e-05 15:55:11
044_18-2024-10-03-06.40um-spot00-241 3.536 5.43192e+08 2.70780e+03 1920.7255 1.2536602e-05 2.0510279e-07 11916888 3.6444563e-08 2.7608432e-08 3.0139987e-10 0.54639966 0.039713454 5.0254229e-05 6.9937562e-07 0.030443633 0.0004100883 -0.46662333 0.00685048 -0.000107869 3.5226511e-05 15:55:23
044_18-2024-10-03-06.40um-spot00-242 3.536 5.42834e+08 2.97120e+03 1919.4621 1.1818084e-05 2.2494111e-07 12408898 3.646855e-08 2.7223998e-08 3.2442719e-10 0.38360039 0.033148432 4.8055533e-05 1.1064611e-06 0.027330206 0.0004054008 -0.65662561 0.0074988546 -0.00043513798 3.5649182e-05 15:55:34
044_18-2024-10-03-06.40um-spot00-243 3.536 5.43019e+08 2.48577e+03 1920.1163 1.2561105e-05 2.2088789e-07 11955205 3.6456126e-08 2.7293032e-08 3.4253401e-10 0.56722682 0.041640999 5.2661135e-05 5.3567776e-07 0.02793376 0.00043580012 -0.67239366 0.007889469 5.5422409e-05 3.6681002e-05 15:55:45
044_18-2024-10-03-06.40um-spot00-244 3.536 5.43032e+08 2.32576e+03 1920.1627 1.2416031e-05 2.374291e-07 12175412 3.6455245e-08 2.674922e-08 3.4761909e-10 0.45581887 0.037994317 5.0464268e-05 7.9112644e-07 0.026253006 0.00042604257 0.03971692 0.0082188528 1.3336566e-05 3.5555831e-05 15:55:57
044_18-2024-10-03-06.40um-spot00-245 3.536 5.43643e+08 2.53910e+03 1922.3227 1.1709226e-05 2.9956515e-07 12066409 3.6414281e-08 3.9140941e-08 8.123943e-10 0.34891709 0.04004785 4.7934502e-05 1.4897251e-06 0.014935799 0.00032452192 -0.013127334 0.011481833 -0.00034252912 4.5376865e-05 15:56:08
044_18-2024-10-03-06.40um-spot00-246 3.536 5.44122e+08 2.60168e+03 1924.0164 1.1413245e-05 2.4516953e-07 11789576 3.6382226e-08 2.8375259e-08 3.4553499e-10 0.3141216 0.034366936 4.0927075e-05 2.225394e-06 0.029678166 0.00043786577 -0.19624095 0.0075136749 -9.5663122e-05 4.228253e-05 15:56:19
044_18-2024-10-03-06.40um-spot00-247 3.536 5.44241e+08 2.84196e+03 1924.437 1.2151933e-05 2.5393507e-07 12040369 3.6374275e-08 2.753996e-08 3.5085851e-10 0.36508729 0.035642183 4.7096653e-05 1.2831935e-06 0.025876339 0.00040537468 -0.093904558 0.0079632423 -0.00019481575 3.5781579e-05 15:56:31
044_18-2024-10-03-06.40um-spot00-248 3.536 5.44431e+08 2.38600e+03 1925.1065 1.2709528e-05 2.1925374e-07 11650205 3.6361625e-08 2.8106967e-08 3.3314793e-10 0.53661794 0.040649846 5.0595653e-05 6.7833048e-07 0.027859962 0.00040186956 -0.12676023 0.0073479369 -0.00040152538 3.5239558e-05 15:56:42
044_18-2024-10-03-06.40um-spot00-249 3.536 5.44508e+08 2.29435e+03 1925.3786 1.1823937e-05 2.2994182e-07 11617502 3.6356487e-08 2.8197374e-08 3.3693926e-10 0.38493557 0.033893541 4.7786031e-05 1.1405995e-06 0.027520893 0.0003994801 -0.11536688 0.0074004834 -0.0006498166 3.7192304e-05 15:56:53
044_18-2024-10-03-06.40um-spot00-250 3.536 5.44677e+08 2.31578e+03 1925.9789 1.1902801e-05 4.2231866e-07 11593386 3.6345154e-08 2.6887774e-08 3.4378724e-10 0.39649005 0.10440499 4.501695e-05 5.3521546e-06 0.033118301 0.00071891549 -0.69188942 0.0093665664 -0.00022773796 3.8376608e-05 15:57:05
044_18-2024-10-03-06.40um-spot00-251 3.536 5.45010e+08 2.54071e+03 1927.1556 1.312938e-05 2.2598827e-07 11927330 3.6322961e-08 2.6983774e-08 3.2343759e-10 0.61041175 0.044883121 5.2439789e-05 4.9548615e-07 0.028362186 0.00042489921 -0.81183947 0.0075808907 0.00010702616 3.4154301e-05 15:57:16
044_18-2024-10-03-06.40um-spot00-252 3.536 5.45231e+08 2.32053e+03 1927.9367 1.3391376e-05 2.3290586e-07 11392690 3.6308246e-08 2.8882941e-08 3.6658686e-10 0.6694828 0.049896877 5.2246797e-05 4.8338681e-07 0.027255758 0.00041523512 -0.20643585 0.0077875985 -0.00059474608 3.6399927e-05 15:57:27
044_18-2024-10-03-06.40um-spot00-253 3.536 5.45363e+08 2.68748e+03 1928.4047 1.2313765e-05 2.4287614e-07 12066864 3.6299434e-08 2.7594808e-08 3.5738054e-10 0.46511956 0.04069128 4.9600376e-05 9.1600884e-07 0.028062184 0.00044630421 -0.18098525 0.0080945727 0.0001091662 3.9124502e-05 15:57:39
044_18-2024-10-03-06.40um-spot00-254 3.536 5.45350e+08 2.52231e+03 1928.3568 1.2636779e-05 2.531242e-07 11824640 3.6300337e-08 2.7768924e-08 3.5713624e-10 0.45664124 0.040666534 5.0012044e-05 8.5643931e-07 0.026307359 0.00041400536 -0.12238469 0.0080239868 -0.00048324758 3.5922047e-05 15:57:50
044_18-2024-10-03-06.40um-spot00-255 3.536 5.45302e+08 2.88566e+03 1928.188 1.3016545e-05 2.6404961e-07 12564139 3.6303513e-08 2.6242614e-08 3.5451547e-10 0.50477226 0.04441724 5.1778516e-05 6.6075332e-07 0.026053568 0.00044615106 -0.73068411 0.0086612337 -5.9033006e-05 3.4777956e-05 15:58:02
044_18-2024-10-03-06.40um-spot00-256 3.536 5.45766e+08 2.60099e+03 1929.8298 1.2894327e-05 2.285528e-07 11656339 3.6272629e-08 2.8128465e-08 3.3218503e-10 0.54624504 0.042771274 5.0961912e-05 6.6155015e-07 0.0277885 0.0004013667 -0.9149143 0.0073431733 -0.000136743 3.4558768e-05 15:58:13
044_18-2024-10-03-06.40um-spot00-257 3.536 5.44903e+08 2.60396e+03 1926.7765 1.2312439e-05 2.442504e-07 11774189 3.6330109e-08 2.8124411e-08 3.473895e-10 0.41145129 0.037122431 4.8560926e-05 1.0359009e-06 0.026430452 0.0003969491 -0.093811739 0.0076644985 0.00018997234 3.5706035e-05 15:58:25
044_18-2024-10-03-06.40um-spot00-258 3.536 5.44310e+08 3.27382e+03 1924.6798 1.2615077e-05 3.034999e-07 12699271 3.6369687e-08 2.4962471e-08 3.1450495e-10 0.49354898 0.060069318 5.1643915e-05 1.2041506e-06 0.030547093 0.00056287461 -0.85337335 0.0087721902 -0.0003442189 3.4946753e-05 15:58:36
044_18-2024-10-03-06.40um-spot00-259 3.536 5.44486e+08 2.51771e+03 1925.3022 1.2761896e-05 2.2309373e-07 11800394 3.6357928e-08 2.8260852e-08 3.3376709e-10 0.55430328 0.043274203 5.0015158e-05 7.3699645e-07 0.029328501 0.00042045448 -0.17790357 0.0073025477 -0.00012782401 3.7012519e-05 15:58:47
044_18-2024-10-03-06.40um-spot00-260 3.536 5.44481e+08 2.19050e+03 1925.2864 1.2785564e-05 2.3631626e-07 11242646 3.6358226e-08 2.9496455e-08 3.8438307e-10 0.54171571 0.043708628 5.1268955e-05 6.699873e-07 0.025318751 0.00039415524 -0.82928097 0.0079474645 -7.0848968e-05 3.6323038e-05 15:58:58
044_18-2024-10-03-06.40um-spot00-261 3.536 5.44481e+08 2.98387e+03 1925.2832 1.2910906e-05 2.3619434e-07 12518966 3.6358288e-08 2.6312856e-08 3.3788445e-10 0.55400296 0.043056509 5.2079569e-05 5.6517036e-07 0.02761387 0.0004465074 -0.063333823 0.0081856272 -0.00029777719 3.5438344e-05 15:59:10
044_18-2024-10-03-06.40um-spot00-262 3.536 5.44786e+08 2.31687e+03 1926.3637 1.2642265e-05 1.8986937e-07 11992499 3.6337894e-08 2.863949e-08 3.8972836e-10 0.32049639 0.016033242 4.6109998e-05 4.5282311e-07 0.020462721 0.00027092605 -0.47594181 0.0077035561 -1.0690213e-05 3.4195841e-05 15:59:21
044_18-2024-10-03-06.40um-spot00-263 3.536 5.44840e+08 2.48163e+03 1926.5529 1.2420151e-05 2.1793003e-07 12158629 3.6334326e-08 2.7156263e-08 3.0081182e-10 0.44478395 0.034972178 4.9733522e-05 8.0913475e-07 0.027452838 0.00037878806 -0.79759633 0.0069867351 -0.000189902 3.1969082e-05 15:59:33