Study Name	044_18
Sample Name	2024-10-03
Run Name	spot00
Operator	Elena
Date	10/3/2024
Time	15:10
Sign	NEG
Grating Spacing	06.40um
Channel	3
Number Traces	2000
Files in Batch	6
Batch Number	226
dt	100.000001E-12
time stamp (ms)	3:52:33 PM
	
Time	Amplitude
0.000000E+0	-7.537674E-4
1.000000E-10	-5.995871E-4
2.000000E-10	-4.711035E-4
3.000000E-10	-6.167182E-4
4.000000E-10	-4.968003E-4
5.000000E-10	-5.310625E-4
6.000000E-10	-5.567592E-4
7.000000E-10	-4.968003E-4
8.000000E-10	-3.169233E-4
9.000000E-10	-3.511856E-4
1.000000E-9	-3.597511E-4
1.100000E-9	-2.826610E-4
1.200000E-9	-2.483987E-4
1.300000E-9	-3.425946E-5
1.400000E-9	-4.282504E-5
1.500000E-9	-6.852175E-5
1.600000E-9	-1.456119E-4
1.700000E-9	-3.511856E-4
1.800000E-9	-4.539724E-4
1.900000E-9	-4.539724E-4
2.000000E-9	-2.141364E-4
2.100000E-9	-1.199152E-4
2.200000E-9	-8.562754E-6
2.300000E-9	2.141421E-4
2.400000E-9	1.713142E-4
2.500000E-9	2.055765E-4
2.600000E-9	1.199208E-4
2.700000E-9	3.426510E-5
2.800000E-9	-5.139061E-5
2.900000E-9	-5.995618E-5
3.000000E-9	-2.912266E-4
3.100000E-9	-5.738904E-4
3.200000E-9	-8.308575E-4
3.300000E-9	-1.002169E-3
3.400000E-9	-1.036431E-3
3.500000E-9	-1.044997E-3
3.600000E-9	-9.422099E-4
3.700000E-9	-8.394231E-4
3.800000E-9	-7.537674E-4
3.900000E-9	-7.366362E-4
4.000000E-9	-6.338494E-4
4.100000E-9	-4.968003E-4
4.200000E-9	-2.227020E-4
4.300000E-9	1.798798E-4
4.400000E-9	4.539780E-4
4.500000E-9	4.111502E-4
4.600000E-9	3.597568E-4
4.700000E-9	5.996181E-5
4.800000E-9	-3.340544E-4
4.900000E-9	-4.968003E-4
5.000000E-9	-5.910215E-4
5.100000E-9	-7.023739E-4
5.200000E-9	-5.139314E-4
5.300000E-9	-2.997921E-4
5.400000E-9	-1.113496E-4
5.500000E-9	-5.995618E-5
5.600000E-9	1.284864E-4
5.700000E-9	-9.421846E-5
5.800000E-9	-2.483987E-4
5.900000E-9	-4.539724E-4
6.000000E-9	-5.567592E-4
6.100000E-9	-5.396281E-4
6.200000E-9	-3.940134E-4
6.300000E-9	-3.426200E-4
6.400000E-9	-3.340544E-4
6.500000E-9	-2.997921E-4
6.600000E-9	-4.368413E-4
6.700000E-9	-3.768823E-4
6.800000E-9	-3.426200E-4
6.900000E-9	-2.141364E-4
7.000000E-9	-1.712832E-5
7.100000E-9	2.484044E-4
7.200000E-9	2.398388E-4
7.300000E-9	5.139624E-5
7.400000E-9	-3.511856E-4
7.500000E-9	-9.422099E-4
7.600000E-9	-1.284833E-3
7.700000E-9	-1.558931E-3
7.800000E-9	-1.524669E-3
7.900000E-9	-1.173480E-3
8.000000E-9	-7.880296E-4
8.100000E-9	-4.197101E-4
8.200000E-9	-3.768823E-4
8.300000E-9	-2.312676E-4
8.400000E-9	-3.425946E-5
8.500000E-9	1.199208E-4
8.600000E-9	1.370519E-4
8.700000E-9	-4.282504E-5
8.800000E-9	-1.970053E-4
8.900000E-9	-4.197101E-4
9.000000E-9	-7.880296E-4
9.100000E-9	-9.764722E-4
9.200000E-9	-9.336443E-4
9.300000E-9	-6.595461E-4
9.400000E-9	-1.713086E-4
9.500000E-9	3.083633E-4
9.600000E-9	4.025846E-4
9.700000E-9	2.055765E-4
9.800000E-9	-3.169233E-4
9.900000E-9	-1.027866E-3
1.000000E-8	-1.507538E-3
1.010000E-8	-1.344792E-3
1.020000E-8	-8.993821E-4
1.030000E-8	-1.627430E-4
1.040000E-8	5.139370E-4
1.050000E-8	8.651254E-4
1.060000E-8	8.822565E-4
1.070000E-8	4.111502E-4
1.080000E-8	-5.995618E-5
1.090000E-8	-6.852428E-4
1.100000E-8	-8.822509E-4
1.110000E-8	-9.679066E-4
1.120000E-8	-7.452018E-4
1.130000E-8	-3.426200E-4
1.140000E-8	-1.027840E-4
1.150000E-8	1.199208E-4
1.160000E-8	1.284864E-4
1.170000E-8	1.456175E-4
1.180000E-8	1.284864E-4
1.190000E-8	1.713396E-5
1.200000E-8	-6.852175E-5
1.210000E-8	-1.712832E-5
1.220000E-8	8.568386E-6
1.230000E-8	-8.565289E-5
1.240000E-8	-1.627430E-4
1.250000E-8	-2.141364E-4
1.260000E-8	-3.254889E-4
1.270000E-8	-3.169233E-4
1.280000E-8	-1.199152E-4
1.290000E-8	6.852738E-5
1.300000E-8	3.597568E-4
1.310000E-8	4.796747E-4
1.320000E-8	2.141421E-4
1.330000E-8	-6.852175E-5
1.340000E-8	-5.653248E-4
1.350000E-8	-1.019300E-3
1.360000E-8	-1.113521E-3
1.370000E-8	-9.507755E-4
1.380000E-8	-7.537674E-4
1.390000E-8	-3.768823E-4
1.400000E-8	2.569953E-5
1.410000E-8	9.422409E-5
1.420000E-8	6.852738E-5
1.430000E-8	-1.970053E-4
1.440000E-8	-4.539724E-4
1.450000E-8	-5.567592E-4
1.460000E-8	-4.711035E-4
1.470000E-8	-2.569643E-4
1.480000E-8	-3.425946E-5
1.490000E-8	2.741011E-4
1.500000E-8	3.426256E-4
1.510000E-8	4.625436E-4
1.520000E-8	6.081583E-4
1.530000E-8	6.766829E-4
1.540000E-8	7.195107E-4
1.550000E-8	5.824616E-4
1.560000E-8	3.940190E-4
1.570000E-8	8.565852E-5
1.580000E-8	-2.655299E-4
1.590000E-8	-5.738904E-4
1.600000E-8	-5.653248E-4
1.610000E-8	-3.426200E-4
1.620000E-8	-2.655299E-4
1.630000E-8	-2.569389E-5
1.640000E-8	9.422409E-5
1.650000E-8	-1.713086E-4
1.660000E-8	-6.424149E-4
1.670000E-8	-8.222919E-4
1.680000E-8	-8.394231E-4
1.690000E-8	-5.738904E-4
1.700000E-8	1.713142E-4
1.710000E-8	7.623386E-4
1.720000E-8	1.182051E-3
1.730000E-8	1.242010E-3
1.740000E-8	8.736910E-4
1.750000E-8	4.282813E-4
1.760000E-8	5.996181E-5
1.770000E-8	-2.569389E-5
1.780000E-8	2.569699E-4
1.790000E-8	2.655355E-4
1.800000E-8	1.884454E-4
1.810000E-8	-5.995618E-5
1.820000E-8	-3.254889E-4
1.830000E-8	-5.738904E-4
1.840000E-8	-6.852428E-4
1.850000E-8	-5.310625E-4
1.860000E-8	-2.312676E-4
1.870000E-8	-1.798742E-4
1.880000E-8	-2.655299E-4
1.890000E-8	-5.653248E-4
1.900000E-8	-6.167182E-4
1.910000E-8	-7.366362E-4
1.920000E-8	-7.366362E-4
1.930000E-8	-5.396281E-4
1.940000E-8	-2.569389E-5
1.950000E-8	5.995927E-4
1.960000E-8	1.122093E-3
1.970000E-8	1.464715E-3
1.980000E-8	1.156355E-3
1.990000E-8	2.227076E-4
2.000000E-8	-1.730242E-3
2.010000E-8	-4.556881E-3
2.020000E-8	-7.888887E-3
2.030000E-8	-1.131512E-2
2.040000E-8	-1.463856E-2
2.050000E-8	-1.763651E-2
2.060000E-8	-1.970937E-2
2.070000E-8	-2.081433E-2
2.080000E-8	-2.024044E-2
2.090000E-8	-1.816757E-2
2.100000E-8	-1.487839E-2
2.110000E-8	-1.057848E-2
2.120000E-8	-6.312822E-3
2.130000E-8	-2.963684E-3
2.140000E-8	-9.079476E-4
2.150000E-8	-1.627430E-4
2.160000E-8	-7.109395E-4
2.170000E-8	-2.107127E-3
2.180000E-8	-3.683192E-3
2.190000E-8	-5.773191E-3
2.200000E-8	-7.657617E-3
2.210000E-8	-1.003028E-2
2.220000E-8	-1.283979E-2
2.230000E-8	-1.540089E-2
2.240000E-8	-1.749089E-2
2.250000E-8	-1.867294E-2
2.260000E-8	-1.854446E-2
2.270000E-8	-1.721679E-2
2.280000E-8	-1.527241E-2
2.290000E-8	-1.289118E-2
2.300000E-8	-1.039860E-2
2.310000E-8	-8.145854E-3
2.320000E-8	-6.055855E-3
2.330000E-8	-4.445528E-3
2.340000E-8	-3.289176E-3
2.350000E-8	-2.860898E-3
2.360000E-8	-3.546143E-3
2.370000E-8	-5.362044E-3
2.380000E-8	-7.991674E-3
2.390000E-8	-1.097249E-2
2.400000E-8	-1.421884E-2
2.410000E-8	-1.705405E-2
2.420000E-8	-1.929823E-2
2.430000E-8	-2.072011E-2
2.440000E-8	-2.133683E-2
2.450000E-8	-2.116552E-2
2.460000E-8	-2.036036E-2
2.470000E-8	-1.868151E-2
2.480000E-8	-1.625745E-2
2.490000E-8	-1.335372E-2
2.500000E-8	-9.953190E-3
2.510000E-8	-6.629748E-3
2.520000E-8	-4.094340E-3
2.530000E-8	-2.758111E-3
2.540000E-8	-2.903725E-3
2.550000E-8	-4.788151E-3
2.560000E-8	-7.897453E-3
2.570000E-8	-1.178622E-2
2.580000E-8	-1.570925E-2
2.590000E-8	-1.886138E-2
2.600000E-8	-2.098564E-2
2.610000E-8	-2.221909E-2
2.620000E-8	-2.245892E-2
2.630000E-8	-2.200495E-2
2.640000E-8	-2.125974E-2
2.650000E-8	-1.997491E-2
2.660000E-8	-1.803052E-2
2.670000E-8	-1.564073E-2
2.680000E-8	-1.277126E-2
2.690000E-8	-9.858968E-3
2.700000E-8	-7.520568E-3
2.710000E-8	-6.227167E-3
2.720000E-8	-6.210036E-3
2.730000E-8	-7.828928E-3
2.740000E-8	-1.038147E-2
2.750000E-8	-1.340511E-2
2.760000E-8	-1.627458E-2
2.770000E-8	-1.837315E-2
2.780000E-8	-1.995778E-2
2.790000E-8	-2.067728E-2
2.800000E-8	-2.067728E-2
2.810000E-8	-2.045458E-2
2.820000E-8	-2.024044E-2
2.830000E-8	-1.982073E-2
2.840000E-8	-1.913548E-2
2.850000E-8	-1.823610E-2
2.860000E-8	-1.636880E-2
2.870000E-8	-1.424454E-2
2.880000E-8	-1.218024E-2
2.890000E-8	-1.026155E-2
2.900000E-8	-9.096633E-3
2.910000E-8	-8.993846E-3
2.920000E-8	-9.627698E-3
2.930000E-8	-1.086971E-2
2.940000E-8	-1.265991E-2
2.950000E-8	-1.458716E-2
2.960000E-8	-1.652298E-2
2.970000E-8	-1.850163E-2
2.980000E-8	-2.027470E-2
2.990000E-8	-2.179937E-2
3.000000E-8	-2.295573E-2
3.010000E-8	-2.326409E-2
3.020000E-8	-2.247605E-2
3.030000E-8	-2.080577E-2
3.040000E-8	-1.803909E-2
3.050000E-8	-1.498974E-2
3.060000E-8	-1.184618E-2
3.070000E-8	-9.362165E-3
3.080000E-8	-7.846059E-3
3.090000E-8	-7.434912E-3
3.100000E-8	-7.923150E-3
3.110000E-8	-9.182288E-3
3.120000E-8	-1.086971E-2
3.130000E-8	-1.299397E-2
3.140000E-8	-1.520388E-2
3.150000E-8	-1.780782E-2
3.160000E-8	-2.040319E-2
3.170000E-8	-2.258741E-2
3.180000E-8	-2.415491E-2
3.190000E-8	-2.423200E-2
3.200000E-8	-2.295573E-2
3.210000E-8	-2.018905E-2
3.220000E-8	-1.674569E-2
3.230000E-8	-1.300253E-2
3.240000E-8	-1.009880E-2
3.250000E-8	-8.077330E-3
3.260000E-8	-7.195076E-3
3.270000E-8	-7.272166E-3
3.280000E-8	-7.820363E-3
3.290000E-8	-8.839666E-3
3.300000E-8	-1.030438E-2
3.310000E-8	-1.211171E-2
3.320000E-8	-1.418458E-2
3.330000E-8	-1.677995E-2
3.340000E-8	-1.933249E-2
3.350000E-8	-2.133683E-2
3.360000E-8	-2.257027E-2
3.370000E-8	-2.246749E-2
3.380000E-8	-2.149958E-2
3.390000E-8	-1.972651E-2
3.400000E-8	-1.737954E-2
3.410000E-8	-1.469852E-2
3.420000E-8	-1.252286E-2
3.430000E-8	-1.074122E-2
3.440000E-8	-9.336469E-3
3.450000E-8	-8.634092E-3
3.460000E-8	-8.180117E-3
3.470000E-8	-8.214379E-3
3.480000E-8	-8.925321E-3
3.490000E-8	-1.003885E-2
3.500000E-8	-1.174339E-2
3.510000E-8	-1.392761E-2
3.520000E-8	-1.650585E-2
3.530000E-8	-1.892134E-2
3.540000E-8	-2.108843E-2
3.550000E-8	-2.221052E-2
3.560000E-8	-2.230474E-2
3.570000E-8	-2.149101E-2
3.580000E-8	-1.964942E-2
3.590000E-8	-1.699409E-2
3.600000E-8	-1.419315E-2
3.610000E-8	-1.118663E-2
3.620000E-8	-8.274338E-3
3.630000E-8	-5.910241E-3
3.640000E-8	-4.257086E-3
3.650000E-8	-3.683192E-3
3.660000E-8	-4.702495E-3
3.670000E-8	-6.766798E-3
3.680000E-8	-9.644829E-3
3.690000E-8	-1.297684E-2
3.700000E-8	-1.617179E-2
3.710000E-8	-1.889564E-2
3.720000E-8	-2.103704E-2
3.730000E-8	-2.206491E-2
3.740000E-8	-2.227048E-2
3.750000E-8	-2.158523E-2
3.760000E-8	-1.979503E-2
3.770000E-8	-1.719110E-2
3.780000E-8	-1.411606E-2
3.790000E-8	-1.075835E-2
3.800000E-8	-7.589092E-3
3.810000E-8	-5.165036E-3
3.820000E-8	-3.768848E-3
3.830000E-8	-3.743151E-3
3.840000E-8	-5.293520E-3
3.850000E-8	-7.828928E-3
3.860000E-8	-1.100675E-2
3.870000E-8	-1.425311E-2
3.880000E-8	-1.687417E-2
3.890000E-8	-1.849306E-2
3.900000E-8	-1.904126E-2
3.910000E-8	-1.875860E-2
3.920000E-8	-1.796200E-2
3.930000E-8	-1.702835E-2
3.940000E-8	-1.564073E-2
3.950000E-8	-1.406466E-2
3.960000E-8	-1.234298E-2
3.970000E-8	-1.022729E-2
3.980000E-8	-7.957412E-3
3.990000E-8	-5.961634E-3
4.000000E-8	-4.574012E-3
4.010000E-8	-3.982987E-3
4.020000E-8	-4.925200E-3
4.030000E-8	-6.749666E-3
4.040000E-8	-9.396428E-3
4.050000E-8	-1.198323E-2
4.060000E-8	-1.427024E-2
4.070000E-8	-1.570925E-2
4.080000E-8	-1.672856E-2
4.090000E-8	-1.705405E-2
4.100000E-8	-1.718253E-2
4.110000E-8	-1.731958E-2
4.120000E-8	-1.694269E-2
4.130000E-8	-1.611183E-2
4.140000E-8	-1.462143E-2
4.150000E-8	-1.245434E-2
4.160000E-8	-9.670526E-3
4.170000E-8	-6.912412E-3
4.180000E-8	-4.702495E-3
4.190000E-8	-3.349135E-3
4.200000E-8	-3.374832E-3
4.210000E-8	-4.445528E-3
4.220000E-8	-6.544093E-3
4.230000E-8	-9.182288E-3
4.240000E-8	-1.168343E-2
4.250000E-8	-1.389335E-2
4.260000E-8	-1.552938E-2
4.270000E-8	-1.668573E-2
4.280000E-8	-1.723392E-2
4.290000E-8	-1.715683E-2
4.300000E-8	-1.629171E-2
4.310000E-8	-1.474134E-2
4.320000E-8	-1.270274E-2
4.330000E-8	-1.024442E-2
4.340000E-8	-7.743273E-3
4.350000E-8	-5.473397E-3
4.360000E-8	-3.837373E-3
4.370000E-8	-2.929422E-3
4.380000E-8	-2.775242E-3
4.390000E-8	-3.614668E-3
4.400000E-8	-5.190733E-3
4.410000E-8	-7.520568E-3
4.420000E-8	-1.015876E-2
4.430000E-8	-1.285692E-2
4.440000E-8	-1.523815E-2
4.450000E-8	-1.686560E-2
4.460000E-8	-1.734528E-2
4.470000E-8	-1.695983E-2
4.480000E-8	-1.560647E-2
4.490000E-8	-1.361925E-2
4.500000E-8	-1.129798E-2
4.510000E-8	-8.873928E-3
4.520000E-8	-6.920978E-3
4.530000E-8	-5.413438E-3
4.540000E-8	-4.496922E-3
4.550000E-8	-4.094340E-3
4.560000E-8	-4.368438E-3
4.570000E-8	-4.736757E-3
4.580000E-8	-5.481962E-3
4.590000E-8	-6.355650E-3
4.600000E-8	-7.606223E-3
4.610000E-8	-9.156592E-3
4.620000E-8	-1.107528E-2
4.630000E-8	-1.290831E-2
4.640000E-8	-1.433876E-2
4.650000E-8	-1.512679E-2
4.660000E-8	-1.500688E-2
4.670000E-8	-1.402184E-2
4.680000E-8	-1.262565E-2
4.690000E-8	-1.104102E-2
4.700000E-8	-9.464952E-3
4.710000E-8	-8.240076E-3
4.720000E-8	-7.092289E-3
4.730000E-8	-6.021593E-3
4.740000E-8	-5.130774E-3
4.750000E-8	-4.265651E-3
4.760000E-8	-3.683192E-3
4.770000E-8	-3.674627E-3
4.780000E-8	-4.479790E-3
4.790000E-8	-5.875978E-3
4.800000E-8	-8.077330E-3
4.810000E-8	-1.049282E-2
4.820000E-8	-1.294257E-2
4.830000E-8	-1.508397E-2
4.840000E-8	-1.614610E-2
4.850000E-8	-1.622319E-2
4.860000E-8	-1.522102E-2
4.870000E-8	-1.314815E-2
4.880000E-8	-1.065557E-2
4.890000E-8	-8.094461E-3
4.900000E-8	-5.619011E-3
4.910000E-8	-3.631799E-3
4.920000E-8	-2.364095E-3
4.930000E-8	-1.593193E-3
4.940000E-8	-1.464710E-3
4.950000E-8	-2.278439E-3
4.960000E-8	-3.666061E-3
4.970000E-8	-5.601880E-3
4.980000E-8	-7.923150E-3
4.990000E-8	-1.019303E-2
5.000000E-8	-1.208602E-2
5.010000E-8	-1.348220E-2
5.020000E-8	-1.411606E-2
5.030000E-8	-1.402184E-2
5.040000E-8	-1.343938E-2
5.050000E-8	-1.205175E-2
5.060000E-8	-1.030438E-2
5.070000E-8	-8.205813E-3
5.080000E-8	-5.995896E-3
5.090000E-8	-3.897332E-3
5.100000E-8	-2.578234E-3
5.110000E-8	-1.901554E-3
5.120000E-8	-2.252742E-3
5.130000E-8	-3.563274E-3
5.140000E-8	-5.216429E-3
5.150000E-8	-6.852453E-3
5.160000E-8	-8.334297E-3
5.170000E-8	-9.345034E-3
5.180000E-8	-9.790444E-3
5.190000E-8	-1.030438E-2
5.200000E-8	-1.067270E-2
5.210000E-8	-1.126372E-2
5.220000E-8	-1.182905E-2
5.230000E-8	-1.180335E-2
5.240000E-8	-1.116094E-2
5.250000E-8	-9.661960E-3
5.260000E-8	-7.460609E-3
5.270000E-8	-5.070815E-3
5.280000E-8	-3.169258E-3
5.290000E-8	-1.815898E-3
5.300000E-8	-1.267702E-3
5.310000E-8	-1.584628E-3
5.320000E-8	-2.381226E-3
5.330000E-8	-3.460488E-3
5.340000E-8	-4.985159E-3
5.350000E-8	-6.578355E-3
5.360000E-8	-8.111592E-3
5.370000E-8	-9.661960E-3
5.380000E-8	-1.092110E-2
5.390000E-8	-1.194897E-2
5.400000E-8	-1.242864E-2
5.410000E-8	-1.221450E-2
5.420000E-8	-1.127229E-2
5.430000E-8	-9.850403E-3
5.440000E-8	-7.811797E-3
5.450000E-8	-5.473397E-3
5.460000E-8	-3.374832E-3
5.470000E-8	-1.567497E-3
5.480000E-8	-5.053658E-4
5.490000E-8	-3.940134E-4
5.500000E-8	-1.044997E-3
5.510000E-8	-2.415488E-3
5.520000E-8	-4.299913E-3
5.530000E-8	-6.475568E-3
5.540000E-8	-8.599830E-3
5.550000E-8	-1.068126E-2
5.560000E-8	-1.210315E-2
5.570000E-8	-1.277983E-2
5.580000E-8	-1.286548E-2
5.590000E-8	-1.206889E-2
5.600000E-8	-1.055278E-2
5.610000E-8	-8.745444E-3
5.620000E-8	-6.681142E-3
5.630000E-8	-4.522618E-3
5.640000E-8	-2.706717E-3
5.650000E-8	-1.164915E-3
5.660000E-8	-1.627430E-4
5.670000E-8	-1.284807E-4
5.680000E-8	-6.509805E-4
5.690000E-8	-1.978644E-3
5.700000E-8	-3.743151E-3
5.710000E-8	-5.756060E-3
5.720000E-8	-7.674748E-3
5.730000E-8	-9.310772E-3
5.740000E-8	-1.045856E-2
5.750000E-8	-1.092110E-2
5.760000E-8	-1.086971E-2
5.770000E-8	-1.026155E-2
5.780000E-8	-9.345034E-3
5.790000E-8	-8.197248E-3
5.800000E-8	-6.741101E-3
5.810000E-8	-5.010856E-3
5.820000E-8	-3.451922E-3
5.830000E-8	-2.098562E-3
5.840000E-8	-1.147784E-3
5.850000E-8	-9.336443E-4
5.860000E-8	-1.396185E-3
5.870000E-8	-2.364095E-3
5.880000E-8	-3.666061E-3
5.890000E-8	-4.899503E-3
5.900000E-8	-6.158642E-3
5.910000E-8	-7.374953E-3
5.920000E-8	-8.454215E-3
5.930000E-8	-9.353600E-3
5.940000E-8	-1.000458E-2
5.950000E-8	-1.011594E-2
5.960000E-8	-9.482083E-3
5.970000E-8	-8.248641E-3
5.980000E-8	-6.569790E-3
5.990000E-8	-4.779585E-3
6.000000E-8	-3.220652E-3
6.010000E-8	-1.978644E-3
6.020000E-8	-1.104956E-3
6.030000E-8	-6.424149E-4
6.040000E-8	-5.738904E-4
6.050000E-8	-6.766772E-4
6.060000E-8	-1.182046E-3
6.070000E-8	-2.141390E-3
6.080000E-8	-3.546143E-3
6.090000E-8	-5.439134E-3
6.100000E-8	-7.297863E-3
6.110000E-8	-8.933887E-3
6.120000E-8	-9.978886E-3
6.130000E-8	-1.028725E-2
6.140000E-8	-9.687657E-3
6.150000E-8	-8.574133E-3
6.160000E-8	-6.938109E-3
6.170000E-8	-5.036552E-3
6.180000E-8	-3.486184E-3
6.190000E-8	-2.004341E-3
6.200000E-8	-1.190611E-3
6.210000E-8	-8.137264E-4
6.220000E-8	-9.079476E-4
6.230000E-8	-1.516103E-3
6.240000E-8	-2.355529E-3
6.250000E-8	-3.246348E-3
6.260000E-8	-4.231389E-3
6.270000E-8	-5.516224E-3
6.280000E-8	-6.552658E-3
6.290000E-8	-7.563396E-3
6.300000E-8	-8.300035E-3
6.310000E-8	-8.616961E-3
6.320000E-8	-8.565567E-3
6.330000E-8	-8.008805E-3
6.340000E-8	-6.989502E-3
6.350000E-8	-5.533356E-3
6.360000E-8	-4.162864E-3
6.370000E-8	-2.723848E-3
6.380000E-8	-1.473275E-3
6.390000E-8	-8.394231E-4
6.400000E-8	-6.424149E-4
6.410000E-8	-1.062128E-3
6.420000E-8	-1.918685E-3
6.430000E-8	-2.946553E-3
6.440000E-8	-4.017250E-3
6.450000E-8	-4.908069E-3
6.460000E-8	-5.541921E-3
6.470000E-8	-5.798888E-3
6.480000E-8	-5.918806E-3
6.490000E-8	-6.115814E-3
6.500000E-8	-6.278560E-3
6.510000E-8	-6.801060E-3
6.520000E-8	-6.946675E-3
6.530000E-8	-6.723970E-3
6.540000E-8	-6.030159E-3
6.550000E-8	-4.719626E-3
6.560000E-8	-3.169258E-3
6.570000E-8	-1.995775E-3
6.580000E-8	-1.019300E-3
6.590000E-8	-6.509805E-4
6.600000E-8	-8.822509E-4
6.610000E-8	-1.370488E-3
6.620000E-8	-2.038603E-3
6.630000E-8	-3.049340E-3
6.640000E-8	-4.171430E-3
6.650000E-8	-5.207864E-3
6.660000E-8	-6.424175E-3
6.670000E-8	-7.332125E-3
6.680000E-8	-7.906018E-3
6.690000E-8	-8.034502E-3
6.700000E-8	-7.477740E-3
6.710000E-8	-6.458437E-3
6.720000E-8	-5.242126E-3
6.730000E-8	-3.905897E-3
6.740000E-8	-2.501144E-3
6.750000E-8	-1.370488E-3
6.760000E-8	-4.625380E-4
6.770000E-8	1.284864E-4
6.780000E-8	1.199208E-4
6.790000E-8	-1.798742E-4
6.800000E-8	-8.993821E-4
6.810000E-8	-1.987209E-3
6.820000E-8	-3.263479E-3
6.830000E-8	-4.514053E-3
6.840000E-8	-5.850282E-3
6.850000E-8	-6.766798E-3
6.860000E-8	-7.220773E-3
6.870000E-8	-7.314994E-3
6.880000E-8	-6.741101E-3
6.890000E-8	-5.995896E-3
6.900000E-8	-5.002290E-3
6.910000E-8	-4.051512E-3
6.920000E-8	-3.032209E-3
6.930000E-8	-2.081431E-3
6.940000E-8	-1.242005E-3
6.950000E-8	-6.338494E-4
6.960000E-8	-5.995871E-4
6.970000E-8	-7.965952E-4
6.980000E-8	-1.464710E-3
6.990000E-8	-2.252742E-3
7.000000E-8	-3.092168E-3
7.010000E-8	-3.888766E-3
7.020000E-8	-4.582577E-3
7.030000E-8	-5.242126E-3
7.040000E-8	-5.610446E-3
7.050000E-8	-5.850282E-3
7.060000E-8	-5.627577E-3
7.070000E-8	-5.070815E-3
7.080000E-8	-4.299913E-3
7.090000E-8	-3.400529E-3
7.100000E-8	-2.775242E-3
7.110000E-8	-2.415488E-3
7.120000E-8	-2.089996E-3
7.130000E-8	-1.790201E-3
7.140000E-8	-1.610324E-3
7.150000E-8	-1.087825E-3
7.160000E-8	-6.252838E-4
7.170000E-8	-4.968003E-4
7.180000E-8	-6.681117E-4
7.190000E-8	-1.370488E-3
7.200000E-8	-2.740980E-3
7.210000E-8	-4.239954E-3
7.220000E-8	-5.704667E-3
7.230000E-8	-6.655445E-3
7.240000E-8	-6.869584E-3
7.250000E-8	-6.629748E-3
7.260000E-8	-5.970200E-3
7.270000E-8	-5.027987E-3
7.280000E-8	-4.008684E-3
7.290000E-8	-3.169258E-3
7.300000E-8	-2.218480E-3
7.310000E-8	-1.430447E-3
7.320000E-8	-9.079476E-4
7.330000E-8	-5.139314E-4
7.340000E-8	-5.653248E-4
7.350000E-8	-1.027866E-3
7.360000E-8	-1.833029E-3
7.370000E-8	-2.800939E-3
7.380000E-8	-3.982987E-3
7.390000E-8	-5.224995E-3
7.400000E-8	-6.141511E-3
7.410000E-8	-6.946675E-3
7.420000E-8	-7.186511E-3
7.430000E-8	-7.058027E-3
7.440000E-8	-6.475568E-3
7.450000E-8	-5.319216E-3
7.460000E-8	-3.982987E-3
7.470000E-8	-2.758111E-3
7.480000E-8	-1.627456E-3
7.490000E-8	-7.794641E-4
7.500000E-8	-3.940134E-4
7.510000E-8	-1.970053E-4
7.520000E-8	-4.711035E-4
7.530000E-8	-9.507755E-4
7.540000E-8	-1.841595E-3
7.550000E-8	-2.972250E-3
7.560000E-8	-3.991553E-3
7.570000E-8	-4.856675E-3
7.580000E-8	-5.284954E-3
7.590000E-8	-5.413438E-3
7.600000E-8	-5.122208E-3
7.610000E-8	-4.676798E-3
7.620000E-8	-4.171430E-3
7.630000E-8	-3.657496E-3
7.640000E-8	-3.032209E-3
7.650000E-8	-2.398357E-3
7.660000E-8	-1.730242E-3
7.670000E-8	-1.096390E-3
7.680000E-8	-7.794641E-4
7.690000E-8	-5.738904E-4
7.700000E-8	-4.796691E-4
7.710000E-8	-5.910215E-4
7.720000E-8	-8.651198E-4
7.730000E-8	-1.250570E-3
7.740000E-8	-1.935816E-3
7.750000E-8	-2.672455E-3
7.760000E-8	-3.503315E-3
7.770000E-8	-4.197127E-3
7.780000E-8	-4.685364E-3
7.790000E-8	-4.856675E-3
7.800000E-8	-4.779585E-3
7.810000E-8	-4.479790E-3
7.820000E-8	-4.145733E-3
7.830000E-8	-3.623233E-3
7.840000E-8	-3.117865E-3
7.850000E-8	-2.355529E-3
7.860000E-8	-1.593193E-3
7.870000E-8	-7.366362E-4
7.880000E-8	-4.282504E-5
7.890000E-8	3.426256E-4
7.900000E-8	2.227076E-4
7.910000E-8	-4.282757E-4
7.920000E-8	-1.524669E-3
7.930000E-8	-2.689586E-3
7.940000E-8	-3.683192E-3
7.950000E-8	-4.205692E-3
7.960000E-8	-4.248520E-3
7.970000E-8	-3.948725E-3
7.980000E-8	-3.554709E-3
7.990000E-8	-3.177824E-3
8.000000E-8	-2.912291E-3
8.010000E-8	-2.655324E-3
8.020000E-8	-2.543972E-3
8.030000E-8	-2.141390E-3
8.040000E-8	-1.721677E-3
8.050000E-8	-1.019300E-3
8.060000E-8	-3.511856E-4
8.070000E-8	2.569953E-5
8.080000E-8	1.970109E-4
8.090000E-8	-8.565289E-5
8.100000E-8	-8.565542E-4
8.110000E-8	-1.781636E-3
8.120000E-8	-2.775242E-3
8.130000E-8	-3.486184E-3
8.140000E-8	-3.734586E-3
8.150000E-8	-3.760282E-3
8.160000E-8	-3.529012E-3
8.170000E-8	-3.203520E-3
8.180000E-8	-2.809504E-3
8.190000E-8	-2.398357E-3
8.200000E-8	-2.252742E-3
8.210000E-8	-2.047168E-3
8.220000E-8	-1.978644E-3
8.230000E-8	-1.730242E-3
8.240000E-8	-1.584628E-3
8.250000E-8	-1.550365E-3
8.260000E-8	-1.481841E-3
8.270000E-8	-1.627456E-3
8.280000E-8	-1.833029E-3
8.290000E-8	-1.995775E-3
8.300000E-8	-2.089996E-3
8.310000E-8	-2.424054E-3
8.320000E-8	-2.629627E-3
8.330000E-8	-2.946553E-3
8.340000E-8	-3.109299E-3
8.350000E-8	-3.212086E-3
8.360000E-8	-3.057906E-3
8.370000E-8	-2.937988E-3
8.380000E-8	-2.672455E-3
8.390000E-8	-2.346963E-3
8.400000E-8	-2.107127E-3
8.410000E-8	-1.764505E-3
8.420000E-8	-1.284833E-3
8.430000E-8	-8.993821E-4
8.440000E-8	-5.567592E-4
8.450000E-8	-3.426200E-4
8.460000E-8	-5.995871E-4
8.470000E-8	-1.002169E-3
8.480000E-8	-1.661718E-3
8.490000E-8	-2.415488E-3
8.500000E-8	-2.792373E-3
8.510000E-8	-2.895160E-3
8.520000E-8	-2.878029E-3
8.530000E-8	-2.732414E-3
8.540000E-8	-2.561103E-3
8.550000E-8	-2.475447E-3
8.560000E-8	-2.329832E-3
8.570000E-8	-1.918685E-3
8.580000E-8	-1.447579E-3
8.590000E-8	-8.822509E-4
8.600000E-8	-3.597511E-4
8.610000E-8	-1.113496E-4
8.620000E-8	-6.852175E-5
8.630000E-8	-1.027840E-4
8.640000E-8	-6.081527E-4
8.650000E-8	-1.130652E-3
8.660000E-8	-1.576062E-3
8.670000E-8	-2.081431E-3
8.680000E-8	-2.269873E-3
8.690000E-8	-2.398357E-3
8.700000E-8	-2.458316E-3
8.710000E-8	-2.192783E-3
8.720000E-8	-1.952947E-3
8.730000E-8	-1.798767E-3
8.740000E-8	-1.558931E-3
8.750000E-8	-1.190611E-3
8.760000E-8	-1.130652E-3
8.770000E-8	-9.507755E-4
8.780000E-8	-1.130652E-3
8.790000E-8	-1.276267E-3
8.800000E-8	-1.618890E-3
8.810000E-8	-1.858726E-3
8.820000E-8	-2.055734E-3
8.830000E-8	-2.004341E-3
8.840000E-8	-1.875857E-3
8.850000E-8	-1.687415E-3
8.860000E-8	-1.524669E-3
8.870000E-8	-1.636021E-3
8.880000E-8	-2.004341E-3
8.890000E-8	-2.269873E-3
8.900000E-8	-2.569668E-3
8.910000E-8	-2.809504E-3
8.920000E-8	-2.809504E-3
8.930000E-8	-2.612496E-3
8.940000E-8	-2.526840E-3
8.950000E-8	-2.107127E-3
8.960000E-8	-1.798767E-3
8.970000E-8	-1.498972E-3
8.980000E-8	-1.173480E-3
8.990000E-8	-1.070693E-3
9.000000E-8	-1.242005E-3
9.010000E-8	-1.507538E-3
9.020000E-8	-1.944382E-3
9.030000E-8	-2.432619E-3
9.040000E-8	-2.458316E-3
9.050000E-8	-2.312701E-3
9.060000E-8	-2.364095E-3
9.070000E-8	-2.141390E-3
9.080000E-8	-2.081431E-3
9.090000E-8	-2.158521E-3
9.100000E-8	-2.364095E-3
9.110000E-8	-2.501144E-3
9.120000E-8	-2.526840E-3
9.130000E-8	-2.244177E-3
9.140000E-8	-1.670283E-3
9.150000E-8	-1.173480E-3
9.160000E-8	-7.537674E-4
9.170000E-8	-3.683167E-4
9.180000E-8	-2.312676E-4
9.190000E-8	-4.711035E-4
9.200000E-8	-7.023739E-4
9.210000E-8	-1.267702E-3
9.220000E-8	-1.567497E-3
9.230000E-8	-1.858726E-3
9.240000E-8	-1.858726E-3
9.250000E-8	-1.798767E-3
9.260000E-8	-1.653152E-3
9.270000E-8	-1.576062E-3
9.280000E-8	-1.516103E-3
9.290000E-8	-1.473275E-3
9.300000E-8	-1.473275E-3
9.310000E-8	-1.387620E-3
9.320000E-8	-1.224874E-3
9.330000E-8	-1.044997E-3
9.340000E-8	-6.938084E-4
9.350000E-8	-4.796691E-4
9.360000E-8	-6.167182E-4
9.370000E-8	-8.394231E-4
9.380000E-8	-1.079259E-3
9.390000E-8	-1.541800E-3
9.400000E-8	-1.875857E-3
9.410000E-8	-2.030037E-3
9.420000E-8	-1.910119E-3
9.430000E-8	-1.875857E-3
9.440000E-8	-1.627456E-3
9.450000E-8	-1.670283E-3
9.460000E-8	-1.533234E-3
9.470000E-8	-1.567497E-3
9.480000E-8	-1.576062E-3
9.490000E-8	-1.404751E-3
9.500000E-8	-1.216308E-3
9.510000E-8	-1.087825E-3
9.520000E-8	-1.027866E-3
9.530000E-8	-1.122087E-3
9.540000E-8	-1.276267E-3
9.550000E-8	-1.413316E-3
9.560000E-8	-1.576062E-3
9.570000E-8	-1.747373E-3
9.580000E-8	-1.901554E-3
9.590000E-8	-1.901554E-3
9.600000E-8	-2.141390E-3
9.610000E-8	-2.295570E-3
9.620000E-8	-2.192783E-3
9.630000E-8	-1.995775E-3
9.640000E-8	-1.533234E-3
9.650000E-8	-1.207743E-3
9.660000E-8	-9.850378E-4
9.670000E-8	-1.070693E-3
9.680000E-8	-1.139218E-3
9.690000E-8	-1.404751E-3
9.700000E-8	-1.404751E-3
9.710000E-8	-1.062128E-3
9.720000E-8	-7.280706E-4
9.730000E-8	-3.683167E-4
9.740000E-8	-2.398331E-4
9.750000E-8	-4.025790E-4
9.760000E-8	-7.880296E-4
9.770000E-8	-1.336226E-3
9.780000E-8	-1.833029E-3
9.790000E-8	-2.055734E-3
9.800000E-8	-1.927250E-3
9.810000E-8	-1.524669E-3
9.820000E-8	-9.422099E-4
9.830000E-8	-5.824560E-4
9.840000E-8	-5.824560E-4
9.850000E-8	-7.109395E-4
9.860000E-8	-9.593410E-4
9.870000E-8	-1.053562E-3
9.880000E-8	-8.308575E-4
9.890000E-8	-3.169233E-4
9.900000E-8	1.713396E-5
9.910000E-8	3.169289E-4
9.920000E-8	3.597568E-4
9.930000E-8	-8.562754E-6
9.940000E-8	-4.197101E-4
9.950000E-8	-7.880296E-4
9.960000E-8	-1.130652E-3
9.970000E-8	-1.310529E-3
9.980000E-8	-1.344792E-3
9.990000E-8	-1.421882E-3
1.000000E-7	-1.396185E-3
1.001000E-7	-1.361923E-3
1.002000E-7	-1.404751E-3
1.003000E-7	-1.224874E-3
1.004000E-7	-1.182046E-3
1.005000E-7	-1.096390E-3
1.006000E-7	-8.651198E-4
1.007000E-7	-6.424149E-4
1.008000E-7	-3.683167E-4
1.009000E-7	-2.912266E-4
1.010000E-7	-2.826610E-4
1.011000E-7	-4.711035E-4
1.012000E-7	-5.910215E-4
1.013000E-7	-6.766772E-4
1.014000E-7	-8.137264E-4
1.015000E-7	-8.736853E-4
1.016000E-7	-9.165132E-4
1.017000E-7	-1.122087E-3
1.018000E-7	-1.122087E-3
1.019000E-7	-1.087825E-3
1.020000E-7	-1.113521E-3
1.021000E-7	-1.079259E-3
1.022000E-7	-1.019300E-3
1.023000E-7	-8.822509E-4
1.024000E-7	-8.222919E-4
1.025000E-7	-6.595461E-4
1.026000E-7	-6.081527E-4
1.027000E-7	-4.111446E-4
1.028000E-7	-4.282757E-4
1.029000E-7	-7.280706E-4
1.030000E-7	-9.250788E-4
1.031000E-7	-1.301964E-3
1.032000E-7	-1.798767E-3
1.033000E-7	-2.218480E-3
1.034000E-7	-2.338398E-3
1.035000E-7	-2.321267E-3
1.036000E-7	-2.030037E-3
1.037000E-7	-1.533234E-3
1.038000E-7	-1.053562E-3
1.039000E-7	-7.366362E-4
1.040000E-7	-5.396281E-4
1.041000E-7	-5.396281E-4
1.042000E-7	-5.053658E-4
1.043000E-7	-5.653248E-4
1.044000E-7	-4.454068E-4
1.045000E-7	-2.826610E-4
1.046000E-7	6.852738E-5
1.047000E-7	2.141421E-4
1.048000E-7	1.884454E-4
1.049000E-7	5.139624E-5
1.050000E-7	-5.224970E-4
1.051000E-7	-1.156349E-3
1.052000E-7	-1.764505E-3
1.053000E-7	-2.192783E-3
1.054000E-7	-2.141390E-3
1.055000E-7	-1.747373E-3
1.056000E-7	-1.293398E-3
1.057000E-7	-8.565542E-4
1.058000E-7	-4.625380E-4
1.059000E-7	-4.111446E-4
1.060000E-7	-3.254889E-4
1.061000E-7	-3.511856E-4
1.062000E-7	-3.597511E-4
1.063000E-7	-2.483987E-4
1.064000E-7	-2.141364E-4
1.065000E-7	-1.456119E-4
1.066000E-7	-1.027840E-4
1.067000E-7	-8.565289E-5
1.068000E-7	-2.483987E-4
1.069000E-7	-1.627430E-4
1.070000E-7	-1.970053E-4
1.071000E-7	-3.683167E-4
1.072000E-7	-5.310625E-4
1.073000E-7	-9.593410E-4
1.074000E-7	-1.421882E-3
1.075000E-7	-1.661718E-3
1.076000E-7	-1.644587E-3
1.077000E-7	-1.584628E-3
1.078000E-7	-1.284833E-3
1.079000E-7	-8.993821E-4
1.080000E-7	-8.051608E-4
1.081000E-7	-7.623329E-4
1.082000E-7	-9.250788E-4
1.083000E-7	-1.079259E-3
1.084000E-7	-1.104956E-3
1.085000E-7	-9.764722E-4
1.086000E-7	-8.308575E-4
1.087000E-7	-5.738904E-4
1.088000E-7	-3.254889E-4
1.089000E-7	-2.312676E-4
1.090000E-7	-1.970053E-4
1.091000E-7	-3.083577E-4
1.092000E-7	-3.426200E-4
1.093000E-7	-4.539724E-4
1.094000E-7	-5.481937E-4
1.095000E-7	-4.025790E-4
1.096000E-7	-2.227020E-4
1.097000E-7	5.996181E-5
1.098000E-7	1.713396E-5
1.099000E-7	-2.312676E-4
1.100000E-7	-7.452018E-4
1.101000E-7	-1.164915E-3
1.102000E-7	-1.593193E-3
1.103000E-7	-1.790201E-3
1.104000E-7	-1.713111E-3
1.105000E-7	-1.276267E-3
1.106000E-7	-7.794641E-4
1.107000E-7	-5.224970E-4
1.108000E-7	-4.539724E-4
1.109000E-7	-4.111446E-4
1.110000E-7	-6.252838E-4
1.111000E-7	-7.537674E-4
1.112000E-7	-7.623329E-4
1.113000E-7	-7.623329E-4
1.114000E-7	-6.938084E-4
1.115000E-7	-5.738904E-4
1.116000E-7	-6.338494E-4
1.117000E-7	-6.595461E-4
1.118000E-7	-6.938084E-4
1.119000E-7	-7.537674E-4
1.120000E-7	-8.051608E-4
1.121000E-7	-8.565542E-4
1.122000E-7	-1.079259E-3
1.123000E-7	-1.216308E-3
1.124000E-7	-1.301964E-3
1.125000E-7	-1.678849E-3
1.126000E-7	-1.901554E-3
1.127000E-7	-1.833029E-3
1.128000E-7	-1.730242E-3
1.129000E-7	-1.439013E-3
1.130000E-7	-1.087825E-3
1.131000E-7	-9.593410E-4
1.132000E-7	-8.479886E-4
1.133000E-7	-1.019300E-3
1.134000E-7	-1.156349E-3
1.135000E-7	-1.353357E-3
1.136000E-7	-1.173480E-3
1.137000E-7	-1.079259E-3
1.138000E-7	-5.910215E-4
1.139000E-7	-1.970053E-4
1.140000E-7	7.709295E-5
1.141000E-7	2.055765E-4
1.142000E-7	3.426510E-5
1.143000E-7	-4.882347E-4
1.144000E-7	-8.993821E-4
1.145000E-7	-1.284833E-3
1.146000E-7	-1.541800E-3
1.147000E-7	-1.473275E-3
1.148000E-7	-1.164915E-3
1.149000E-7	-7.109395E-4
1.150000E-7	-4.111446E-4
1.151000E-7	-1.627430E-4
1.152000E-7	-1.627430E-4
1.153000E-7	-1.970053E-4
1.154000E-7	-2.055709E-4
1.155000E-7	-4.539724E-4
1.156000E-7	-4.968003E-4
1.157000E-7	-7.965952E-4
1.158000E-7	-9.850378E-4
1.159000E-7	-1.267702E-3
1.160000E-7	-1.370488E-3
1.161000E-7	-1.421882E-3
1.162000E-7	-1.216308E-3
1.163000E-7	-8.651198E-4
1.164000E-7	-6.595461E-4
1.165000E-7	-6.509805E-4
1.166000E-7	-7.366362E-4
1.167000E-7	-7.708985E-4
1.168000E-7	-8.736853E-4
1.169000E-7	-8.479886E-4
1.170000E-7	-7.280706E-4
1.171000E-7	-5.481937E-4
1.172000E-7	-3.511856E-4
1.173000E-7	-3.425946E-5
1.174000E-7	1.027897E-4
1.175000E-7	1.713142E-4
1.176000E-7	-8.565289E-5
1.177000E-7	-3.083577E-4
1.178000E-7	-5.224970E-4
1.179000E-7	-6.766772E-4
1.180000E-7	-5.567592E-4
1.181000E-7	-1.884397E-4
1.182000E-7	5.996181E-5
1.183000E-7	3.169289E-4
1.184000E-7	3.768879E-4
1.185000E-7	7.709295E-5
1.186000E-7	-1.541774E-4
1.187000E-7	-4.025790E-4
1.188000E-7	-6.509805E-4
1.189000E-7	-5.481937E-4
1.190000E-7	-3.854478E-4
1.191000E-7	-2.569643E-4
1.192000E-7	-1.627430E-4
1.193000E-7	-1.798742E-4
1.194000E-7	-3.426200E-4
1.195000E-7	-4.968003E-4
1.196000E-7	-5.995871E-4
1.197000E-7	-5.995871E-4
1.198000E-7	-3.683167E-4
1.199000E-7	2.815796E-9
1.200000E-7	2.312732E-4
1.201000E-7	5.310682E-4
1.202000E-7	6.938140E-4
1.203000E-7	5.738960E-4
1.204000E-7	3.597568E-4
1.205000E-7	8.565852E-5
1.206000E-7	-2.312676E-4
1.207000E-7	-1.884397E-4
1.208000E-7	-9.421846E-5
1.209000E-7	-6.852175E-5
1.210000E-7	-3.425946E-5
1.211000E-7	-1.113496E-4
1.212000E-7	-2.312676E-4
1.213000E-7	-1.970053E-4
1.214000E-7	1.113552E-4
1.215000E-7	2.997978E-4
1.216000E-7	6.681173E-4
1.217000E-7	6.681173E-4
1.218000E-7	3.426256E-4
1.219000E-7	2.569953E-5
1.220000E-7	-3.254889E-4
1.221000E-7	-6.081527E-4
1.222000E-7	-7.623329E-4
1.223000E-7	-5.396281E-4
1.224000E-7	-4.625380E-4
1.225000E-7	-3.254889E-4
1.226000E-7	-3.511856E-4
1.227000E-7	-3.511856E-4
1.228000E-7	-4.025790E-4
1.229000E-7	-3.768823E-4
1.230000E-7	-4.539724E-4
1.231000E-7	-3.340544E-4
1.232000E-7	-3.169233E-4
1.233000E-7	-3.683167E-4
1.234000E-7	-1.541774E-4
1.235000E-7	5.996181E-5
1.236000E-7	5.139624E-5
1.237000E-7	-1.113496E-4
1.238000E-7	-3.511856E-4
1.239000E-7	-8.565542E-4
1.240000E-7	-1.190611E-3
1.241000E-7	-1.361923E-3
1.242000E-7	-1.319095E-3
1.243000E-7	-1.002169E-3
1.244000E-7	-7.708985E-4
1.245000E-7	-5.567592E-4
1.246000E-7	-6.338494E-4
1.247000E-7	-8.993821E-4
1.248000E-7	-1.139218E-3
1.249000E-7	-1.301964E-3
1.250000E-7	-1.207743E-3
1.251000E-7	-9.936033E-4
1.252000E-7	-6.081527E-4
1.253000E-7	-2.312676E-4
1.254000E-7	8.568386E-6
1.255000E-7	9.422409E-5
1.256000E-7	-3.425946E-5
1.257000E-7	-4.025790E-4
1.258000E-7	-6.938084E-4
1.259000E-7	-8.993821E-4
1.260000E-7	-1.002169E-3
1.261000E-7	-1.002169E-3
1.262000E-7	-7.708985E-4
1.263000E-7	-5.738904E-4
1.264000E-7	-2.655299E-4
1.265000E-7	-1.713086E-4
1.266000E-7	-3.597511E-4
1.267000E-7	-3.597511E-4
1.268000E-7	-5.567592E-4
1.269000E-7	-7.366362E-4
1.270000E-7	-7.623329E-4
1.271000E-7	-8.051608E-4
1.272000E-7	-7.023739E-4
1.273000E-7	-6.081527E-4
1.274000E-7	-5.310625E-4
1.275000E-7	-3.854478E-4
1.276000E-7	-4.368413E-4
1.277000E-7	-5.139314E-4
1.278000E-7	-7.623329E-4
1.279000E-7	-8.736853E-4
1.280000E-7	-7.965952E-4
1.281000E-7	-5.481937E-4
1.282000E-7	-3.169233E-4
1.283000E-7	5.139624E-5
1.284000E-7	2.741011E-4
1.285000E-7	2.227076E-4
1.286000E-7	4.283067E-5
1.287000E-7	-4.025790E-4
1.288000E-7	-6.509805E-4
1.289000E-7	-8.394231E-4
1.290000E-7	-1.044997E-3
1.291000E-7	-1.182046E-3
1.292000E-7	-1.182046E-3
1.293000E-7	-1.190611E-3
1.294000E-7	-1.199177E-3
1.295000E-7	-1.027866E-3
1.296000E-7	-1.113521E-3
1.297000E-7	-1.036431E-3
1.298000E-7	-1.062128E-3
1.299000E-7	-1.130652E-3
1.300000E-7	-9.507755E-4
1.301000E-7	-7.109395E-4
1.302000E-7	-5.053658E-4
1.303000E-7	-2.826610E-4
1.304000E-7	-1.370463E-4
1.305000E-7	-2.227020E-4
1.306000E-7	-3.169233E-4
1.307000E-7	-3.768823E-4
1.308000E-7	-6.252838E-4
1.309000E-7	-6.509805E-4
1.310000E-7	-6.167182E-4
1.311000E-7	-6.595461E-4
1.312000E-7	-5.995871E-4
1.313000E-7	-4.882347E-4
1.314000E-7	-5.653248E-4
1.315000E-7	-4.454068E-4
1.316000E-7	-3.340544E-4
1.317000E-7	-1.884397E-4
1.318000E-7	-1.284807E-4
1.319000E-7	-3.425946E-5
1.320000E-7	-2.569389E-5
1.321000E-7	-4.282504E-5
1.322000E-7	2.815796E-9
1.323000E-7	9.422409E-5
1.324000E-7	2.312732E-4
1.325000E-7	4.454125E-4
1.326000E-7	4.625436E-4
1.327000E-7	5.738960E-4
1.328000E-7	3.940190E-4
1.329000E-7	1.113552E-4
1.330000E-7	-2.997921E-4
1.331000E-7	-7.708985E-4
1.332000E-7	-1.164915E-3
1.333000E-7	-1.233439E-3
1.334000E-7	-1.010734E-3
1.335000E-7	-7.280706E-4
1.336000E-7	-3.940134E-4
1.337000E-7	-2.740954E-4
1.338000E-7	-3.169233E-4
1.339000E-7	-4.025790E-4
1.340000E-7	-6.167182E-4
1.341000E-7	-7.708985E-4
1.342000E-7	-7.880296E-4
1.343000E-7	-6.509805E-4
1.344000E-7	-6.338494E-4
1.345000E-7	-5.995871E-4
1.346000E-7	-6.766772E-4
1.347000E-7	-8.736853E-4
1.348000E-7	-1.010734E-3
1.349000E-7	-8.993821E-4
1.350000E-7	-8.308575E-4
1.351000E-7	-4.711035E-4
1.352000E-7	-2.483987E-4
1.353000E-7	-1.970053E-4
1.354000E-7	-3.083577E-4
1.355000E-7	-4.282757E-4
1.356000E-7	-8.051608E-4
1.357000E-7	-1.002169E-3
1.358000E-7	-1.139218E-3
1.359000E-7	-1.130652E-3
1.360000E-7	-1.010734E-3
1.361000E-7	-9.336443E-4
1.362000E-7	-8.822509E-4
1.363000E-7	-7.537674E-4
1.364000E-7	-6.081527E-4
1.365000E-7	-5.824560E-4
1.366000E-7	-4.025790E-4
1.367000E-7	-4.111446E-4
1.368000E-7	-4.882347E-4
1.369000E-7	-4.368413E-4
1.370000E-7	-3.854478E-4
1.371000E-7	-1.627430E-4
1.372000E-7	8.565852E-5
1.373000E-7	2.055765E-4
1.374000E-7	1.199208E-4
1.375000E-7	8.568386E-6
1.376000E-7	-1.541774E-4
1.377000E-7	-3.683167E-4
1.378000E-7	-3.511856E-4
1.379000E-7	-3.083577E-4
1.380000E-7	-2.997921E-4
1.381000E-7	-2.055709E-4
1.382000E-7	-1.541774E-4
1.383000E-7	-2.483987E-4
1.384000E-7	-2.227020E-4
1.385000E-7	-3.254889E-4
1.386000E-7	-4.111446E-4
1.387000E-7	-4.968003E-4
1.388000E-7	-4.025790E-4
1.389000E-7	-2.569643E-4
1.390000E-7	1.713396E-5
1.391000E-7	5.996181E-5
1.392000E-7	4.283067E-5
1.393000E-7	-1.627430E-4
1.394000E-7	-3.083577E-4
1.395000E-7	-5.481937E-4
1.396000E-7	-4.968003E-4
1.397000E-7	-2.483987E-4
1.398000E-7	-1.284807E-4
1.399000E-7	7.709295E-5
1.400000E-7	1.713142E-4
1.401000E-7	1.884454E-4
1.402000E-7	1.970109E-4
1.403000E-7	2.141421E-4
1.404000E-7	6.852738E-5
1.405000E-7	-3.425946E-5
1.406000E-7	-2.227020E-4
1.407000E-7	-5.653248E-4
1.408000E-7	-8.137264E-4
1.409000E-7	-9.079476E-4
1.410000E-7	-9.422099E-4
1.411000E-7	-6.681117E-4
1.412000E-7	-2.997921E-4
1.413000E-7	-1.712832E-5
1.414000E-7	1.541831E-4
1.415000E-7	3.340601E-4
1.416000E-7	1.713142E-4
1.417000E-7	2.569953E-5
1.418000E-7	2.815796E-9
1.419000E-7	1.713396E-5
1.420000E-7	-2.569389E-5
1.421000E-7	2.141421E-4
1.422000E-7	3.340601E-4
1.423000E-7	4.368469E-4
1.424000E-7	3.426256E-4
1.425000E-7	3.083633E-4
1.426000E-7	1.713142E-4
1.427000E-7	1.713142E-4
1.428000E-7	2.227076E-4
1.429000E-7	3.683223E-4
1.430000E-7	6.081583E-4
1.431000E-7	6.852484E-4
1.432000E-7	7.195107E-4
1.433000E-7	5.567649E-4
1.434000E-7	2.569699E-4
1.435000E-7	1.456175E-4
1.436000E-7	-1.370463E-4
1.437000E-7	-4.968003E-4
1.438000E-7	-6.338494E-4
1.439000E-7	-7.195051E-4
1.440000E-7	-6.595461E-4
1.441000E-7	-3.940134E-4
1.442000E-7	-1.284807E-4
1.443000E-7	1.370519E-4
1.444000E-7	3.340601E-4
1.445000E-7	4.625436E-4
1.446000E-7	3.511912E-4
1.447000E-7	2.826666E-4
1.448000E-7	3.597568E-4
1.449000E-7	3.254945E-4
1.450000E-7	5.139370E-4
1.451000E-7	4.539780E-4
1.452000E-7	3.426256E-4
1.453000E-7	4.283067E-5
1.454000E-7	-3.426200E-4
1.455000E-7	-6.595461E-4
1.456000E-7	-8.565542E-4
1.457000E-7	-8.394231E-4
1.458000E-7	-7.023739E-4
1.459000E-7	-6.338494E-4
1.460000E-7	-6.081527E-4
1.461000E-7	-7.280706E-4
1.462000E-7	-9.422099E-4
1.463000E-7	-9.336443E-4
1.464000E-7	-8.736853E-4
1.465000E-7	-5.481937E-4
1.466000E-7	-5.995618E-5
1.467000E-7	2.569699E-4
1.468000E-7	3.683223E-4
1.469000E-7	2.398388E-4
1.470000E-7	-1.199152E-4
1.471000E-7	-4.197101E-4
1.472000E-7	-1.713086E-4
1.473000E-7	1.370519E-4
1.474000E-7	7.623386E-4
1.475000E-7	1.276273E-3
1.476000E-7	1.430453E-3
1.477000E-7	1.173486E-3
1.478000E-7	7.109451E-4
1.479000E-7	3.511912E-4
1.480000E-7	2.655355E-4
1.481000E-7	3.940190E-4
1.482000E-7	4.539780E-4
1.483000E-7	7.709041E-4
1.484000E-7	8.736910E-4
1.485000E-7	8.051664E-4
1.486000E-7	5.738960E-4
1.487000E-7	2.912322E-4
1.488000E-7	-8.565289E-5
1.489000E-7	-3.768823E-4
1.490000E-7	-6.681117E-4
1.491000E-7	-8.051608E-4
1.492000E-7	-5.481937E-4
1.493000E-7	-2.826610E-4
1.494000E-7	5.139624E-5
1.495000E-7	2.569699E-4
1.496000E-7	3.083633E-4
1.497000E-7	1.027897E-4
1.498000E-7	-2.312676E-4
1.499000E-7	-4.454068E-4
1.500000E-7	-5.310625E-4
1.501000E-7	-3.254889E-4
1.502000E-7	5.139624E-5
1.503000E-7	4.282813E-4
1.504000E-7	8.479943E-4
1.505000E-7	9.165188E-4
1.506000E-7	7.109451E-4
1.507000E-7	3.426256E-4
1.508000E-7	-1.712832E-5
1.509000E-7	-2.826610E-4
1.510000E-7	-2.997921E-4
1.511000E-7	-2.312676E-4
1.512000E-7	-1.541774E-4
1.513000E-7	-2.398331E-4
1.514000E-7	-4.368413E-4
1.515000E-7	-7.366362E-4
1.516000E-7	-7.708985E-4
1.517000E-7	-6.252838E-4
1.518000E-7	-4.368413E-4
1.519000E-7	-2.141364E-4
1.520000E-7	1.713396E-5
1.521000E-7	-4.282504E-5
1.522000E-7	-3.169233E-4
1.523000E-7	-6.424149E-4
1.524000E-7	-1.113521E-3
1.525000E-7	-1.413316E-3
1.526000E-7	-1.456144E-3
1.527000E-7	-1.361923E-3
1.528000E-7	-1.002169E-3
1.529000E-7	-4.025790E-4
1.530000E-7	-6.852175E-5
1.531000E-7	2.741011E-4
1.532000E-7	4.197158E-4
1.533000E-7	-5.139061E-5
1.534000E-7	-4.882347E-4
1.535000E-7	-8.308575E-4
1.536000E-7	-1.002169E-3
1.537000E-7	-9.936033E-4
1.538000E-7	-6.338494E-4
1.539000E-7	-2.141364E-4
1.540000E-7	2.398388E-4
1.541000E-7	5.225026E-4
1.542000E-7	5.225026E-4
1.543000E-7	4.882403E-4
1.544000E-7	2.912322E-4
1.545000E-7	-1.712832E-5
1.546000E-7	-3.854478E-4
1.547000E-7	-8.137264E-4
1.548000E-7	-1.036431E-3
1.549000E-7	-1.267702E-3
1.550000E-7	-1.233439E-3
1.551000E-7	-1.156349E-3
1.552000E-7	-9.165132E-4
1.553000E-7	-7.109395E-4
1.554000E-7	-5.824560E-4
1.555000E-7	-6.424149E-4
1.556000E-7	-6.766772E-4
1.557000E-7	-7.708985E-4
1.558000E-7	-7.366362E-4
1.559000E-7	-6.852428E-4
1.560000E-7	-5.910215E-4
1.561000E-7	-3.169233E-4
1.562000E-7	-2.826610E-4
1.563000E-7	-3.426200E-4
1.564000E-7	-3.254889E-4
1.565000E-7	-4.282757E-4
1.566000E-7	-4.968003E-4
1.567000E-7	-4.796691E-4
1.568000E-7	-4.454068E-4
1.569000E-7	-2.997921E-4
1.570000E-7	-7.708732E-5
1.571000E-7	2.569953E-5
1.572000E-7	3.426510E-5
1.573000E-7	-1.970053E-4
1.574000E-7	-4.625380E-4
1.575000E-7	-7.537674E-4
1.576000E-7	-8.908165E-4
1.577000E-7	-8.308575E-4
1.578000E-7	-6.167182E-4
1.579000E-7	-2.055709E-4
1.580000E-7	2.055765E-4
1.581000E-7	1.627486E-4
1.582000E-7	1.884454E-4
1.583000E-7	8.565852E-5
1.584000E-7	1.284864E-4
1.585000E-7	1.713142E-4
1.586000E-7	4.282813E-4
1.587000E-7	6.595517E-4
1.588000E-7	9.593467E-4
1.589000E-7	9.936090E-4
1.590000E-7	7.537730E-4
1.591000E-7	6.338550E-4
1.592000E-7	2.141421E-4
1.593000E-7	-4.282504E-5
1.594000E-7	8.568386E-6
1.595000E-7	1.027897E-4
1.596000E-7	3.683223E-4
1.597000E-7	5.053715E-4
1.598000E-7	4.282813E-4
1.599000E-7	2.826666E-4
1.600000E-7	4.283067E-5
1.601000E-7	-2.655299E-4
1.602000E-7	-4.282757E-4
1.603000E-7	-4.025790E-4
1.604000E-7	-2.826610E-4
1.605000E-7	-6.852175E-5
1.606000E-7	2.569953E-5
1.607000E-7	-6.852175E-5
1.608000E-7	-2.141364E-4
1.609000E-7	-2.826610E-4
1.610000E-7	-3.083577E-4
1.611000E-7	-1.284807E-4
1.612000E-7	1.199208E-4
1.613000E-7	2.741011E-4
1.614000E-7	1.884454E-4
1.615000E-7	1.199208E-4
1.616000E-7	5.996181E-5
1.617000E-7	-1.541774E-4
1.618000E-7	-6.852175E-5
1.619000E-7	2.227076E-4
1.620000E-7	4.282813E-4
1.621000E-7	4.882403E-4
1.622000E-7	4.968059E-4
1.623000E-7	3.426256E-4
1.624000E-7	2.484044E-4
1.625000E-7	1.541831E-4
1.626000E-7	5.996181E-5
1.627000E-7	-6.852175E-5
1.628000E-7	-1.027840E-4
1.629000E-7	-2.483987E-4
1.630000E-7	-1.627430E-4
1.631000E-7	-2.569389E-5
1.632000E-7	1.113552E-4
1.633000E-7	3.683223E-4
1.634000E-7	6.509861E-4
1.635000E-7	6.938140E-4
1.636000E-7	5.995927E-4
1.637000E-7	4.968059E-4
1.638000E-7	2.141421E-4
1.639000E-7	-1.456119E-4
1.640000E-7	-4.454068E-4
1.641000E-7	-7.452018E-4
1.642000E-7	-8.651198E-4
1.643000E-7	-8.137264E-4
1.644000E-7	-9.250788E-4
1.645000E-7	-6.424149E-4
1.646000E-7	-4.882347E-4
1.647000E-7	-3.511856E-4
1.648000E-7	-2.997921E-4
1.649000E-7	-2.997921E-4
1.650000E-7	-6.252838E-4
1.651000E-7	-8.479886E-4
1.652000E-7	-1.062128E-3
1.653000E-7	-1.164915E-3
1.654000E-7	-1.019300E-3
1.655000E-7	-6.509805E-4
1.656000E-7	-5.481937E-4
1.657000E-7	-3.940134E-4
1.658000E-7	-4.796691E-4
1.659000E-7	-8.736853E-4
1.660000E-7	-1.164915E-3
1.661000E-7	-1.190611E-3
1.662000E-7	-1.010734E-3
1.663000E-7	-5.224970E-4
1.664000E-7	4.283067E-5
1.665000E-7	5.053715E-4
1.666000E-7	6.766829E-4
1.667000E-7	3.768879E-4
1.668000E-7	-1.370463E-4
1.669000E-7	-4.454068E-4
1.670000E-7	-5.224970E-4
1.671000E-7	-3.083577E-4
1.672000E-7	1.970109E-4
1.673000E-7	5.310682E-4
1.674000E-7	6.424206E-4
1.675000E-7	4.968059E-4
1.676000E-7	2.312732E-4
1.677000E-7	-2.997921E-4
1.678000E-7	-4.968003E-4
1.679000E-7	-5.995871E-4
1.680000E-7	-5.910215E-4
1.681000E-7	-5.910215E-4
1.682000E-7	-5.053658E-4
1.683000E-7	-4.882347E-4
1.684000E-7	-3.597511E-4
1.685000E-7	-1.370463E-4
1.686000E-7	-1.970053E-4
1.687000E-7	-3.083577E-4
1.688000E-7	-5.824560E-4
1.689000E-7	-9.679066E-4
1.690000E-7	-1.164915E-3
1.691000E-7	-1.027866E-3
1.692000E-7	-5.053658E-4
1.693000E-7	-8.565289E-5
1.694000E-7	2.398388E-4
1.695000E-7	1.456175E-4
1.696000E-7	-2.997921E-4
1.697000E-7	-7.452018E-4
1.698000E-7	-1.053562E-3
1.699000E-7	-7.794641E-4
1.700000E-7	-1.284807E-4
1.701000E-7	7.023796E-4
1.702000E-7	1.276273E-3
1.703000E-7	1.387625E-3
1.704000E-7	8.822565E-4
1.705000E-7	3.340601E-4
1.706000E-7	-1.113496E-4
1.707000E-7	-1.970053E-4
1.708000E-7	6.852738E-5
1.709000E-7	3.768879E-4
1.710000E-7	5.225026E-4
1.711000E-7	4.796747E-4
1.712000E-7	1.713142E-4
1.713000E-7	-1.970053E-4
1.714000E-7	-3.854478E-4
1.715000E-7	-3.254889E-4
1.716000E-7	-3.254889E-4
1.717000E-7	-2.398331E-4
1.718000E-7	-5.995618E-5
1.719000E-7	-6.852175E-5
1.720000E-7	2.826666E-4
1.721000E-7	2.997978E-4
1.722000E-7	1.713142E-4
1.723000E-7	-1.027840E-4
1.724000E-7	-5.995871E-4
1.725000E-7	-8.908165E-4
1.726000E-7	-9.593410E-4
1.727000E-7	-8.394231E-4
1.728000E-7	-6.509805E-4
1.729000E-7	-4.711035E-4
1.730000E-7	-4.796691E-4
1.731000E-7	-6.509805E-4
1.732000E-7	-6.509805E-4
1.733000E-7	-4.882347E-4
1.734000E-7	-2.483987E-4
1.735000E-7	1.627486E-4
1.736000E-7	5.995927E-4
1.737000E-7	5.310682E-4
1.738000E-7	4.282813E-4
1.739000E-7	2.741011E-4
1.740000E-7	-1.027840E-4
1.741000E-7	-4.111446E-4
1.742000E-7	-6.938084E-4
1.743000E-7	-9.764722E-4
1.744000E-7	-1.053562E-3
1.745000E-7	-8.736853E-4
1.746000E-7	-6.595461E-4
1.747000E-7	-9.421846E-5
1.748000E-7	4.025846E-4
1.749000E-7	6.424206E-4
1.750000E-7	5.910272E-4
1.751000E-7	3.426256E-4
1.752000E-7	-2.227020E-4
1.753000E-7	-4.625380E-4
1.754000E-7	-5.139314E-4
1.755000E-7	-3.511856E-4
1.756000E-7	2.815796E-9
1.757000E-7	2.227076E-4
1.758000E-7	1.970109E-4
1.759000E-7	-2.569389E-5
1.760000E-7	-1.713086E-4
1.761000E-7	-3.854478E-4
1.762000E-7	-2.483987E-4
1.763000E-7	-1.712832E-5
1.764000E-7	1.884454E-4
1.765000E-7	3.426256E-4
1.766000E-7	2.312732E-4
1.767000E-7	-2.912266E-4
1.768000E-7	-6.766772E-4
1.769000E-7	-9.593410E-4
1.770000E-7	-1.130652E-3
1.771000E-7	-8.822509E-4
1.772000E-7	-6.509805E-4
1.773000E-7	-2.398331E-4
1.774000E-7	-1.712832E-5
1.775000E-7	2.569953E-5
1.776000E-7	-1.627430E-4
1.777000E-7	-2.655299E-4
1.778000E-7	-3.426200E-4
1.779000E-7	-5.567592E-4
1.780000E-7	-7.109395E-4
1.781000E-7	-9.422099E-4
1.782000E-7	-1.182046E-3
1.783000E-7	-1.250570E-3
1.784000E-7	-1.182046E-3
1.785000E-7	-9.250788E-4
1.786000E-7	-5.396281E-4
1.787000E-7	-1.370463E-4
1.788000E-7	-3.425946E-5
1.789000E-7	1.113552E-4
1.790000E-7	-2.569389E-5
1.791000E-7	-2.740954E-4
1.792000E-7	-5.310625E-4
1.793000E-7	-6.766772E-4
1.794000E-7	-7.965952E-4
1.795000E-7	-8.908165E-4
1.796000E-7	-9.593410E-4
1.797000E-7	-1.182046E-3
1.798000E-7	-1.190611E-3
1.799000E-7	-1.122087E-3
1.800000E-7	-8.308575E-4
1.801000E-7	-3.768823E-4
1.802000E-7	2.741011E-4
1.803000E-7	7.452074E-4
1.804000E-7	1.104961E-3
1.805000E-7	1.242010E-3
1.806000E-7	1.070699E-3
1.807000E-7	7.966008E-4
1.808000E-7	4.625436E-4
1.809000E-7	2.398388E-4
1.810000E-7	5.996181E-5
1.811000E-7	-8.562754E-6
1.812000E-7	-9.421846E-5
1.813000E-7	-2.141364E-4
1.814000E-7	-3.597511E-4
1.815000E-7	-5.995871E-4
1.816000E-7	-6.338494E-4
1.817000E-7	-5.396281E-4
1.818000E-7	-2.227020E-4
1.819000E-7	1.970109E-4
1.820000E-7	5.396337E-4
1.821000E-7	8.479943E-4
1.822000E-7	1.079265E-3
1.823000E-7	1.104961E-3
1.824000E-7	9.250844E-4
1.825000E-7	7.880353E-4
1.826000E-7	6.338550E-4
1.827000E-7	2.741011E-4
1.828000E-7	4.283067E-5
1.829000E-7	-1.027840E-4
1.830000E-7	-1.970053E-4
1.831000E-7	-1.712832E-5
1.832000E-7	2.312732E-4
1.833000E-7	4.882403E-4
1.834000E-7	6.595517E-4
1.835000E-7	6.424206E-4
1.836000E-7	3.340601E-4
1.837000E-7	2.815796E-9
1.838000E-7	-3.597511E-4
1.839000E-7	-6.509805E-4
1.840000E-7	-7.023739E-4
1.841000E-7	-5.567592E-4
1.842000E-7	-4.111446E-4
1.843000E-7	-1.370463E-4
1.844000E-7	8.568386E-6
1.845000E-7	2.055765E-4
1.846000E-7	3.254945E-4
1.847000E-7	3.597568E-4
1.848000E-7	2.141421E-4
1.849000E-7	3.426510E-5
1.850000E-7	1.713396E-5
1.851000E-7	-1.284807E-4
1.852000E-7	-1.456119E-4
1.853000E-7	-3.597511E-4
1.854000E-7	-4.454068E-4
1.855000E-7	-6.509805E-4
1.856000E-7	-8.479886E-4
1.857000E-7	-1.182046E-3
1.858000E-7	-1.276267E-3
1.859000E-7	-1.250570E-3
1.860000E-7	-1.207743E-3
1.861000E-7	-9.593410E-4
1.862000E-7	-5.653248E-4
1.863000E-7	-3.426200E-4
1.864000E-7	-1.284807E-4
1.865000E-7	-5.995618E-5
1.866000E-7	-2.055709E-4
1.867000E-7	-2.826610E-4
1.868000E-7	-2.398331E-4
1.869000E-7	-2.141364E-4
1.870000E-7	-2.055709E-4
1.871000E-7	-7.708732E-5
1.872000E-7	-2.655299E-4
1.873000E-7	-3.340544E-4
1.874000E-7	-6.081527E-4
1.875000E-7	-7.623329E-4
1.876000E-7	-8.565542E-4
1.877000E-7	-7.280706E-4
1.878000E-7	-6.252838E-4
1.879000E-7	-2.655299E-4
1.880000E-7	5.139624E-5
1.881000E-7	2.569699E-4
1.882000E-7	4.282813E-4
1.883000E-7	4.282813E-4
1.884000E-7	1.884454E-4
1.885000E-7	-1.456119E-4
1.886000E-7	-4.711035E-4
1.887000E-7	-7.880296E-4
1.888000E-7	-7.880296E-4
1.889000E-7	-7.195051E-4
1.890000E-7	-5.396281E-4
1.891000E-7	-1.284807E-4
1.892000E-7	6.852738E-5
1.893000E-7	2.141421E-4
1.894000E-7	1.884454E-4
1.895000E-7	2.569699E-4
1.896000E-7	1.027897E-4
1.897000E-7	-6.852175E-5
1.898000E-7	-2.740954E-4
1.899000E-7	-6.252838E-4
1.900000E-7	-8.479886E-4
1.901000E-7	-9.936033E-4
1.902000E-7	-1.062128E-3
1.903000E-7	-9.165132E-4
1.904000E-7	-6.338494E-4
1.905000E-7	-3.768823E-4
1.906000E-7	-2.055709E-4
1.907000E-7	-2.997921E-4
1.908000E-7	-3.683167E-4
1.909000E-7	-4.282757E-4
1.910000E-7	-5.310625E-4
1.911000E-7	-4.796691E-4
1.912000E-7	-5.224970E-4
1.913000E-7	-6.766772E-4
1.914000E-7	-9.165132E-4
1.915000E-7	-1.027866E-3
1.916000E-7	-9.165132E-4
1.917000E-7	-8.308575E-4
1.918000E-7	-4.625380E-4
1.919000E-7	-2.312676E-4
1.920000E-7	-1.199152E-4
1.921000E-7	-2.141364E-4
1.922000E-7	-2.997921E-4
1.923000E-7	-4.368413E-4
1.924000E-7	-4.454068E-4
1.925000E-7	-1.970053E-4
1.926000E-7	1.113552E-4
1.927000E-7	4.968059E-4
1.928000E-7	6.681173E-4
1.929000E-7	4.368469E-4
1.930000E-7	1.970109E-4
1.931000E-7	-9.421846E-5
1.932000E-7	-4.368413E-4
1.933000E-7	-5.824560E-4
1.934000E-7	-5.738904E-4
1.935000E-7	-3.768823E-4
1.936000E-7	-1.027840E-4
1.937000E-7	2.141421E-4
1.938000E-7	2.912322E-4
1.939000E-7	4.368469E-4
1.940000E-7	3.340601E-4
1.941000E-7	1.370519E-4
1.942000E-7	-4.282504E-5
1.943000E-7	8.565852E-5
1.944000E-7	2.912322E-4
1.945000E-7	3.768879E-4
1.946000E-7	5.738960E-4
1.947000E-7	3.940190E-4
1.948000E-7	2.741011E-4
1.949000E-7	-1.113496E-4
1.950000E-7	-4.111446E-4
1.951000E-7	-4.368413E-4
1.952000E-7	-2.398331E-4
1.953000E-7	2.312732E-4
1.954000E-7	7.623386E-4
1.955000E-7	1.053568E-3
1.956000E-7	8.822565E-4
1.957000E-7	5.139370E-4
1.958000E-7	-9.421846E-5
1.959000E-7	-5.824560E-4
1.960000E-7	-8.051608E-4
1.961000E-7	-7.965952E-4
1.962000E-7	-7.109395E-4
1.963000E-7	-4.368413E-4
1.964000E-7	-1.284807E-4
1.965000E-7	-1.199152E-4
1.966000E-7	-7.708732E-5
1.967000E-7	-2.055709E-4
1.968000E-7	-4.539724E-4
1.969000E-7	-5.824560E-4
1.970000E-7	-5.396281E-4
1.971000E-7	-2.912266E-4
1.972000E-7	4.283067E-5
1.973000E-7	2.741011E-4
1.974000E-7	2.826666E-4
1.975000E-7	1.113552E-4
1.976000E-7	-1.713086E-4
1.977000E-7	-4.197101E-4
1.978000E-7	-4.882347E-4
1.979000E-7	-2.912266E-4
1.980000E-7	1.370519E-4
1.981000E-7	5.910272E-4
1.982000E-7	7.709041E-4
1.983000E-7	5.824616E-4
1.984000E-7	3.426256E-4
1.985000E-7	3.426510E-5
1.986000E-7	-2.227020E-4
1.987000E-7	-3.940134E-4
1.988000E-7	-3.940134E-4
1.989000E-7	-3.511856E-4
1.990000E-7	-4.454068E-4
1.991000E-7	-5.053658E-4
1.992000E-7	-6.338494E-4
1.993000E-7	-8.137264E-4
1.994000E-7	-9.165132E-4
1.995000E-7	-9.165132E-4
1.996000E-7	-7.965952E-4
1.997000E-7	-7.708985E-4
1.998000E-7	-8.308575E-4
1.999000E-7	-7.965952E-4
2.000000E-7	-5.995871E-4
2.001000E-7	-4.197101E-4
