Study Name	044_18
Sample Name	2024-10-03
Run Name	spot00
Operator	Elena
Date	10/3/2024
Time	15:10
Sign	NEG
Grating Spacing	06.40um
Channel	3
Number Traces	2000
Files in Batch	6
Batch Number	45
dt	100.000001E-12
time stamp (ms)	3:18:42 PM
	
Time	Amplitude
0.000000E+0	8.565852E-5
1.000000E-10	6.852738E-5
2.000000E-10	-9.421846E-5
3.000000E-10	-3.940134E-4
4.000000E-10	-4.454068E-4
5.000000E-10	-2.655299E-4
6.000000E-10	-1.284807E-4
7.000000E-10	-1.627430E-4
8.000000E-10	-2.227020E-4
9.000000E-10	-2.483987E-4
1.000000E-9	-5.738904E-4
1.100000E-9	-7.109395E-4
1.200000E-9	-8.565542E-4
1.300000E-9	-7.366362E-4
1.400000E-9	-5.481937E-4
1.500000E-9	-3.854478E-4
1.600000E-9	-2.227020E-4
1.700000E-9	-9.421846E-5
1.800000E-9	-1.199152E-4
1.900000E-9	-2.398331E-4
2.000000E-9	-5.653248E-4
2.100000E-9	-8.394231E-4
2.200000E-9	-1.036431E-3
2.300000E-9	-1.122087E-3
2.400000E-9	-9.165132E-4
2.500000E-9	-4.368413E-4
2.600000E-9	-2.227020E-4
2.700000E-9	-1.027840E-4
2.800000E-9	-1.199152E-4
2.900000E-9	-9.421846E-5
3.000000E-9	-2.141364E-4
3.100000E-9	-1.627430E-4
3.200000E-9	-5.139061E-5
3.300000E-9	-1.199152E-4
3.400000E-9	-3.169233E-4
3.500000E-9	-6.338494E-4
3.600000E-9	-7.965952E-4
3.700000E-9	-9.850378E-4
3.800000E-9	-9.679066E-4
3.900000E-9	-8.394231E-4
4.000000E-9	-6.595461E-4
4.100000E-9	-7.708985E-4
4.200000E-9	-8.993821E-4
4.300000E-9	-1.019300E-3
4.400000E-9	-1.190611E-3
4.500000E-9	-1.164915E-3
4.600000E-9	-9.593410E-4
4.700000E-9	-8.051608E-4
4.800000E-9	-6.681117E-4
4.900000E-9	-3.083577E-4
5.000000E-9	-1.712832E-5
5.100000E-9	2.484044E-4
5.200000E-9	3.597568E-4
5.300000E-9	3.340601E-4
5.400000E-9	1.113552E-4
5.500000E-9	-7.708732E-5
5.600000E-9	-3.768823E-4
5.700000E-9	-3.254889E-4
5.800000E-9	-8.565289E-5
5.900000E-9	1.370519E-4
6.000000E-9	2.569699E-4
6.100000E-9	1.370519E-4
6.200000E-9	-1.627430E-4
6.300000E-9	-5.224970E-4
6.400000E-9	-9.165132E-4
6.500000E-9	-8.908165E-4
6.600000E-9	-8.479886E-4
6.700000E-9	-4.968003E-4
6.800000E-9	-2.912266E-4
6.900000E-9	-7.708732E-5
7.000000E-9	-7.708732E-5
7.100000E-9	-1.113496E-4
7.200000E-9	-3.426200E-4
7.300000E-9	-4.368413E-4
7.400000E-9	-4.968003E-4
7.500000E-9	-6.424149E-4
7.600000E-9	-7.708985E-4
7.700000E-9	-7.880296E-4
7.800000E-9	-6.595461E-4
7.900000E-9	-5.053658E-4
8.000000E-9	-2.655299E-4
8.100000E-9	-1.627430E-4
8.200000E-9	-2.055709E-4
8.300000E-9	-2.569643E-4
8.400000E-9	-4.368413E-4
8.500000E-9	-5.396281E-4
8.600000E-9	-4.968003E-4
8.700000E-9	-4.197101E-4
8.800000E-9	-3.768823E-4
8.900000E-9	-3.169233E-4
9.000000E-9	-3.768823E-4
9.100000E-9	-3.768823E-4
9.200000E-9	-4.625380E-4
9.300000E-9	-5.910215E-4
9.400000E-9	-6.338494E-4
9.500000E-9	-5.224970E-4
9.600000E-9	-3.254889E-4
9.700000E-9	-1.113496E-4
9.800000E-9	1.370519E-4
9.900000E-9	2.569699E-4
1.000000E-8	1.884454E-4
1.010000E-8	-1.712832E-5
1.020000E-8	-5.053658E-4
1.030000E-8	-8.822509E-4
1.040000E-8	-1.062128E-3
1.050000E-8	-9.850378E-4
1.060000E-8	-7.280706E-4
1.070000E-8	-2.141364E-4
1.080000E-8	9.422409E-5
1.090000E-8	3.683223E-4
1.100000E-8	2.997978E-4
1.110000E-8	8.568386E-6
1.120000E-8	-4.454068E-4
1.130000E-8	-9.165132E-4
1.140000E-8	-1.079259E-3
1.150000E-8	-1.087825E-3
1.160000E-8	-8.993821E-4
1.170000E-8	-7.452018E-4
1.180000E-8	-5.481937E-4
1.190000E-8	-4.368413E-4
1.200000E-8	-4.711035E-4
1.210000E-8	-4.711035E-4
1.220000E-8	-3.940134E-4
1.230000E-8	-3.254889E-4
1.240000E-8	-2.912266E-4
1.250000E-8	-3.426200E-4
1.260000E-8	-3.511856E-4
1.270000E-8	-3.254889E-4
1.280000E-8	-3.083577E-4
1.290000E-8	-3.083577E-4
1.300000E-8	-1.798742E-4
1.310000E-8	-2.227020E-4
1.320000E-8	-4.796691E-4
1.330000E-8	-7.280706E-4
1.340000E-8	-1.139218E-3
1.350000E-8	-1.301964E-3
1.360000E-8	-1.233439E-3
1.370000E-8	-8.736853E-4
1.380000E-8	-5.053658E-4
1.390000E-8	-2.227020E-4
1.400000E-8	-1.798742E-4
1.410000E-8	-3.511856E-4
1.420000E-8	-6.424149E-4
1.430000E-8	-7.537674E-4
1.440000E-8	-9.079476E-4
1.450000E-8	-8.736853E-4
1.460000E-8	-8.137264E-4
1.470000E-8	-8.394231E-4
1.480000E-8	-8.993821E-4
1.490000E-8	-9.936033E-4
1.500000E-8	-1.104956E-3
1.510000E-8	-9.079476E-4
1.520000E-8	-5.738904E-4
1.530000E-8	-1.970053E-4
1.540000E-8	-1.027840E-4
1.550000E-8	-3.425946E-5
1.560000E-8	-2.740954E-4
1.570000E-8	-7.965952E-4
1.580000E-8	-1.250570E-3
1.590000E-8	-1.653152E-3
1.600000E-8	-1.858726E-3
1.610000E-8	-1.927250E-3
1.620000E-8	-1.713111E-3
1.630000E-8	-1.516103E-3
1.640000E-8	-1.473275E-3
1.650000E-8	-1.199177E-3
1.660000E-8	-9.336443E-4
1.670000E-8	-5.910215E-4
1.680000E-8	-3.768823E-4
1.690000E-8	-3.426200E-4
1.700000E-8	-5.139314E-4
1.710000E-8	-7.623329E-4
1.720000E-8	-1.044997E-3
1.730000E-8	-1.259136E-3
1.740000E-8	-1.319095E-3
1.750000E-8	-1.130652E-3
1.760000E-8	-7.794641E-4
1.770000E-8	-4.882347E-4
1.780000E-8	-2.483987E-4
1.790000E-8	-3.254889E-4
1.800000E-8	-4.025790E-4
1.810000E-8	-5.396281E-4
1.820000E-8	-5.738904E-4
1.830000E-8	-3.940134E-4
1.840000E-8	-2.227020E-4
1.850000E-8	1.541831E-4
1.860000E-8	3.683223E-4
1.870000E-8	6.338550E-4
1.880000E-8	5.310682E-4
1.890000E-8	2.484044E-4
1.900000E-8	-2.483987E-4
1.910000E-8	-7.280706E-4
1.920000E-8	-1.002169E-3
1.930000E-8	-1.293398E-3
1.940000E-8	-1.781636E-3
1.950000E-8	-2.852332E-3
1.960000E-8	-4.899503E-3
1.970000E-8	-8.368559E-3
1.980000E-8	-1.305393E-2
1.990000E-8	-1.886138E-2
2.000000E-8	-2.521704E-2
2.010000E-8	-3.139281E-2
2.020000E-8	-3.704609E-2
2.030000E-8	-4.196273E-2
2.040000E-8	-4.633117E-2
2.050000E-8	-5.004862E-2
2.060000E-8	-5.308084E-2
2.070000E-8	-5.512801E-2
2.080000E-8	-5.516227E-2
2.090000E-8	-5.314079E-2
2.100000E-8	-4.882375E-2
2.110000E-8	-4.294777E-2
2.120000E-8	-3.666920E-2
2.130000E-8	-3.111015E-2
2.140000E-8	-2.713572E-2
2.150000E-8	-2.513995E-2
2.160000E-8	-2.496007E-2
2.170000E-8	-2.630486E-2
2.180000E-8	-2.828351E-2
2.190000E-8	-3.047630E-2
2.200000E-8	-3.295175E-2
2.210000E-8	-3.554711E-2
2.220000E-8	-3.859646E-2
2.230000E-8	-4.202268E-2
2.240000E-8	-4.524334E-2
2.250000E-8	-4.770166E-2
2.260000E-8	-4.866957E-2
2.270000E-8	-4.790723E-2
2.280000E-8	-4.549174E-2
2.290000E-8	-4.203125E-2
2.300000E-8	-3.805683E-2
2.310000E-8	-3.422802E-2
2.320000E-8	-3.068187E-2
2.330000E-8	-2.781240E-2
2.340000E-8	-2.559392E-2
2.350000E-8	-2.429195E-2
2.360000E-8	-2.407781E-2
2.370000E-8	-2.493437E-2
2.380000E-8	-2.707576E-2
2.390000E-8	-3.000519E-2
2.400000E-8	-3.361129E-2
2.410000E-8	-3.709748E-2
2.420000E-8	-4.033527E-2
2.430000E-8	-4.268223E-2
2.440000E-8	-4.413838E-2
2.450000E-8	-4.463518E-2
2.460000E-8	-4.400133E-2
2.470000E-8	-4.244240E-2
2.480000E-8	-3.994125E-2
2.490000E-8	-3.654072E-2
2.500000E-8	-3.259199E-2
2.510000E-8	-2.830064E-2
2.520000E-8	-2.427482E-2
2.530000E-8	-2.115696E-2
2.540000E-8	-1.968368E-2
2.550000E-8	-1.996634E-2
2.560000E-8	-2.228761E-2
2.570000E-8	-2.600507E-2
2.580000E-8	-3.039921E-2
2.590000E-8	-3.457920E-2
2.600000E-8	-3.772277E-2
2.610000E-8	-3.973568E-2
2.620000E-8	-4.069502E-2
2.630000E-8	-4.085777E-2
2.640000E-8	-4.032670E-2
2.650000E-8	-3.959006E-2
2.660000E-8	-3.814248E-2
2.670000E-8	-3.596683E-2
2.680000E-8	-3.294318E-2
2.690000E-8	-2.943130E-2
2.700000E-8	-2.551683E-2
2.710000E-8	-2.217626E-2
2.720000E-8	-1.996634E-2
2.730000E-8	-1.943528E-2
2.740000E-8	-2.079720E-2
2.750000E-8	-2.376945E-2
2.760000E-8	-2.773531E-2
2.770000E-8	-3.170974E-2
2.780000E-8	-3.497322E-2
2.790000E-8	-3.707178E-2
2.800000E-8	-3.760285E-2
2.810000E-8	-3.717457E-2
2.820000E-8	-3.629232E-2
2.830000E-8	-3.534154E-2
2.840000E-8	-3.443359E-2
2.850000E-8	-3.361986E-2
2.860000E-8	-3.249777E-2
2.870000E-8	-3.075896E-2
2.880000E-8	-2.863470E-2
2.890000E-8	-2.617638E-2
2.900000E-8	-2.401786E-2
2.910000E-8	-2.221052E-2
2.920000E-8	-2.142249E-2
2.930000E-8	-2.141392E-2
2.940000E-8	-2.220196E-2
2.950000E-8	-2.364954E-2
2.960000E-8	-2.543118E-2
2.970000E-8	-2.744408E-2
2.980000E-8	-2.953408E-2
2.990000E-8	-3.171830E-2
3.000000E-8	-3.382543E-2
3.010000E-8	-3.574412E-2
3.020000E-8	-3.677199E-2
3.030000E-8	-3.682338E-2
3.040000E-8	-3.547002E-2
3.050000E-8	-3.310593E-2
3.060000E-8	-2.973109E-2
3.070000E-8	-2.610786E-2
3.080000E-8	-2.281011E-2
3.090000E-8	-2.027470E-2
3.100000E-8	-1.894704E-2
3.110000E-8	-1.869007E-2
3.120000E-8	-1.898130E-2
3.130000E-8	-1.989782E-2
3.140000E-8	-2.113982E-2
3.150000E-8	-2.302425E-2
3.160000E-8	-2.543118E-2
3.170000E-8	-2.851478E-2
3.180000E-8	-3.191531E-2
3.190000E-8	-3.482761E-2
3.200000E-8	-3.654072E-2
3.210000E-8	-3.684908E-2
3.220000E-8	-3.522162E-2
3.230000E-8	-3.236929E-2
3.240000E-8	-2.871179E-2
3.250000E-8	-2.507142E-2
3.260000E-8	-2.200495E-2
3.270000E-8	-1.969224E-2
3.280000E-8	-1.811618E-2
3.290000E-8	-1.713970E-2
3.300000E-8	-1.670286E-2
3.310000E-8	-1.683134E-2
3.320000E-8	-1.764507E-2
3.330000E-8	-1.928966E-2
3.340000E-8	-2.194499E-2
3.350000E-8	-2.540548E-2
3.360000E-8	-2.913150E-2
3.370000E-8	-3.248064E-2
3.380000E-8	-3.467343E-2
3.390000E-8	-3.547859E-2
3.400000E-8	-3.451068E-2
3.410000E-8	-3.202666E-2
3.420000E-8	-2.870322E-2
3.430000E-8	-2.531126E-2
3.440000E-8	-2.245892E-2
3.450000E-8	-2.054880E-2
3.460000E-8	-1.929823E-2
3.470000E-8	-1.864724E-2
3.480000E-8	-1.802196E-2
3.490000E-8	-1.747376E-2
3.500000E-8	-1.713114E-2
3.510000E-8	-1.717397E-2
3.520000E-8	-1.810761E-2
3.530000E-8	-1.997491E-2
3.540000E-8	-2.274159E-2
3.550000E-8	-2.581663E-2
3.560000E-8	-2.891736E-2
3.570000E-8	-3.136712E-2
3.580000E-8	-3.283183E-2
3.590000E-8	-3.327724E-2
3.600000E-8	-3.236072E-2
3.610000E-8	-3.045916E-2
3.620000E-8	-2.742695E-2
3.630000E-8	-2.379515E-2
3.640000E-8	-1.977790E-2
3.650000E-8	-1.613753E-2
3.660000E-8	-1.336229E-2
3.670000E-8	-1.157208E-2
3.680000E-8	-1.128085E-2
3.690000E-8	-1.243721E-2
3.700000E-8	-1.487839E-2
3.710000E-8	-1.815901E-2
3.720000E-8	-2.179081E-2
3.730000E-8	-2.531982E-2
3.740000E-8	-2.818929E-2
3.750000E-8	-3.028785E-2
3.760000E-8	-3.155556E-2
3.770000E-8	-3.199240E-2
3.780000E-8	-3.167548E-2
3.790000E-8	-3.046773E-2
3.800000E-8	-2.835203E-2
3.810000E-8	-2.507142E-2
3.820000E-8	-2.093425E-2
3.830000E-8	-1.631741E-2
3.840000E-8	-1.199180E-2
3.850000E-8	-8.728313E-3
3.860000E-8	-7.383519E-3
3.870000E-8	-8.188682E-3
3.880000E-8	-1.123803E-2
3.890000E-8	-1.557220E-2
3.900000E-8	-2.054880E-2
3.910000E-8	-2.495150E-2
3.920000E-8	-2.826638E-2
3.930000E-8	-3.033068E-2
3.940000E-8	-3.107589E-2
3.950000E-8	-3.070757E-2
3.960000E-8	-2.967113E-2
3.970000E-8	-2.816359E-2
3.980000E-8	-2.601363E-2
3.990000E-8	-2.344396E-2
4.000000E-8	-2.029183E-2
4.010000E-8	-1.676282E-2
4.020000E-8	-1.339655E-2
4.030000E-8	-1.051852E-2
4.040000E-8	-8.882493E-3
4.050000E-8	-8.813969E-3
4.060000E-8	-1.049282E-2
4.070000E-8	-1.354216E-2
4.080000E-8	-1.723392E-2
4.090000E-8	-2.084859E-2
4.100000E-8	-2.364097E-2
4.110000E-8	-2.534552E-2
4.120000E-8	-2.621921E-2
4.130000E-8	-2.645048E-2
4.140000E-8	-2.645904E-2
4.150000E-8	-2.649331E-2
4.160000E-8	-2.619351E-2
4.170000E-8	-2.506286E-2
4.180000E-8	-2.307564E-2
4.190000E-8	-1.998347E-2
4.200000E-8	-1.617179E-2
4.210000E-8	-1.240294E-2
4.220000E-8	-9.327903E-3
4.230000E-8	-7.597658E-3
4.240000E-8	-7.554830E-3
4.250000E-8	-9.310772E-3
4.260000E-8	-1.221450E-2
4.270000E-8	-1.584630E-2
4.280000E-8	-1.952093E-2
4.290000E-8	-2.280154E-2
4.300000E-8	-2.531126E-2
4.310000E-8	-2.695585E-2
4.320000E-8	-2.771818E-2
4.330000E-8	-2.755544E-2
4.340000E-8	-2.649331E-2
4.350000E-8	-2.473736E-2
4.360000E-8	-2.233900E-2
4.370000E-8	-1.943528E-2
4.380000E-8	-1.642020E-2
4.390000E-8	-1.349934E-2
4.400000E-8	-1.087827E-2
4.410000E-8	-9.062370E-3
4.420000E-8	-8.197248E-3
4.430000E-8	-8.591264E-3
4.440000E-8	-1.008167E-2
4.450000E-8	-1.261708E-2
4.460000E-8	-1.582061E-2
4.470000E-8	-1.916974E-2
4.480000E-8	-2.248462E-2
4.490000E-8	-2.514851E-2
4.500000E-8	-2.693872E-2
4.510000E-8	-2.745265E-2
4.520000E-8	-2.663035E-2
4.530000E-8	-2.424913E-2
4.540000E-8	-2.108843E-2
4.550000E-8	-1.755085E-2
4.560000E-8	-1.422741E-2
4.570000E-8	-1.164917E-2
4.580000E-8	-9.816141E-3
4.590000E-8	-9.207985E-3
4.600000E-8	-9.113764E-3
4.610000E-8	-9.499215E-3
4.620000E-8	-1.040716E-2
4.630000E-8	-1.160634E-2
4.640000E-8	-1.337085E-2
4.650000E-8	-1.529811E-2
4.660000E-8	-1.781638E-2
4.670000E-8	-1.994064E-2
4.680000E-8	-2.209917E-2
4.690000E-8	-2.312704E-2
4.700000E-8	-2.307564E-2
4.710000E-8	-2.185077E-2
4.720000E-8	-1.970937E-2
4.730000E-8	-1.740524E-2
4.740000E-8	-1.535806E-2
4.750000E-8	-1.399614E-2
4.760000E-8	-1.305393E-2
4.770000E-8	-1.266848E-2
4.780000E-8	-1.226589E-2
4.790000E-8	-1.161491E-2
4.800000E-8	-1.081831E-2
4.810000E-8	-1.010737E-2
4.820000E-8	-9.927493E-3
4.830000E-8	-1.069839E-2
4.840000E-8	-1.250573E-2
4.850000E-8	-1.508397E-2
4.860000E-8	-1.785065E-2
4.870000E-8	-2.031753E-2
4.880000E-8	-2.207347E-2
4.890000E-8	-2.238183E-2
4.900000E-8	-2.170515E-2
4.910000E-8	-2.007769E-2
4.920000E-8	-1.789347E-2
4.930000E-8	-1.571782E-2
4.940000E-8	-1.355073E-2
4.950000E-8	-1.173483E-2
4.960000E-8	-1.026155E-2
4.970000E-8	-9.139461E-3
4.980000E-8	-8.419953E-3
4.990000E-8	-8.008805E-3
5.000000E-8	-8.317166E-3
5.010000E-8	-9.259379E-3
5.020000E-8	-1.106671E-2
5.030000E-8	-1.327663E-2
5.040000E-8	-1.576921E-2
5.050000E-8	-1.812474E-2
5.060000E-8	-1.994064E-2
5.070000E-8	-2.104560E-2
5.080000E-8	-2.149101E-2
5.090000E-8	-2.112269E-2
5.100000E-8	-2.002630E-2
5.110000E-8	-1.828749E-2
5.120000E-8	-1.616323E-2
5.130000E-8	-1.367065E-2
5.140000E-8	-1.114380E-2
5.150000E-8	-8.788272E-3
5.160000E-8	-7.195076E-3
5.170000E-8	-6.467003E-3
5.180000E-8	-6.775363E-3
5.190000E-8	-8.128723E-3
5.200000E-8	-1.029581E-2
5.210000E-8	-1.261708E-2
5.220000E-8	-1.494692E-2
5.230000E-8	-1.649729E-2
5.240000E-8	-1.730245E-2
5.250000E-8	-1.744806E-2
5.260000E-8	-1.714827E-2
5.270000E-8	-1.681421E-2
5.280000E-8	-1.661720E-2
5.290000E-8	-1.627458E-2
5.300000E-8	-1.575208E-2
5.310000E-8	-1.467282E-2
5.320000E-8	-1.303679E-2
5.330000E-8	-1.098962E-2
5.340000E-8	-9.019543E-3
5.350000E-8	-7.477740E-3
5.360000E-8	-6.732535E-3
5.370000E-8	-6.920978E-3
5.380000E-8	-8.025936E-3
5.390000E-8	-9.464952E-3
5.400000E-8	-1.128085E-2
5.410000E-8	-1.306249E-2
5.420000E-8	-1.466425E-2
5.430000E-8	-1.623175E-2
5.440000E-8	-1.748233E-2
5.450000E-8	-1.836458E-2
5.460000E-8	-1.878429E-2
5.470000E-8	-1.899843E-2
5.480000E-8	-1.856159E-2
5.490000E-8	-1.752515E-2
5.500000E-8	-1.583774E-2
5.510000E-8	-1.351647E-2
5.520000E-8	-1.075835E-2
5.530000E-8	-8.154420E-3
5.540000E-8	-5.841716E-3
5.550000E-8	-4.522618E-3
5.560000E-8	-4.385569E-3
5.570000E-8	-5.481962E-3
5.580000E-8	-7.417781E-3
5.590000E-8	-9.961755E-3
5.600000E-8	-1.255712E-2
5.610000E-8	-1.501544E-2
5.620000E-8	-1.689130E-2
5.630000E-8	-1.819327E-2
5.640000E-8	-1.876716E-2
5.650000E-8	-1.860442E-2
5.660000E-8	-1.769647E-2
5.670000E-8	-1.634311E-2
5.680000E-8	-1.462143E-2
5.690000E-8	-1.276270E-2
5.700000E-8	-1.062987E-2
5.710000E-8	-8.539871E-3
5.720000E-8	-6.389913E-3
5.730000E-8	-4.693930E-3
5.740000E-8	-3.580406E-3
5.750000E-8	-3.571840E-3
5.760000E-8	-4.719626E-3
5.770000E-8	-6.989502E-3
5.780000E-8	-9.790444E-3
5.790000E-8	-1.283122E-2
5.800000E-8	-1.556364E-2
5.810000E-8	-1.760224E-2
5.820000E-8	-1.890421E-2
5.830000E-8	-1.909265E-2
5.840000E-8	-1.836458E-2
5.850000E-8	-1.697696E-2
5.860000E-8	-1.522102E-2
5.870000E-8	-1.313102E-2
5.880000E-8	-1.130655E-2
5.890000E-8	-9.824706E-3
5.900000E-8	-8.805403E-3
5.910000E-8	-8.025936E-3
5.920000E-8	-7.392084E-3
5.930000E-8	-6.980937E-3
5.940000E-8	-6.869584E-3
5.950000E-8	-7.049461E-3
5.960000E-8	-7.948846E-3
5.970000E-8	-9.396428E-3
5.980000E-8	-1.121233E-2
5.990000E-8	-1.348220E-2
6.000000E-8	-1.527241E-2
6.010000E-8	-1.651442E-2
6.020000E-8	-1.699409E-2
6.030000E-8	-1.636880E-2
6.040000E-8	-1.519532E-2
6.050000E-8	-1.335372E-2
6.060000E-8	-1.120376E-2
6.070000E-8	-9.113764E-3
6.080000E-8	-7.426347E-3
6.090000E-8	-6.038724E-3
6.100000E-8	-5.036552E-3
6.110000E-8	-4.522618E-3
6.120000E-8	-4.265651E-3
6.130000E-8	-4.488356E-3
6.140000E-8	-5.456265E-3
6.150000E-8	-7.006634E-3
6.160000E-8	-9.285075E-3
6.170000E-8	-1.176909E-2
6.180000E-8	-1.418458E-2
6.190000E-8	-1.593196E-2
6.200000E-8	-1.686560E-2
6.210000E-8	-1.688274E-2
6.220000E-8	-1.585487E-2
6.230000E-8	-1.421884E-2
6.240000E-8	-1.235155E-2
6.250000E-8	-1.022729E-2
6.260000E-8	-8.317166E-3
6.270000E-8	-6.561224E-3
6.280000E-8	-5.302085E-3
6.290000E-8	-4.505487E-3
6.300000E-8	-4.317045E-3
6.310000E-8	-4.779585E-3
6.320000E-8	-5.627577E-3
6.330000E-8	-7.109420E-3
6.340000E-8	-8.993846E-3
6.350000E-8	-1.118663E-2
6.360000E-8	-1.339655E-2
6.370000E-8	-1.530667E-2
6.380000E-8	-1.633454E-2
6.390000E-8	-1.651442E-2
6.400000E-8	-1.575208E-2
6.410000E-8	-1.389335E-2
6.420000E-8	-1.163204E-2
6.430000E-8	-9.156592E-3
6.440000E-8	-6.938109E-3
6.450000E-8	-5.139339E-3
6.460000E-8	-4.111471E-3
6.470000E-8	-3.923028E-3
6.480000E-8	-4.522618E-3
6.490000E-8	-5.704667E-3
6.500000E-8	-7.109420E-3
6.510000E-8	-8.454215E-3
6.520000E-8	-9.584870E-3
6.530000E-8	-1.041573E-2
6.540000E-8	-1.082688E-2
6.550000E-8	-1.125516E-2
6.560000E-8	-1.152069E-2
6.570000E-8	-1.190614E-2
6.580000E-8	-1.202606E-2
6.590000E-8	-1.202606E-2
6.600000E-8	-1.172626E-2
6.610000E-8	-1.097249E-2
6.620000E-8	-9.961755E-3
6.630000E-8	-8.616961E-3
6.640000E-8	-7.357822E-3
6.650000E-8	-6.184339E-3
6.660000E-8	-5.481962E-3
6.670000E-8	-5.156470E-3
6.680000E-8	-5.173602E-3
6.690000E-8	-5.661839E-3
6.700000E-8	-6.441306E-3
6.710000E-8	-7.229338E-3
6.720000E-8	-8.094461E-3
6.730000E-8	-9.122329E-3
6.740000E-8	-1.003885E-2
6.750000E-8	-1.105815E-2
6.760000E-8	-1.185475E-2
6.770000E-8	-1.232585E-2
6.780000E-8	-1.227446E-2
6.790000E-8	-1.185475E-2
6.800000E-8	-1.085257E-2
6.810000E-8	-9.482083E-3
6.820000E-8	-8.085895E-3
6.830000E-8	-6.732535E-3
6.840000E-8	-5.601880E-3
6.850000E-8	-4.805282E-3
6.860000E-8	-4.505487E-3
6.870000E-8	-4.676798E-3
6.880000E-8	-5.353479E-3
6.890000E-8	-6.458437E-3
6.900000E-8	-7.768969E-3
6.910000E-8	-9.173723E-3
6.920000E-8	-1.024442E-2
6.930000E-8	-1.115237E-2
6.940000E-8	-1.168343E-2
6.950000E-8	-1.194040E-2
6.960000E-8	-1.190614E-2
6.970000E-8	-1.134938E-2
6.980000E-8	-1.044999E-2
6.990000E-8	-9.379297E-3
7.000000E-8	-8.257207E-3
7.010000E-8	-6.920978E-3
7.020000E-8	-5.867413E-3
7.030000E-8	-4.985159E-3
7.040000E-8	-4.479790E-3
7.050000E-8	-4.351307E-3
7.060000E-8	-4.539749E-3
7.070000E-8	-5.002290E-3
7.080000E-8	-5.781757E-3
7.090000E-8	-6.835322E-3
7.100000E-8	-7.871756E-3
7.110000E-8	-8.831100E-3
7.120000E-8	-9.687657E-3
7.130000E-8	-9.961755E-3
7.140000E-8	-1.008167E-2
7.150000E-8	-9.679091E-3
7.160000E-8	-9.225116E-3
7.170000E-8	-8.702616E-3
7.180000E-8	-8.351428E-3
7.190000E-8	-7.957412E-3
7.200000E-8	-7.289297E-3
7.210000E-8	-6.509831E-3
7.220000E-8	-5.636142E-3
7.230000E-8	-4.771020E-3
7.240000E-8	-4.094340E-3
7.250000E-8	-3.880200E-3
7.260000E-8	-4.188561E-3
7.270000E-8	-4.916634E-3
7.280000E-8	-5.875978E-3
7.290000E-8	-7.006634E-3
7.300000E-8	-8.043068E-3
7.310000E-8	-8.822534E-3
7.320000E-8	-9.473518E-3
7.330000E-8	-9.730485E-3
7.340000E-8	-9.901796E-3
7.350000E-8	-9.661960E-3
7.360000E-8	-9.353600E-3
7.370000E-8	-8.865362E-3
7.380000E-8	-8.419953E-3
7.390000E-8	-7.683314E-3
7.400000E-8	-7.075158E-3
7.410000E-8	-6.184339E-3
7.420000E-8	-5.105077E-3
7.430000E-8	-4.120036E-3
7.440000E-8	-3.546143E-3
7.450000E-8	-3.383397E-3
7.460000E-8	-3.708889E-3
7.470000E-8	-4.591143E-3
7.480000E-8	-5.978765E-3
7.490000E-8	-7.520568E-3
7.500000E-8	-8.848231E-3
7.510000E-8	-9.713354E-3
7.520000E-8	-1.019303E-2
7.530000E-8	-9.918927E-3
7.540000E-8	-9.233682E-3
7.550000E-8	-8.128723E-3
7.560000E-8	-7.006634E-3
7.570000E-8	-6.038724E-3
7.580000E-8	-5.096511E-3
7.590000E-8	-4.257086E-3
7.600000E-8	-3.854504E-3
7.610000E-8	-3.708889E-3
7.620000E-8	-3.965856E-3
7.630000E-8	-4.239954E-3
7.640000E-8	-4.993725E-3
7.650000E-8	-5.850282E-3
7.660000E-8	-6.903847E-3
7.670000E-8	-7.837494E-3
7.680000E-8	-8.557002E-3
7.690000E-8	-8.985280E-3
7.700000E-8	-9.096633E-3
7.710000E-8	-9.105198E-3
7.720000E-8	-8.788272E-3
7.730000E-8	-8.300035E-3
7.740000E-8	-7.700445E-3
7.750000E-8	-6.723970E-3
7.760000E-8	-5.738929E-3
7.770000E-8	-4.693930E-3
7.780000E-8	-3.931594E-3
7.790000E-8	-3.237783E-3
7.800000E-8	-3.006512E-3
7.810000E-8	-3.006512E-3
7.820000E-8	-3.477619E-3
7.830000E-8	-3.923028E-3
7.840000E-8	-4.248520E-3
7.850000E-8	-4.942331E-3
7.860000E-8	-5.798888E-3
7.870000E-8	-6.706839E-3
7.880000E-8	-7.537699E-3
7.890000E-8	-8.154420E-3
7.900000E-8	-8.385690E-3
7.910000E-8	-8.359994E-3
7.920000E-8	-8.051633E-3
7.930000E-8	-7.349256E-3
7.940000E-8	-6.492699E-3
7.950000E-8	-5.422003E-3
7.960000E-8	-4.436963E-3
7.970000E-8	-3.486184E-3
7.980000E-8	-2.715283E-3
7.990000E-8	-2.509709E-3
8.000000E-8	-2.655324E-3
8.010000E-8	-3.109299E-3
8.020000E-8	-3.768848E-3
8.030000E-8	-4.454094E-3
8.040000E-8	-5.353479E-3
8.050000E-8	-6.158642E-3
8.060000E-8	-6.912412E-3
8.070000E-8	-7.512002E-3
8.080000E-8	-8.043068E-3
8.090000E-8	-8.308600E-3
8.100000E-8	-8.317166E-3
8.110000E-8	-8.077330E-3
8.120000E-8	-7.452043E-3
8.130000E-8	-6.672576E-3
8.140000E-8	-5.850282E-3
8.150000E-8	-5.045118E-3
8.160000E-8	-4.265651E-3
8.170000E-8	-3.631799E-3
8.180000E-8	-3.160693E-3
8.190000E-8	-3.194955E-3
8.200000E-8	-3.529012E-3
8.210000E-8	-4.334176E-3
8.220000E-8	-5.576183E-3
8.230000E-8	-6.732535E-3
8.240000E-8	-7.923150E-3
8.250000E-8	-8.574133E-3
8.260000E-8	-8.805403E-3
8.270000E-8	-8.471346E-3
8.280000E-8	-8.111592E-3
8.290000E-8	-7.563396E-3
8.300000E-8	-6.998068E-3
8.310000E-8	-6.287126E-3
8.320000E-8	-5.644708E-3
8.330000E-8	-4.813848E-3
8.340000E-8	-4.111471E-3
8.350000E-8	-3.597537E-3
8.360000E-8	-3.426225E-3
8.370000E-8	-3.751717E-3
8.380000E-8	-4.265651E-3
8.390000E-8	-4.899503E-3
8.400000E-8	-5.473397E-3
8.410000E-8	-5.875978E-3
8.420000E-8	-6.030159E-3
8.430000E-8	-5.970200E-3
8.440000E-8	-5.978765E-3
8.450000E-8	-6.004462E-3
8.460000E-8	-6.244298E-3
8.470000E-8	-6.715404E-3
8.480000E-8	-7.186511E-3
8.490000E-8	-7.383519E-3
8.500000E-8	-7.075158E-3
8.510000E-8	-6.364216E-3
8.520000E-8	-5.413438E-3
8.530000E-8	-4.377004E-3
8.540000E-8	-3.623233E-3
8.550000E-8	-3.126430E-3
8.560000E-8	-3.100734E-3
8.570000E-8	-3.306307E-3
8.580000E-8	-3.494750E-3
8.590000E-8	-3.743151E-3
8.600000E-8	-4.205692E-3
8.610000E-8	-4.659667E-3
8.620000E-8	-5.267823E-3
8.630000E-8	-5.850282E-3
8.640000E-8	-6.261429E-3
8.650000E-8	-6.646880E-3
8.660000E-8	-6.561224E-3
8.670000E-8	-6.141511E-3
8.680000E-8	-5.747495E-3
8.690000E-8	-5.122208E-3
8.700000E-8	-4.522618E-3
8.710000E-8	-3.974422E-3
8.720000E-8	-3.606102E-3
8.730000E-8	-3.177824E-3
8.740000E-8	-3.066471E-3
8.750000E-8	-2.997947E-3
8.760000E-8	-3.194955E-3
8.770000E-8	-3.588971E-3
8.780000E-8	-4.145733E-3
8.790000E-8	-4.873807E-3
8.800000E-8	-5.584749E-3
8.810000E-8	-6.038724E-3
8.820000E-8	-6.347085E-3
8.830000E-8	-6.321388E-3
8.840000E-8	-6.072986E-3
8.850000E-8	-5.541921E-3
8.860000E-8	-5.010856E-3
8.870000E-8	-4.411266E-3
8.880000E-8	-3.991553E-3
8.890000E-8	-3.734586E-3
8.900000E-8	-3.563274E-3
8.910000E-8	-3.606102E-3
8.920000E-8	-3.657496E-3
8.930000E-8	-3.785979E-3
8.940000E-8	-3.991553E-3
8.950000E-8	-4.214258E-3
8.960000E-8	-4.608274E-3
8.970000E-8	-4.856675E-3
8.980000E-8	-5.122208E-3
8.990000E-8	-5.113643E-3
9.000000E-8	-5.199298E-3
9.010000E-8	-5.087946E-3
9.020000E-8	-5.036552E-3
9.030000E-8	-4.873807E-3
9.040000E-8	-4.711061E-3
9.050000E-8	-4.548315E-3
9.060000E-8	-4.239954E-3
9.070000E-8	-4.094340E-3
9.080000E-8	-3.965856E-3
9.090000E-8	-3.888766E-3
9.100000E-8	-3.777414E-3
9.110000E-8	-3.888766E-3
9.120000E-8	-3.880200E-3
9.130000E-8	-4.051512E-3
9.140000E-8	-4.051512E-3
9.150000E-8	-4.068643E-3
9.160000E-8	-4.051512E-3
9.170000E-8	-4.008684E-3
9.180000E-8	-4.120036E-3
9.190000E-8	-4.265651E-3
9.200000E-8	-4.830979E-3
9.210000E-8	-5.182167E-3
9.220000E-8	-5.610446E-3
9.230000E-8	-5.653273E-3
9.240000E-8	-5.490528E-3
9.250000E-8	-4.942331E-3
9.260000E-8	-4.317045E-3
9.270000E-8	-3.837373E-3
9.280000E-8	-3.443356E-3
9.290000E-8	-3.057906E-3
9.300000E-8	-2.929422E-3
9.310000E-8	-2.826635E-3
9.320000E-8	-2.749545E-3
9.330000E-8	-2.758111E-3
9.340000E-8	-2.843766E-3
9.350000E-8	-2.980816E-3
9.360000E-8	-3.383397E-3
9.370000E-8	-3.785979E-3
9.380000E-8	-4.402700E-3
9.390000E-8	-4.779585E-3
9.400000E-8	-5.105077E-3
9.410000E-8	-4.848110E-3
9.420000E-8	-4.582577E-3
9.430000E-8	-4.051512E-3
9.440000E-8	-3.606102E-3
9.450000E-8	-3.203520E-3
9.460000E-8	-2.886594E-3
9.470000E-8	-2.723848E-3
9.480000E-8	-2.663890E-3
9.490000E-8	-2.518275E-3
9.500000E-8	-2.484013E-3
9.510000E-8	-2.663890E-3
9.520000E-8	-3.100734E-3
9.530000E-8	-3.640365E-3
9.540000E-8	-4.197127E-3
9.550000E-8	-4.616840E-3
9.560000E-8	-4.753889E-3
9.570000E-8	-4.779585E-3
9.580000E-8	-4.471225E-3
9.590000E-8	-4.000118E-3
9.600000E-8	-3.588971E-3
9.610000E-8	-3.177824E-3
9.620000E-8	-3.143561E-3
9.630000E-8	-3.117865E-3
9.640000E-8	-3.134996E-3
9.650000E-8	-3.023643E-3
9.660000E-8	-2.980816E-3
9.670000E-8	-2.723848E-3
9.680000E-8	-2.484013E-3
9.690000E-8	-2.441185E-3
9.700000E-8	-2.663890E-3
9.710000E-8	-3.075037E-3
9.720000E-8	-3.708889E-3
9.730000E-8	-4.351307E-3
9.740000E-8	-4.728192E-3
9.750000E-8	-4.873807E-3
9.760000E-8	-4.813848E-3
9.770000E-8	-4.608274E-3
9.780000E-8	-4.334176E-3
9.790000E-8	-4.000118E-3
9.800000E-8	-3.657496E-3
9.810000E-8	-3.323438E-3
9.820000E-8	-3.186389E-3
9.830000E-8	-3.057906E-3
9.840000E-8	-2.997947E-3
9.850000E-8	-3.032209E-3
9.860000E-8	-3.092168E-3
9.870000E-8	-3.263479E-3
9.880000E-8	-3.434791E-3
9.890000E-8	-3.631799E-3
9.900000E-8	-3.743151E-3
9.910000E-8	-3.674627E-3
9.920000E-8	-3.708889E-3
9.930000E-8	-3.743151E-3
9.940000E-8	-4.025815E-3
9.950000E-8	-4.394135E-3
9.960000E-8	-4.788151E-3
9.970000E-8	-4.848110E-3
9.980000E-8	-4.762454E-3
9.990000E-8	-4.231389E-3
1.000000E-7	-3.734586E-3
1.001000E-7	-3.177824E-3
1.002000E-7	-2.758111E-3
1.003000E-7	-2.595365E-3
1.004000E-7	-2.569668E-3
1.005000E-7	-2.809504E-3
1.006000E-7	-2.980816E-3
1.007000E-7	-3.280611E-3
1.008000E-7	-3.486184E-3
1.009000E-7	-3.674627E-3
1.010000E-7	-3.811676E-3
1.011000E-7	-3.785979E-3
1.012000E-7	-3.717455E-3
1.013000E-7	-3.657496E-3
1.014000E-7	-3.760282E-3
1.015000E-7	-3.897332E-3
1.016000E-7	-3.888766E-3
1.017000E-7	-3.828807E-3
1.018000E-7	-3.726020E-3
1.019000E-7	-3.477619E-3
1.020000E-7	-3.297742E-3
1.021000E-7	-3.134996E-3
1.022000E-7	-3.237783E-3
1.023000E-7	-3.486184E-3
1.024000E-7	-3.734586E-3
1.025000E-7	-3.794545E-3
1.026000E-7	-3.700323E-3
1.027000E-7	-3.426225E-3
1.028000E-7	-3.254914E-3
1.029000E-7	-2.937988E-3
1.030000E-7	-2.732414E-3
1.031000E-7	-2.740980E-3
1.032000E-7	-2.818070E-3
1.033000E-7	-3.049340E-3
1.034000E-7	-3.143561E-3
1.035000E-7	-3.254914E-3
1.036000E-7	-3.152127E-3
1.037000E-7	-3.075037E-3
1.038000E-7	-2.886594E-3
1.039000E-7	-2.681021E-3
1.040000E-7	-2.543972E-3
1.041000E-7	-2.543972E-3
1.042000E-7	-2.603931E-3
1.043000E-7	-2.646758E-3
1.044000E-7	-2.501144E-3
1.045000E-7	-2.424054E-3
1.046000E-7	-2.269873E-3
1.047000E-7	-2.269873E-3
1.048000E-7	-2.364095E-3
1.049000E-7	-2.501144E-3
1.050000E-7	-2.895160E-3
1.051000E-7	-3.160693E-3
1.052000E-7	-3.417660E-3
1.053000E-7	-3.443356E-3
1.054000E-7	-3.511881E-3
1.055000E-7	-3.332004E-3
1.056000E-7	-3.203520E-3
1.057000E-7	-2.989381E-3
1.058000E-7	-2.997947E-3
1.059000E-7	-3.006512E-3
1.060000E-7	-3.006512E-3
1.061000E-7	-3.109299E-3
1.062000E-7	-3.126430E-3
1.063000E-7	-3.023643E-3
1.064000E-7	-2.980816E-3
1.065000E-7	-2.860898E-3
1.066000E-7	-2.852332E-3
1.067000E-7	-2.826635E-3
1.068000E-7	-2.886594E-3
1.069000E-7	-2.800939E-3
1.070000E-7	-2.672455E-3
1.071000E-7	-2.398357E-3
1.072000E-7	-2.329832E-3
1.073000E-7	-2.167086E-3
1.074000E-7	-2.269873E-3
1.075000E-7	-2.398357E-3
1.076000E-7	-2.475447E-3
1.077000E-7	-2.518275E-3
1.078000E-7	-2.535406E-3
1.079000E-7	-2.621062E-3
1.080000E-7	-2.809504E-3
1.081000E-7	-2.946553E-3
1.082000E-7	-3.075037E-3
1.083000E-7	-3.057906E-3
1.084000E-7	-2.946553E-3
1.085000E-7	-2.783807E-3
1.086000E-7	-2.740980E-3
1.087000E-7	-2.809504E-3
1.088000E-7	-2.903725E-3
1.089000E-7	-2.997947E-3
1.090000E-7	-3.143561E-3
1.091000E-7	-3.066471E-3
1.092000E-7	-3.075037E-3
1.093000E-7	-2.980816E-3
1.094000E-7	-3.126430E-3
1.095000E-7	-3.083602E-3
1.096000E-7	-3.066471E-3
1.097000E-7	-2.698152E-3
1.098000E-7	-2.261308E-3
1.099000E-7	-1.952947E-3
1.100000E-7	-1.567497E-3
1.101000E-7	-1.610324E-3
1.102000E-7	-1.892988E-3
1.103000E-7	-2.424054E-3
1.104000E-7	-2.715283E-3
1.105000E-7	-2.852332E-3
1.106000E-7	-2.749545E-3
1.107000E-7	-2.466881E-3
1.108000E-7	-2.381226E-3
1.109000E-7	-2.441185E-3
1.110000E-7	-3.015078E-3
1.111000E-7	-3.648930E-3
1.112000E-7	-3.991553E-3
1.113000E-7	-3.897332E-3
1.114000E-7	-3.623233E-3
1.115000E-7	-3.143561E-3
1.116000E-7	-2.706717E-3
1.117000E-7	-2.372660E-3
1.118000E-7	-2.458316E-3
1.119000E-7	-2.603931E-3
1.120000E-7	-2.783807E-3
1.121000E-7	-2.818070E-3
1.122000E-7	-2.818070E-3
1.123000E-7	-2.758111E-3
1.124000E-7	-2.809504E-3
1.125000E-7	-2.929422E-3
1.126000E-7	-3.143561E-3
1.127000E-7	-3.100734E-3
1.128000E-7	-3.117865E-3
1.129000E-7	-2.895160E-3
1.130000E-7	-2.929422E-3
1.131000E-7	-2.955119E-3
1.132000E-7	-3.109299E-3
1.133000E-7	-3.237783E-3
1.134000E-7	-3.314873E-3
1.135000E-7	-3.212086E-3
1.136000E-7	-2.920857E-3
1.137000E-7	-2.492578E-3
1.138000E-7	-2.287004E-3
1.139000E-7	-2.175652E-3
1.140000E-7	-2.287004E-3
1.141000E-7	-2.406922E-3
1.142000E-7	-2.689586E-3
1.143000E-7	-2.963684E-3
1.144000E-7	-2.920857E-3
1.145000E-7	-2.681021E-3
1.146000E-7	-2.406922E-3
1.147000E-7	-2.149955E-3
1.148000E-7	-1.875857E-3
1.149000E-7	-1.678849E-3
1.150000E-7	-1.593193E-3
1.151000E-7	-1.498972E-3
1.152000E-7	-1.524669E-3
1.153000E-7	-1.576062E-3
1.154000E-7	-1.738808E-3
1.155000E-7	-1.824464E-3
1.156000E-7	-1.961513E-3
1.157000E-7	-1.970078E-3
1.158000E-7	-1.875857E-3
1.159000E-7	-1.687415E-3
1.160000E-7	-1.456144E-3
1.161000E-7	-1.404751E-3
1.162000E-7	-1.644587E-3
1.163000E-7	-1.738808E-3
1.164000E-7	-1.970078E-3
1.165000E-7	-2.038603E-3
1.166000E-7	-1.918685E-3
1.167000E-7	-1.790201E-3
1.168000E-7	-1.644587E-3
1.169000E-7	-1.421882E-3
1.170000E-7	-1.498972E-3
1.171000E-7	-1.661718E-3
1.172000E-7	-1.961513E-3
1.173000E-7	-2.141390E-3
1.174000E-7	-2.107127E-3
1.175000E-7	-2.149955E-3
1.176000E-7	-2.132824E-3
1.177000E-7	-2.030037E-3
1.178000E-7	-2.261308E-3
1.179000E-7	-2.372660E-3
1.180000E-7	-2.689586E-3
1.181000E-7	-2.783807E-3
1.182000E-7	-2.672455E-3
1.183000E-7	-2.586799E-3
1.184000E-7	-2.295570E-3
1.185000E-7	-2.132824E-3
1.186000E-7	-2.269873E-3
1.187000E-7	-2.406922E-3
1.188000E-7	-2.475447E-3
1.189000E-7	-2.466881E-3
1.190000E-7	-2.269873E-3
1.191000E-7	-1.927250E-3
1.192000E-7	-1.670283E-3
1.193000E-7	-1.618890E-3
1.194000E-7	-1.781636E-3
1.195000E-7	-1.970078E-3
1.196000E-7	-2.218480E-3
1.197000E-7	-2.406922E-3
1.198000E-7	-2.501144E-3
1.199000E-7	-2.415488E-3
1.200000E-7	-2.389791E-3
1.201000E-7	-2.304136E-3
1.202000E-7	-2.235611E-3
1.203000E-7	-1.970078E-3
1.204000E-7	-1.841595E-3
1.205000E-7	-1.798767E-3
1.206000E-7	-1.858726E-3
1.207000E-7	-1.952947E-3
1.208000E-7	-2.192783E-3
1.209000E-7	-2.064300E-3
1.210000E-7	-1.790201E-3
1.211000E-7	-1.576062E-3
1.212000E-7	-1.404751E-3
1.213000E-7	-1.370488E-3
1.214000E-7	-1.584628E-3
1.215000E-7	-1.815898E-3
1.216000E-7	-2.167086E-3
1.217000E-7	-2.227045E-3
1.218000E-7	-2.389791E-3
1.219000E-7	-2.372660E-3
1.220000E-7	-2.261308E-3
1.221000E-7	-2.004341E-3
1.222000E-7	-1.867291E-3
1.223000E-7	-1.413316E-3
1.224000E-7	-1.199177E-3
1.225000E-7	-1.096390E-3
1.226000E-7	-1.173480E-3
1.227000E-7	-1.413316E-3
1.228000E-7	-1.644587E-3
1.229000E-7	-1.867291E-3
1.230000E-7	-2.107127E-3
1.231000E-7	-2.252742E-3
1.232000E-7	-2.209914E-3
1.233000E-7	-1.901554E-3
1.234000E-7	-1.636021E-3
1.235000E-7	-1.293398E-3
1.236000E-7	-1.173480E-3
1.237000E-7	-1.070693E-3
1.238000E-7	-1.104956E-3
1.239000E-7	-1.207743E-3
1.240000E-7	-1.327661E-3
1.241000E-7	-1.379054E-3
1.242000E-7	-1.567497E-3
1.243000E-7	-1.738808E-3
1.244000E-7	-2.201349E-3
1.245000E-7	-2.629627E-3
1.246000E-7	-2.869463E-3
1.247000E-7	-2.920857E-3
1.248000E-7	-2.792373E-3
1.249000E-7	-2.543972E-3
1.250000E-7	-2.124259E-3
1.251000E-7	-1.875857E-3
1.252000E-7	-1.841595E-3
1.253000E-7	-1.978644E-3
1.254000E-7	-2.192783E-3
1.255000E-7	-2.321267E-3
1.256000E-7	-2.355529E-3
1.257000E-7	-2.201349E-3
1.258000E-7	-2.081431E-3
1.259000E-7	-1.892988E-3
1.260000E-7	-1.892988E-3
1.261000E-7	-1.798767E-3
1.262000E-7	-1.755939E-3
1.263000E-7	-1.327661E-3
1.264000E-7	-1.096390E-3
1.265000E-7	-8.394231E-4
1.266000E-7	-7.537674E-4
1.267000E-7	-9.165132E-4
1.268000E-7	-1.036431E-3
1.269000E-7	-1.139218E-3
1.270000E-7	-1.173480E-3
1.271000E-7	-1.156349E-3
1.272000E-7	-1.104956E-3
1.273000E-7	-1.361923E-3
1.274000E-7	-1.850160E-3
1.275000E-7	-2.329832E-3
1.276000E-7	-2.621062E-3
1.277000E-7	-2.603931E-3
1.278000E-7	-2.398357E-3
1.279000E-7	-2.030037E-3
1.280000E-7	-1.815898E-3
1.281000E-7	-1.704546E-3
1.282000E-7	-1.833029E-3
1.283000E-7	-2.072865E-3
1.284000E-7	-2.141390E-3
1.285000E-7	-2.227045E-3
1.286000E-7	-2.141390E-3
1.287000E-7	-2.064300E-3
1.288000E-7	-1.952947E-3
1.289000E-7	-1.773070E-3
1.290000E-7	-1.593193E-3
1.291000E-7	-1.464710E-3
1.292000E-7	-1.481841E-3
1.293000E-7	-1.584628E-3
1.294000E-7	-1.764505E-3
1.295000E-7	-1.867291E-3
1.296000E-7	-2.021472E-3
1.297000E-7	-2.072865E-3
1.298000E-7	-1.987209E-3
1.299000E-7	-1.850160E-3
1.300000E-7	-1.841595E-3
1.301000E-7	-1.833029E-3
1.302000E-7	-1.970078E-3
1.303000E-7	-2.038603E-3
1.304000E-7	-2.030037E-3
1.305000E-7	-2.089996E-3
1.306000E-7	-2.115693E-3
1.307000E-7	-2.235611E-3
1.308000E-7	-2.346963E-3
1.309000E-7	-2.406922E-3
1.310000E-7	-2.595365E-3
1.311000E-7	-2.681021E-3
1.312000E-7	-2.689586E-3
1.313000E-7	-2.543972E-3
1.314000E-7	-2.227045E-3
1.315000E-7	-1.995775E-3
1.316000E-7	-1.747373E-3
1.317000E-7	-1.413316E-3
1.318000E-7	-1.224874E-3
1.319000E-7	-1.190611E-3
1.320000E-7	-1.096390E-3
1.321000E-7	-1.156349E-3
1.322000E-7	-1.284833E-3
1.323000E-7	-1.301964E-3
1.324000E-7	-1.379054E-3
1.325000E-7	-1.498972E-3
1.326000E-7	-1.781636E-3
1.327000E-7	-2.132824E-3
1.328000E-7	-2.441185E-3
1.329000E-7	-2.672455E-3
1.330000E-7	-2.818070E-3
1.331000E-7	-2.646758E-3
1.332000E-7	-2.244177E-3
1.333000E-7	-1.824464E-3
1.334000E-7	-1.567497E-3
1.335000E-7	-1.387620E-3
1.336000E-7	-1.601759E-3
1.337000E-7	-2.030037E-3
1.338000E-7	-2.364095E-3
1.339000E-7	-2.681021E-3
1.340000E-7	-2.783807E-3
1.341000E-7	-2.835201E-3
1.342000E-7	-2.740980E-3
1.343000E-7	-2.569668E-3
1.344000E-7	-2.304136E-3
1.345000E-7	-1.901554E-3
1.346000E-7	-1.644587E-3
1.347000E-7	-1.173480E-3
1.348000E-7	-1.044997E-3
1.349000E-7	-9.593410E-4
1.350000E-7	-1.361923E-3
1.351000E-7	-1.875857E-3
1.352000E-7	-2.287004E-3
1.353000E-7	-2.424054E-3
1.354000E-7	-2.329832E-3
1.355000E-7	-1.901554E-3
1.356000E-7	-1.456144E-3
1.357000E-7	-1.036431E-3
1.358000E-7	-8.822509E-4
1.359000E-7	-7.537674E-4
1.360000E-7	-6.852428E-4
1.361000E-7	-7.280706E-4
1.362000E-7	-8.137264E-4
1.363000E-7	-8.908165E-4
1.364000E-7	-1.019300E-3
1.365000E-7	-1.319095E-3
1.366000E-7	-1.507538E-3
1.367000E-7	-1.593193E-3
1.368000E-7	-1.704546E-3
1.369000E-7	-1.798767E-3
1.370000E-7	-1.961513E-3
1.371000E-7	-1.815898E-3
1.372000E-7	-1.498972E-3
1.373000E-7	-1.190611E-3
1.374000E-7	-8.479886E-4
1.375000E-7	-6.252838E-4
1.376000E-7	-6.167182E-4
1.377000E-7	-7.623329E-4
1.378000E-7	-1.156349E-3
1.379000E-7	-1.370488E-3
1.380000E-7	-1.584628E-3
1.381000E-7	-1.721677E-3
1.382000E-7	-1.695980E-3
1.383000E-7	-1.576062E-3
1.384000E-7	-1.447579E-3
1.385000E-7	-1.284833E-3
1.386000E-7	-1.250570E-3
1.387000E-7	-1.267702E-3
1.388000E-7	-1.464710E-3
1.389000E-7	-1.824464E-3
1.390000E-7	-2.038603E-3
1.391000E-7	-2.149955E-3
1.392000E-7	-2.021472E-3
1.393000E-7	-1.721677E-3
1.394000E-7	-1.310529E-3
1.395000E-7	-1.096390E-3
1.396000E-7	-8.137264E-4
1.397000E-7	-6.852428E-4
1.398000E-7	-7.023739E-4
1.399000E-7	-8.394231E-4
1.400000E-7	-9.250788E-4
1.401000E-7	-1.190611E-3
1.402000E-7	-1.387620E-3
1.403000E-7	-1.447579E-3
1.404000E-7	-1.507538E-3
1.405000E-7	-1.498972E-3
1.406000E-7	-1.507538E-3
1.407000E-7	-1.421882E-3
1.408000E-7	-1.370488E-3
1.409000E-7	-1.224874E-3
1.410000E-7	-1.301964E-3
1.411000E-7	-1.259136E-3
1.412000E-7	-1.224874E-3
1.413000E-7	-1.242005E-3
1.414000E-7	-1.250570E-3
1.415000E-7	-1.319095E-3
1.416000E-7	-1.370488E-3
1.417000E-7	-1.327661E-3
1.418000E-7	-1.370488E-3
1.419000E-7	-1.387620E-3
1.420000E-7	-1.464710E-3
1.421000E-7	-1.396185E-3
1.422000E-7	-1.327661E-3
1.423000E-7	-1.379054E-3
1.424000E-7	-1.439013E-3
1.425000E-7	-1.601759E-3
1.426000E-7	-1.798767E-3
1.427000E-7	-1.884423E-3
1.428000E-7	-1.944382E-3
1.429000E-7	-1.798767E-3
1.430000E-7	-1.773070E-3
1.431000E-7	-1.833029E-3
1.432000E-7	-1.987209E-3
1.433000E-7	-2.064300E-3
1.434000E-7	-2.218480E-3
1.435000E-7	-2.184218E-3
1.436000E-7	-2.012906E-3
1.437000E-7	-1.661718E-3
1.438000E-7	-1.276267E-3
1.439000E-7	-9.165132E-4
1.440000E-7	-6.938084E-4
1.441000E-7	-6.509805E-4
1.442000E-7	-6.424149E-4
1.443000E-7	-8.394231E-4
1.444000E-7	-1.053562E-3
1.445000E-7	-1.139218E-3
1.446000E-7	-1.250570E-3
1.447000E-7	-1.259136E-3
1.448000E-7	-1.293398E-3
1.449000E-7	-1.344792E-3
1.450000E-7	-1.541800E-3
1.451000E-7	-1.550365E-3
1.452000E-7	-1.516103E-3
1.453000E-7	-1.344792E-3
1.454000E-7	-1.062128E-3
1.455000E-7	-8.222919E-4
1.456000E-7	-7.794641E-4
1.457000E-7	-8.908165E-4
1.458000E-7	-1.122087E-3
1.459000E-7	-1.293398E-3
1.460000E-7	-1.379054E-3
1.461000E-7	-1.370488E-3
1.462000E-7	-1.233439E-3
1.463000E-7	-9.079476E-4
1.464000E-7	-8.308575E-4
1.465000E-7	-7.195051E-4
1.466000E-7	-8.479886E-4
1.467000E-7	-9.336443E-4
1.468000E-7	-1.156349E-3
1.469000E-7	-1.276267E-3
1.470000E-7	-1.301964E-3
1.471000E-7	-1.233439E-3
1.472000E-7	-1.139218E-3
1.473000E-7	-1.019300E-3
1.474000E-7	-1.156349E-3
1.475000E-7	-1.276267E-3
1.476000E-7	-1.379054E-3
1.477000E-7	-1.284833E-3
1.478000E-7	-1.353357E-3
1.479000E-7	-1.267702E-3
1.480000E-7	-1.199177E-3
1.481000E-7	-1.276267E-3
1.482000E-7	-1.301964E-3
1.483000E-7	-1.447579E-3
1.484000E-7	-1.644587E-3
1.485000E-7	-1.867291E-3
1.486000E-7	-1.935816E-3
1.487000E-7	-1.841595E-3
1.488000E-7	-1.644587E-3
1.489000E-7	-1.456144E-3
1.490000E-7	-1.164915E-3
1.491000E-7	-8.822509E-4
1.492000E-7	-8.222919E-4
1.493000E-7	-6.766772E-4
1.494000E-7	-7.880296E-4
1.495000E-7	-1.002169E-3
1.496000E-7	-1.087825E-3
1.497000E-7	-1.173480E-3
1.498000E-7	-1.122087E-3
1.499000E-7	-1.070693E-3
1.500000E-7	-8.308575E-4
1.501000E-7	-7.023739E-4
1.502000E-7	-5.396281E-4
1.503000E-7	-4.882347E-4
1.504000E-7	-5.824560E-4
1.505000E-7	-5.224970E-4
1.506000E-7	-6.852428E-4
1.507000E-7	-7.452018E-4
1.508000E-7	-8.479886E-4
1.509000E-7	-9.422099E-4
1.510000E-7	-9.679066E-4
1.511000E-7	-8.736853E-4
1.512000E-7	-9.507755E-4
1.513000E-7	-1.156349E-3
1.514000E-7	-1.361923E-3
1.515000E-7	-1.627456E-3
1.516000E-7	-1.910119E-3
1.517000E-7	-2.089996E-3
1.518000E-7	-2.124259E-3
1.519000E-7	-1.961513E-3
1.520000E-7	-1.721677E-3
1.521000E-7	-1.421882E-3
1.522000E-7	-1.173480E-3
1.523000E-7	-1.002169E-3
1.524000E-7	-1.044997E-3
1.525000E-7	-1.156349E-3
1.526000E-7	-1.284833E-3
1.527000E-7	-1.344792E-3
1.528000E-7	-1.490406E-3
1.529000E-7	-1.439013E-3
1.530000E-7	-1.284833E-3
1.531000E-7	-1.027866E-3
1.532000E-7	-8.651198E-4
1.533000E-7	-6.424149E-4
1.534000E-7	-7.023739E-4
1.535000E-7	-7.794641E-4
1.536000E-7	-1.019300E-3
1.537000E-7	-1.276267E-3
1.538000E-7	-1.370488E-3
1.539000E-7	-1.344792E-3
1.540000E-7	-1.156349E-3
1.541000E-7	-9.936033E-4
1.542000E-7	-9.679066E-4
1.543000E-7	-9.764722E-4
1.544000E-7	-1.207743E-3
1.545000E-7	-1.396185E-3
1.546000E-7	-1.336226E-3
1.547000E-7	-1.122087E-3
1.548000E-7	-8.736853E-4
1.549000E-7	-6.852428E-4
1.550000E-7	-6.852428E-4
1.551000E-7	-6.338494E-4
1.552000E-7	-6.938084E-4
1.553000E-7	-4.454068E-4
1.554000E-7	-1.884397E-4
1.555000E-7	8.568386E-6
1.556000E-7	1.284864E-4
1.557000E-7	2.569953E-5
1.558000E-7	-3.683167E-4
1.559000E-7	-7.794641E-4
1.560000E-7	-1.216308E-3
1.561000E-7	-1.481841E-3
1.562000E-7	-1.713111E-3
1.563000E-7	-1.910119E-3
1.564000E-7	-2.167086E-3
1.565000E-7	-2.278439E-3
1.566000E-7	-2.355529E-3
1.567000E-7	-2.235611E-3
1.568000E-7	-1.987209E-3
1.569000E-7	-1.721677E-3
1.570000E-7	-1.336226E-3
1.571000E-7	-9.936033E-4
1.572000E-7	-8.394231E-4
1.573000E-7	-7.880296E-4
1.574000E-7	-8.394231E-4
1.575000E-7	-1.010734E-3
1.576000E-7	-1.079259E-3
1.577000E-7	-1.156349E-3
1.578000E-7	-1.250570E-3
1.579000E-7	-1.199177E-3
1.580000E-7	-1.156349E-3
1.581000E-7	-1.224874E-3
1.582000E-7	-1.276267E-3
1.583000E-7	-1.224874E-3
1.584000E-7	-1.164915E-3
1.585000E-7	-9.079476E-4
1.586000E-7	-8.137264E-4
1.587000E-7	-7.708985E-4
1.588000E-7	-8.051608E-4
1.589000E-7	-8.394231E-4
1.590000E-7	-1.019300E-3
1.591000E-7	-9.936033E-4
1.592000E-7	-1.216308E-3
1.593000E-7	-1.293398E-3
1.594000E-7	-1.456144E-3
1.595000E-7	-1.730242E-3
1.596000E-7	-1.833029E-3
1.597000E-7	-1.901554E-3
1.598000E-7	-1.867291E-3
1.599000E-7	-1.481841E-3
1.600000E-7	-1.130652E-3
1.601000E-7	-7.366362E-4
1.602000E-7	-5.053658E-4
1.603000E-7	-4.025790E-4
1.604000E-7	-4.968003E-4
1.605000E-7	-7.280706E-4
1.606000E-7	-1.053562E-3
1.607000E-7	-1.062128E-3
1.608000E-7	-1.113521E-3
1.609000E-7	-9.936033E-4
1.610000E-7	-7.965952E-4
1.611000E-7	-5.995871E-4
1.612000E-7	-6.938084E-4
1.613000E-7	-7.965952E-4
1.614000E-7	-9.850378E-4
1.615000E-7	-1.207743E-3
1.616000E-7	-1.190611E-3
1.617000E-7	-1.190611E-3
1.618000E-7	-1.173480E-3
1.619000E-7	-1.096390E-3
1.620000E-7	-9.593410E-4
1.621000E-7	-9.679066E-4
1.622000E-7	-9.593410E-4
1.623000E-7	-7.880296E-4
1.624000E-7	-7.195051E-4
1.625000E-7	-7.280706E-4
1.626000E-7	-7.623329E-4
1.627000E-7	-9.079476E-4
1.628000E-7	-1.156349E-3
1.629000E-7	-1.541800E-3
1.630000E-7	-1.815898E-3
1.631000E-7	-1.927250E-3
1.632000E-7	-1.721677E-3
1.633000E-7	-1.413316E-3
1.634000E-7	-1.002169E-3
1.635000E-7	-8.308575E-4
1.636000E-7	-7.965952E-4
1.637000E-7	-9.336443E-4
1.638000E-7	-1.079259E-3
1.639000E-7	-1.164915E-3
1.640000E-7	-1.130652E-3
1.641000E-7	-9.079476E-4
1.642000E-7	-6.081527E-4
1.643000E-7	-3.597511E-4
1.644000E-7	-2.312676E-4
1.645000E-7	-1.541774E-4
1.646000E-7	-2.141364E-4
1.647000E-7	-3.940134E-4
1.648000E-7	-6.252838E-4
1.649000E-7	-6.938084E-4
1.650000E-7	-7.623329E-4
1.651000E-7	-9.336443E-4
1.652000E-7	-1.267702E-3
1.653000E-7	-1.421882E-3
1.654000E-7	-1.498972E-3
1.655000E-7	-1.653152E-3
1.656000E-7	-1.524669E-3
1.657000E-7	-1.233439E-3
1.658000E-7	-1.044997E-3
1.659000E-7	-8.651198E-4
1.660000E-7	-8.565542E-4
1.661000E-7	-9.679066E-4
1.662000E-7	-1.139218E-3
1.663000E-7	-1.130652E-3
1.664000E-7	-1.113521E-3
1.665000E-7	-9.422099E-4
1.666000E-7	-9.507755E-4
1.667000E-7	-9.593410E-4
1.668000E-7	-1.113521E-3
1.669000E-7	-1.327661E-3
1.670000E-7	-1.379054E-3
1.671000E-7	-1.439013E-3
1.672000E-7	-1.447579E-3
1.673000E-7	-1.344792E-3
1.674000E-7	-1.199177E-3
1.675000E-7	-1.104956E-3
1.676000E-7	-8.736853E-4
1.677000E-7	-6.338494E-4
1.678000E-7	-4.025790E-4
1.679000E-7	-5.995618E-5
1.680000E-7	7.709295E-5
1.681000E-7	5.139624E-5
1.682000E-7	-2.569389E-5
1.683000E-7	-1.713086E-4
1.684000E-7	-4.025790E-4
1.685000E-7	-4.882347E-4
1.686000E-7	-5.224970E-4
1.687000E-7	-4.882347E-4
1.688000E-7	-3.340544E-4
1.689000E-7	-5.995618E-5
1.690000E-7	-3.425946E-5
1.691000E-7	-3.425946E-5
1.692000E-7	-3.511856E-4
1.693000E-7	-6.852428E-4
1.694000E-7	-1.122087E-3
1.695000E-7	-1.319095E-3
1.696000E-7	-1.396185E-3
1.697000E-7	-1.182046E-3
1.698000E-7	-9.079476E-4
1.699000E-7	-5.396281E-4
1.700000E-7	-4.711035E-4
1.701000E-7	-4.711035E-4
1.702000E-7	-6.509805E-4
1.703000E-7	-5.738904E-4
1.704000E-7	-4.539724E-4
1.705000E-7	-9.421846E-5
1.706000E-7	1.541831E-4
1.707000E-7	5.053715E-4
1.708000E-7	5.910272E-4
1.709000E-7	3.768879E-4
1.710000E-7	-1.284807E-4
1.711000E-7	-6.424149E-4
1.712000E-7	-1.036431E-3
1.713000E-7	-1.301964E-3
1.714000E-7	-1.250570E-3
1.715000E-7	-9.079476E-4
1.716000E-7	-6.766772E-4
1.717000E-7	-5.995871E-4
1.718000E-7	-7.880296E-4
1.719000E-7	-8.308575E-4
1.720000E-7	-1.062128E-3
1.721000E-7	-1.044997E-3
1.722000E-7	-9.679066E-4
1.723000E-7	-6.424149E-4
1.724000E-7	-5.567592E-4
1.725000E-7	-5.396281E-4
1.726000E-7	-7.195051E-4
1.727000E-7	-8.565542E-4
1.728000E-7	-9.679066E-4
1.729000E-7	-9.165132E-4
1.730000E-7	-8.137264E-4
1.731000E-7	-6.338494E-4
1.732000E-7	-4.882347E-4
1.733000E-7	-4.025790E-4
1.734000E-7	-7.023739E-4
1.735000E-7	-1.019300E-3
1.736000E-7	-1.190611E-3
1.737000E-7	-1.113521E-3
1.738000E-7	-8.394231E-4
1.739000E-7	-3.426200E-4
1.740000E-7	-1.712832E-5
1.741000E-7	2.227076E-4
1.742000E-7	1.370519E-4
1.743000E-7	-1.627430E-4
1.744000E-7	-4.111446E-4
1.745000E-7	-4.625380E-4
1.746000E-7	-4.711035E-4
1.747000E-7	-3.683167E-4
1.748000E-7	-3.940134E-4
1.749000E-7	-5.224970E-4
1.750000E-7	-9.422099E-4
1.751000E-7	-1.293398E-3
1.752000E-7	-1.576062E-3
1.753000E-7	-1.644587E-3
1.754000E-7	-1.670283E-3
1.755000E-7	-1.618890E-3
1.756000E-7	-1.610324E-3
1.757000E-7	-1.464710E-3
1.758000E-7	-1.593193E-3
1.759000E-7	-1.541800E-3
1.760000E-7	-1.413316E-3
1.761000E-7	-1.242005E-3
1.762000E-7	-1.096390E-3
1.763000E-7	-1.019300E-3
1.764000E-7	-9.336443E-4
1.765000E-7	-8.822509E-4
1.766000E-7	-7.794641E-4
1.767000E-7	-6.852428E-4
1.768000E-7	-4.197101E-4
1.769000E-7	-2.997921E-4
1.770000E-7	-2.655299E-4
1.771000E-7	-3.683167E-4
1.772000E-7	-6.424149E-4
1.773000E-7	-8.565542E-4
1.774000E-7	-9.422099E-4
1.775000E-7	-9.422099E-4
1.776000E-7	-8.565542E-4
1.777000E-7	-7.280706E-4
1.778000E-7	-6.766772E-4
1.779000E-7	-6.938084E-4
1.780000E-7	-9.593410E-4
1.781000E-7	-1.062128E-3
1.782000E-7	-1.327661E-3
1.783000E-7	-1.456144E-3
1.784000E-7	-1.421882E-3
1.785000E-7	-1.190611E-3
1.786000E-7	-9.850378E-4
1.787000E-7	-8.394231E-4
1.788000E-7	-6.509805E-4
1.789000E-7	-5.139314E-4
1.790000E-7	-4.025790E-4
1.791000E-7	-2.569389E-5
1.792000E-7	5.996181E-5
1.793000E-7	2.312732E-4
1.794000E-7	1.541831E-4
1.795000E-7	3.426510E-5
1.796000E-7	-2.655299E-4
1.797000E-7	-4.711035E-4
1.798000E-7	-6.766772E-4
1.799000E-7	-5.824560E-4
1.800000E-7	-7.280706E-4
1.801000E-7	-7.794641E-4
1.802000E-7	-8.394231E-4
1.803000E-7	-8.137264E-4
1.804000E-7	-5.053658E-4
1.805000E-7	-1.027840E-4
1.806000E-7	2.141421E-4
1.807000E-7	4.282813E-4
1.808000E-7	4.282813E-4
1.809000E-7	1.541831E-4
1.810000E-7	-2.740954E-4
1.811000E-7	-7.023739E-4
1.812000E-7	-1.002169E-3
1.813000E-7	-1.122087E-3
1.814000E-7	-1.113521E-3
1.815000E-7	-1.096390E-3
1.816000E-7	-1.096390E-3
1.817000E-7	-1.156349E-3
1.818000E-7	-1.301964E-3
1.819000E-7	-1.430447E-3
1.820000E-7	-1.259136E-3
1.821000E-7	-9.764722E-4
1.822000E-7	-6.938084E-4
1.823000E-7	-4.111446E-4
1.824000E-7	-3.768823E-4
1.825000E-7	-4.025790E-4
1.826000E-7	-5.738904E-4
1.827000E-7	-9.336443E-4
1.828000E-7	-1.190611E-3
1.829000E-7	-1.164915E-3
1.830000E-7	-1.207743E-3
1.831000E-7	-1.267702E-3
1.832000E-7	-1.267702E-3
1.833000E-7	-1.353357E-3
1.834000E-7	-1.456144E-3
1.835000E-7	-1.396185E-3
1.836000E-7	-1.130652E-3
1.837000E-7	-7.537674E-4
1.838000E-7	-2.826610E-4
1.839000E-7	8.568386E-6
1.840000E-7	5.996181E-5
1.841000E-7	-1.713086E-4
1.842000E-7	-5.481937E-4
1.843000E-7	-1.104956E-3
1.844000E-7	-1.336226E-3
1.845000E-7	-1.421882E-3
1.846000E-7	-1.224874E-3
1.847000E-7	-8.651198E-4
1.848000E-7	-4.625380E-4
1.849000E-7	-3.169233E-4
1.850000E-7	-3.511856E-4
1.851000E-7	-7.280706E-4
1.852000E-7	-1.096390E-3
1.853000E-7	-1.344792E-3
1.854000E-7	-1.490406E-3
1.855000E-7	-1.387620E-3
1.856000E-7	-1.156349E-3
1.857000E-7	-8.822509E-4
1.858000E-7	-5.653248E-4
1.859000E-7	-3.768823E-4
1.860000E-7	-2.826610E-4
1.861000E-7	-6.852175E-5
1.862000E-7	-2.569389E-5
1.863000E-7	6.852738E-5
1.864000E-7	-8.565289E-5
1.865000E-7	-1.456119E-4
1.866000E-7	-3.768823E-4
1.867000E-7	-6.852428E-4
1.868000E-7	-8.222919E-4
1.869000E-7	-1.190611E-3
1.870000E-7	-1.353357E-3
1.871000E-7	-1.738808E-3
1.872000E-7	-2.149955E-3
1.873000E-7	-2.295570E-3
1.874000E-7	-2.338398E-3
1.875000E-7	-2.132824E-3
1.876000E-7	-1.678849E-3
1.877000E-7	-1.259136E-3
1.878000E-7	-1.182046E-3
1.879000E-7	-1.190611E-3
1.880000E-7	-1.404751E-3
1.881000E-7	-1.516103E-3
1.882000E-7	-1.653152E-3
1.883000E-7	-1.456144E-3
1.884000E-7	-1.173480E-3
1.885000E-7	-9.079476E-4
1.886000E-7	-7.965952E-4
1.887000E-7	-7.366362E-4
1.888000E-7	-9.165132E-4
1.889000E-7	-1.147784E-3
1.890000E-7	-1.370488E-3
1.891000E-7	-1.653152E-3
1.892000E-7	-1.678849E-3
1.893000E-7	-1.644587E-3
1.894000E-7	-1.439013E-3
1.895000E-7	-1.104956E-3
1.896000E-7	-9.593410E-4
1.897000E-7	-8.736853E-4
1.898000E-7	-9.250788E-4
1.899000E-7	-9.850378E-4
1.900000E-7	-1.079259E-3
1.901000E-7	-8.993821E-4
1.902000E-7	-6.938084E-4
1.903000E-7	-5.910215E-4
1.904000E-7	-5.053658E-4
1.905000E-7	-4.111446E-4
1.906000E-7	-4.111446E-4
1.907000E-7	-3.854478E-4
1.908000E-7	-4.454068E-4
1.909000E-7	-3.683167E-4
1.910000E-7	-3.511856E-4
1.911000E-7	-3.940134E-4
1.912000E-7	-5.567592E-4
1.913000E-7	-7.880296E-4
1.914000E-7	-9.250788E-4
1.915000E-7	-9.336443E-4
1.916000E-7	-7.623329E-4
1.917000E-7	-6.167182E-4
1.918000E-7	-4.539724E-4
1.919000E-7	-2.912266E-4
1.920000E-7	-3.340544E-4
1.921000E-7	-4.111446E-4
1.922000E-7	-5.738904E-4
1.923000E-7	-5.567592E-4
1.924000E-7	-4.368413E-4
1.925000E-7	-3.940134E-4
1.926000E-7	-4.539724E-4
1.927000E-7	-7.023739E-4
1.928000E-7	-1.019300E-3
1.929000E-7	-1.242005E-3
1.930000E-7	-1.361923E-3
1.931000E-7	-1.464710E-3
1.932000E-7	-1.344792E-3
1.933000E-7	-1.361923E-3
1.934000E-7	-1.439013E-3
1.935000E-7	-1.242005E-3
1.936000E-7	-1.096390E-3
1.937000E-7	-8.565542E-4
1.938000E-7	-6.338494E-4
1.939000E-7	-5.481937E-4
1.940000E-7	-5.481937E-4
1.941000E-7	-6.338494E-4
1.942000E-7	-7.366362E-4
1.943000E-7	-5.310625E-4
1.944000E-7	-3.426200E-4
1.945000E-7	-9.421846E-5
1.946000E-7	-5.995618E-5
1.947000E-7	-1.284807E-4
1.948000E-7	-1.713086E-4
1.949000E-7	-2.740954E-4
1.950000E-7	-3.768823E-4
1.951000E-7	-5.053658E-4
1.952000E-7	-6.338494E-4
1.953000E-7	-5.824560E-4
1.954000E-7	-5.310625E-4
1.955000E-7	-5.910215E-4
1.956000E-7	-4.882347E-4
1.957000E-7	-3.426200E-4
1.958000E-7	-3.169233E-4
1.959000E-7	-1.713086E-4
1.960000E-7	-2.312676E-4
1.961000E-7	-4.111446E-4
1.962000E-7	-5.824560E-4
1.963000E-7	-8.308575E-4
1.964000E-7	-8.651198E-4
1.965000E-7	-9.336443E-4
1.966000E-7	-7.195051E-4
1.967000E-7	-5.310625E-4
1.968000E-7	-2.055709E-4
1.969000E-7	-9.421846E-5
1.970000E-7	-1.712832E-5
1.971000E-7	-1.027840E-4
1.972000E-7	-3.511856E-4
1.973000E-7	-5.224970E-4
1.974000E-7	-8.222919E-4
1.975000E-7	-9.679066E-4
1.976000E-7	-9.422099E-4
1.977000E-7	-8.222919E-4
1.978000E-7	-7.794641E-4
1.979000E-7	-7.708985E-4
1.980000E-7	-1.190611E-3
1.981000E-7	-1.550365E-3
1.982000E-7	-1.918685E-3
1.983000E-7	-2.021472E-3
1.984000E-7	-1.884423E-3
1.985000E-7	-1.242005E-3
1.986000E-7	-5.053658E-4
1.987000E-7	1.456175E-4
1.988000E-7	4.968059E-4
1.989000E-7	3.426256E-4
1.990000E-7	-2.141364E-4
1.991000E-7	-9.165132E-4
1.992000E-7	-1.541800E-3
1.993000E-7	-1.781636E-3
1.994000E-7	-1.593193E-3
1.995000E-7	-1.113521E-3
1.996000E-7	-7.965952E-4
1.997000E-7	-5.738904E-4
1.998000E-7	-4.197101E-4
1.999000E-7	-4.197101E-4
2.000000E-7	-4.111446E-4
2.001000E-7	-2.483987E-4
