Study Name	044_18
Sample Name	2024-10-03
Run Name	spot00
Operator	Elena
Date	10/3/2024
Time	15:10
Sign	FIX
Grating Spacing	06.40um
Channel	3
Number Traces	2000
Files in Batch	6
Batch Number	262
dt	100.000001E-12
time stamp (ms)	3:59:21 PM
	
Time	Amplitude
0.000000E+0	1.250567E-3
1.000000E-10	6.595424E-4
2.000000E-10	5.995249E-5
3.000000E-10	-7.280800E-4
4.000000E-10	-1.430457E-3
5.000000E-10	-1.516112E-3
6.000000E-10	-1.104965E-3
7.000000E-10	-2.569736E-4
8.000000E-10	5.481900E-4
9.000000E-10	1.036427E-3
1.000000E-9	1.456140E-3
1.100000E-9	1.259132E-3
1.200000E-9	7.366325E-4
1.300000E-9	4.025753E-4
1.400000E-9	3.340507E-4
1.500000E-9	4.625343E-4
1.600000E-9	1.096386E-3
1.700000E-9	1.704542E-3
1.800000E-9	1.944378E-3
1.900000E-9	1.747370E-3
2.000000E-9	1.164911E-3
2.100000E-9	5.224933E-4
2.200000E-9	1.712464E-5
2.300000E-9	-3.597604E-4
2.400000E-9	-1.970146E-4
2.500000E-9	-5.139992E-5
2.600000E-9	2.740917E-4
2.700000E-9	2.312639E-4
2.800000E-9	3.426163E-4
2.900000E-9	5.481900E-4
3.000000E-9	6.252801E-4
3.100000E-9	7.623292E-4
3.200000E-9	7.794604E-4
3.300000E-9	8.736817E-4
3.400000E-9	5.824523E-4
3.500000E-9	4.967966E-4
3.600000E-9	2.912229E-4
3.700000E-9	3.768786E-4
3.800000E-9	3.768786E-4
3.900000E-9	4.796654E-4
4.000000E-9	5.053621E-4
4.100000E-9	5.910178E-4
4.200000E-9	6.509768E-4
4.300000E-9	5.738867E-4
4.400000E-9	8.394194E-4
4.500000E-9	6.938047E-4
4.600000E-9	5.224933E-4
4.700000E-9	1.970016E-4
4.800000E-9	-8.566220E-5
4.900000E-9	-8.566220E-5
5.000000E-9	7.708363E-5
5.100000E-9	4.368376E-4
5.200000E-9	6.167146E-4
5.300000E-9	1.207739E-3
5.400000E-9	1.190608E-3
5.500000E-9	1.361919E-3
5.600000E-9	1.087821E-3
5.700000E-9	7.623292E-4
5.800000E-9	4.111409E-4
5.900000E-9	3.426163E-4
6.000000E-9	4.282135E-5
6.100000E-9	8.559073E-6
6.200000E-9	1.970016E-4
6.300000E-9	1.027803E-4
6.400000E-9	7.708363E-5
6.500000E-9	-5.996549E-5
6.600000E-9	7.708363E-5
6.700000E-9	3.254852E-4
6.800000E-9	5.310589E-4
6.900000E-9	7.023703E-4
7.000000E-9	1.070690E-3
7.100000E-9	1.267698E-3
7.200000E-9	1.319091E-3
7.300000E-9	1.413313E-3
7.400000E-9	1.396181E-3
7.500000E-9	1.353354E-3
7.600000E-9	1.293395E-3
7.700000E-9	1.224870E-3
7.800000E-9	5.738867E-4
7.900000E-9	-8.572068E-6
8.000000E-9	-4.539817E-4
8.100000E-9	-6.167275E-4
8.200000E-9	-3.940227E-4
8.300000E-9	2.141328E-4
8.400000E-9	8.908128E-4
8.500000E-9	1.327657E-3
8.600000E-9	1.576058E-3
8.700000E-9	1.224870E-3
8.800000E-9	4.796654E-4
8.900000E-9	2.569021E-5
9.000000E-9	-6.497430E-9
9.100000E-9	3.511819E-4
9.200000E-9	7.195014E-4
9.300000E-9	1.250567E-3
9.400000E-9	1.610321E-3
9.500000E-9	1.618886E-3
9.600000E-9	8.651161E-4
9.700000E-9	3.426163E-4
9.800000E-9	-9.422777E-5
9.900000E-9	-3.254982E-4
1.000000E-8	-2.227113E-4
1.010000E-8	1.113459E-4
1.020000E-8	3.426163E-4
1.030000E-8	6.081490E-4
1.040000E-8	9.507718E-4
1.050000E-8	1.336222E-3
1.060000E-8	1.533231E-3
1.070000E-8	1.490403E-3
1.080000E-8	1.327657E-3
1.090000E-8	9.336407E-4
1.100000E-8	5.481900E-4
1.110000E-8	2.483950E-4
1.120000E-8	5.824523E-4
1.130000E-8	8.736817E-4
1.140000E-8	1.156345E-3
1.150000E-8	1.447575E-3
1.160000E-8	1.199173E-3
1.170000E-8	8.565505E-4
1.180000E-8	4.539687E-4
1.190000E-8	1.284771E-4
1.200000E-8	-9.422777E-5
1.210000E-8	2.569021E-5
1.220000E-8	2.569021E-5
1.230000E-8	1.113459E-4
1.240000E-8	1.284771E-4
1.250000E-8	-8.572068E-6
1.260000E-8	2.312639E-4
1.270000E-8	2.226983E-4
1.280000E-8	1.970016E-4
1.290000E-8	1.884360E-4
1.300000E-8	3.083540E-4
1.310000E-8	4.025753E-4
1.320000E-8	3.340507E-4
1.330000E-8	5.224933E-4
1.340000E-8	6.424113E-4
1.350000E-8	6.595424E-4
1.360000E-8	8.222882E-4
1.370000E-8	1.130649E-3
1.380000E-8	1.224870E-3
1.390000E-8	1.439009E-3
1.400000E-8	1.344788E-3
1.410000E-8	1.284829E-3
1.420000E-8	1.096386E-3
1.430000E-8	1.216304E-3
1.440000E-8	1.387616E-3
1.450000E-8	2.055730E-3
1.460000E-8	2.518271E-3
1.470000E-8	2.569665E-3
1.480000E-8	2.295566E-3
1.490000E-8	1.927247E-3
1.500000E-8	1.010731E-3
1.510000E-8	2.312639E-4
1.520000E-8	8.559073E-6
1.530000E-8	-5.139992E-5
1.540000E-8	2.912229E-4
1.550000E-8	1.044993E-3
1.560000E-8	1.490403E-3
1.570000E-8	1.541796E-3
1.580000E-8	1.370485E-3
1.590000E-8	9.507718E-4
1.600000E-8	3.854442E-4
1.610000E-8	-2.141458E-4
1.620000E-8	-9.165225E-4
1.630000E-8	-8.651291E-4
1.640000E-8	-7.880390E-4
1.650000E-8	-4.454161E-4
1.660000E-8	2.826573E-4
1.670000E-8	7.280670E-4
1.680000E-8	1.053559E-3
1.690000E-8	1.139214E-3
1.700000E-8	1.147780E-3
1.710000E-8	8.822472E-4
1.720000E-8	4.796654E-4
1.730000E-8	5.995249E-5
1.740000E-8	-1.884490E-4
1.750000E-8	-4.368506E-4
1.760000E-8	-5.053751E-4
1.770000E-8	-3.511949E-4
1.780000E-8	-2.141458E-4
1.790000E-8	2.141328E-4
1.800000E-8	4.710999E-4
1.810000E-8	8.651161E-4
1.820000E-8	1.036427E-3
1.830000E-8	1.002165E-3
1.840000E-8	1.173477E-3
1.850000E-8	1.396181E-3
1.860000E-8	1.516099E-3
1.870000E-8	1.481837E-3
1.880000E-8	1.293395E-3
1.890000E-8	8.479849E-4
1.900000E-8	4.111409E-4
1.910000E-8	3.169196E-4
1.920000E-8	1.456082E-4
1.930000E-8	1.970016E-4
1.940000E-8	1.199115E-4
1.950000E-8	-2.484080E-4
1.960000E-8	-5.225063E-4
1.970000E-8	-8.565635E-4
1.980000E-8	-9.850471E-4
1.990000E-8	-6.081620E-4
2.000000E-8	8.564920E-5
2.010000E-8	1.284829E-3
2.020000E-8	2.903722E-3
2.030000E-8	5.216426E-3
2.040000E-8	8.248638E-3
2.050000E-8	1.208601E-2
2.060000E-8	1.640306E-2
2.070000E-8	1.988068E-2
2.080000E-8	2.234757E-2
2.090000E-8	2.280154E-2
2.100000E-8	2.081433E-2
2.110000E-8	1.695982E-2
2.120000E-8	1.199179E-2
2.130000E-8	6.586917E-3
2.140000E-8	1.970075E-3
2.150000E-8	-1.267711E-3
2.160000E-8	-3.529021E-3
2.170000E-8	-4.282792E-3
2.180000E-8	-3.982997E-3
2.190000E-8	-2.501153E-3
2.200000E-8	-1.370556E-4
2.210000E-8	3.066468E-3
2.220000E-8	7.015195E-3
2.230000E-8	1.134937E-2
2.240000E-8	1.537519E-2
2.250000E-8	1.858728E-2
2.260000E-8	2.082289E-2
2.270000E-8	2.173085E-2
2.280000E-8	2.129400E-2
2.290000E-8	1.960658E-2
2.300000E-8	1.730245E-2
2.310000E-8	1.430450E-2
2.320000E-8	1.118663E-2
2.330000E-8	8.103023E-3
2.340000E-8	5.284950E-3
2.350000E-8	3.306304E-3
2.360000E-8	2.124255E-3
2.370000E-8	2.261304E-3
2.380000E-8	3.520443E-3
2.390000E-8	6.501261E-3
2.400000E-8	1.009024E-2
2.410000E-8	1.438159E-2
2.420000E-8	1.858728E-2
2.430000E-8	2.196212E-2
2.440000E-8	2.470310E-2
2.450000E-8	2.650187E-2
2.460000E-8	2.705006E-2
2.470000E-8	2.645047E-2
2.480000E-8	2.501146E-2
2.490000E-8	2.209916E-2
2.500000E-8	1.820183E-2
2.510000E-8	1.391905E-2
2.520000E-8	9.456383E-3
2.530000E-8	6.013024E-3
2.540000E-8	4.222820E-3
2.550000E-8	3.982984E-3
2.560000E-8	5.619008E-3
2.570000E-8	8.831096E-3
2.580000E-8	1.260851E-2
2.590000E-8	1.713970E-2
2.600000E-8	2.119978E-2
2.610000E-8	2.472023E-2
2.620000E-8	2.743551E-2
2.630000E-8	2.893449E-2
2.640000E-8	2.918289E-2
2.650000E-8	2.861756E-2
2.660000E-8	2.752117E-2
2.670000E-8	2.580806E-2
2.680000E-8	2.336687E-2
2.690000E-8	2.032609E-2
2.700000E-8	1.666859E-2
2.710000E-8	1.308818E-2
2.720000E-8	1.037290E-2
2.730000E-8	9.447817E-3
2.740000E-8	1.032151E-2
2.750000E-8	1.325093E-2
2.760000E-8	1.683990E-2
2.770000E-8	2.072011E-2
2.780000E-8	2.406068E-2
2.790000E-8	2.659609E-2
2.800000E-8	2.853191E-2
2.810000E-8	2.987670E-2
2.820000E-8	3.040777E-2
2.830000E-8	3.029642E-2
2.840000E-8	2.915719E-2
2.850000E-8	2.709289E-2
2.860000E-8	2.463457E-2
2.870000E-8	2.192785E-2
2.880000E-8	1.937531E-2
2.890000E-8	1.719966E-2
2.900000E-8	1.542659E-2
2.910000E-8	1.418458E-2
2.920000E-8	1.368777E-2
2.930000E-8	1.439015E-2
2.940000E-8	1.601761E-2
2.950000E-8	1.860441E-2
2.960000E-8	2.187646E-2
2.970000E-8	2.505429E-2
2.980000E-8	2.816359E-2
2.990000E-8	3.078465E-2
3.000000E-8	3.232646E-2
3.010000E-8	3.313162E-2
3.020000E-8	3.320871E-2
3.030000E-8	3.200953E-2
3.040000E-8	2.961117E-2
3.050000E-8	2.659609E-2
3.060000E-8	2.315273E-2
3.070000E-8	1.953806E-2
3.080000E-8	1.642876E-2
3.090000E-8	1.368777E-2
3.100000E-8	1.210314E-2
3.110000E-8	1.200036E-2
3.120000E-8	1.295114E-2
3.130000E-8	1.516105E-2
3.140000E-8	1.840740E-2
3.150000E-8	2.215912E-2
3.160000E-8	2.597937E-2
3.170000E-8	2.941416E-2
3.180000E-8	3.171830E-2
3.190000E-8	3.285752E-2
3.200000E-8	3.275473E-2
3.210000E-8	3.129859E-2
3.220000E-8	2.872035E-2
3.230000E-8	2.580806E-2
3.240000E-8	2.233043E-2
3.250000E-8	1.913548E-2
3.260000E-8	1.608613E-2
3.270000E-8	1.367921E-2
3.280000E-8	1.217167E-2
3.290000E-8	1.196610E-2
3.300000E-8	1.278839E-2
3.310000E-8	1.496404E-2
3.320000E-8	1.803908E-2
3.330000E-8	2.146531E-2
3.340000E-8	2.507998E-2
3.350000E-8	2.844625E-2
3.360000E-8	3.086174E-2
3.370000E-8	3.235215E-2
3.380000E-8	3.237785E-2
3.390000E-8	3.101592E-2
3.400000E-8	2.857474E-2
3.410000E-8	2.548256E-2
3.420000E-8	2.227904E-2
3.430000E-8	1.930679E-2
3.440000E-8	1.684847E-2
3.450000E-8	1.473277E-2
3.460000E-8	1.329376E-2
3.470000E-8	1.253999E-2
3.480000E-8	1.224019E-2
3.490000E-8	1.317384E-2
3.500000E-8	1.504970E-2
3.510000E-8	1.761081E-2
3.520000E-8	2.116552E-2
3.530000E-8	2.460031E-2
3.540000E-8	2.762396E-2
3.550000E-8	2.996236E-2
3.560000E-8	3.162408E-2
3.570000E-8	3.206092E-2
3.580000E-8	3.128146E-2
3.590000E-8	2.928568E-2
3.600000E-8	2.579949E-2
3.610000E-8	2.155953E-2
3.620000E-8	1.724249E-2
3.630000E-8	1.304536E-2
3.640000E-8	9.936055E-3
3.650000E-8	8.419949E-3
3.660000E-8	8.325728E-3
3.670000E-8	1.022728E-2
3.680000E-8	1.343081E-2
3.690000E-8	1.766220E-2
3.700000E-8	2.198781E-2
3.710000E-8	2.606502E-2
3.720000E-8	2.936277E-2
3.730000E-8	3.148703E-2
3.740000E-8	3.251490E-2
3.750000E-8	3.200953E-2
3.760000E-8	3.031355E-2
3.770000E-8	2.763252E-2
3.780000E-8	2.376945E-2
3.790000E-8	1.970937E-2
3.800000E-8	1.568355E-2
3.810000E-8	1.218023E-2
3.820000E-8	9.387858E-3
3.830000E-8	8.214375E-3
3.840000E-8	8.257203E-3
3.850000E-8	9.773309E-3
3.860000E-8	1.265991E-2
3.870000E-8	1.607757E-2
3.880000E-8	2.001773E-2
3.890000E-8	2.370093E-2
3.900000E-8	2.655326E-2
3.910000E-8	2.831777E-2
3.920000E-8	2.922572E-2
3.930000E-8	2.860900E-2
3.940000E-8	2.736699E-2
3.950000E-8	2.523416E-2
3.960000E-8	2.235613E-2
3.970000E-8	1.892134E-2
3.980000E-8	1.558933E-2
3.990000E-8	1.257425E-2
4.000000E-8	1.021015E-2
4.010000E-8	9.148022E-3
4.020000E-8	9.010973E-3
4.030000E-8	1.006454E-2
4.040000E-8	1.216310E-2
4.050000E-8	1.468138E-2
4.060000E-8	1.734527E-2
4.070000E-8	1.997490E-2
4.080000E-8	2.222765E-2
4.090000E-8	2.434334E-2
4.100000E-8	2.606502E-2
4.110000E-8	2.704150E-2
4.120000E-8	2.713572E-2
4.130000E-8	2.623633E-2
4.140000E-8	2.413777E-2
4.150000E-8	2.128544E-2
4.160000E-8	1.766220E-2
4.170000E-8	1.419314E-2
4.180000E-8	1.120376E-2
4.190000E-8	9.028104E-3
4.200000E-8	8.154416E-3
4.210000E-8	8.531301E-3
4.220000E-8	9.884661E-3
4.230000E-8	1.238581E-2
4.240000E-8	1.529810E-2
4.250000E-8	1.848449E-2
4.260000E-8	2.139679E-2
4.270000E-8	2.373519E-2
4.280000E-8	2.545687E-2
4.290000E-8	2.588515E-2
4.300000E-8	2.574810E-2
4.310000E-8	2.452322E-2
4.320000E-8	2.252744E-2
4.330000E-8	1.972650E-2
4.340000E-8	1.668572E-2
4.350000E-8	1.342224E-2
4.360000E-8	1.033864E-2
4.370000E-8	8.060195E-3
4.380000E-8	6.424171E-3
4.390000E-8	6.466999E-3
4.400000E-8	7.923146E-3
4.410000E-8	1.018446E-2
4.420000E-8	1.332802E-2
4.430000E-8	1.678851E-2
4.440000E-8	1.984642E-2
4.450000E-8	2.229617E-2
4.460000E-8	2.373519E-2
4.470000E-8	2.412920E-2
4.480000E-8	2.361527E-2
4.490000E-8	2.224478E-2
4.500000E-8	2.020617E-2
4.510000E-8	1.788490E-2
4.520000E-8	1.530667E-2
4.530000E-8	1.283978E-2
4.540000E-8	1.092966E-2
4.550000E-8	9.524908E-3
4.560000E-8	8.685482E-3
4.570000E-8	8.839662E-3
4.580000E-8	9.696219E-3
4.590000E-8	1.108384E-2
4.600000E-8	1.268560E-2
4.610000E-8	1.452720E-2
4.620000E-8	1.620605E-2
4.630000E-8	1.785921E-2
4.640000E-8	1.916117E-2
4.650000E-8	2.012908E-2
4.660000E-8	2.050597E-2
4.670000E-8	2.061732E-2
4.680000E-8	1.976076E-2
4.690000E-8	1.833031E-2
4.700000E-8	1.628314E-2
4.710000E-8	1.414175E-2
4.720000E-8	1.218880E-2
4.730000E-8	1.027868E-2
4.740000E-8	8.651219E-3
4.750000E-8	7.469171E-3
4.760000E-8	7.229335E-3
4.770000E-8	7.280728E-3
4.780000E-8	8.300031E-3
4.790000E-8	9.970317E-3
4.800000E-8	1.227446E-2
4.810000E-8	1.494691E-2
4.820000E-8	1.744806E-2
4.830000E-8	1.934105E-2
4.840000E-8	2.058306E-2
4.850000E-8	2.084003E-2
4.860000E-8	2.004343E-2
4.870000E-8	1.863011E-2
4.880000E-8	1.650585E-2
4.890000E-8	1.406466E-2
4.900000E-8	1.173482E-2
4.910000E-8	9.567735E-3
4.920000E-8	7.494867E-3
4.930000E-8	6.235729E-3
4.940000E-8	5.678967E-3
4.950000E-8	6.047286E-3
4.960000E-8	7.246466E-3
4.970000E-8	9.225113E-3
4.980000E-8	1.161491E-2
4.990000E-8	1.438159E-2
5.000000E-8	1.689130E-2
5.010000E-8	1.881855E-2
5.020000E-8	1.995777E-2
5.030000E-8	2.048027E-2
5.040000E-8	1.997490E-2
5.050000E-8	1.862154E-2
5.060000E-8	1.679708E-2
5.070000E-8	1.439015E-2
5.080000E-8	1.197466E-2
5.090000E-8	9.593432E-3
5.100000E-8	7.212204E-3
5.110000E-8	5.764622E-3
5.120000E-8	5.010852E-3
5.130000E-8	5.053680E-3
5.140000E-8	5.978761E-3
5.150000E-8	7.846056E-3
5.160000E-8	9.730481E-3
5.170000E-8	1.206032E-2
5.180000E-8	1.416745E-2
5.190000E-8	1.586343E-2
5.200000E-8	1.717396E-2
5.210000E-8	1.812474E-2
5.220000E-8	1.837314E-2
5.230000E-8	1.805622E-2
5.240000E-8	1.713970E-2
5.250000E-8	1.552081E-2
5.260000E-8	1.344794E-2
5.270000E-8	1.115237E-2
5.280000E-8	8.685482E-3
5.290000E-8	6.861015E-3
5.300000E-8	5.353475E-3
5.310000E-8	4.505483E-3
5.320000E-8	4.479787E-3
5.330000E-8	5.302081E-3
5.340000E-8	6.775360E-3
5.350000E-8	8.908186E-3
5.360000E-8	1.144360E-2
5.370000E-8	1.379056E-2
5.380000E-8	1.544372E-2
5.390000E-8	1.678851E-2
5.400000E-8	1.754228E-2
5.410000E-8	1.774785E-2
5.420000E-8	1.720822E-2
5.430000E-8	1.574351E-2
5.440000E-8	1.332802E-2
5.450000E-8	1.023585E-2
5.460000E-8	6.723966E-3
5.470000E-8	3.820238E-3
5.480000E-8	2.030034E-3
5.490000E-8	1.473272E-3
5.500000E-8	2.192779E-3
5.510000E-8	4.085770E-3
5.520000E-8	6.295688E-3
5.530000E-8	8.865359E-3
5.540000E-8	1.111810E-2
5.550000E-8	1.327663E-2
5.560000E-8	1.504970E-2
5.570000E-8	1.633454E-2
5.580000E-8	1.690843E-2
5.590000E-8	1.675425E-2
5.600000E-8	1.581204E-2
5.610000E-8	1.430450E-2
5.620000E-8	1.241150E-2
5.630000E-8	1.012450E-2
5.640000E-8	7.717572E-3
5.650000E-8	5.490524E-3
5.660000E-8	3.631795E-3
5.670000E-8	2.526837E-3
5.680000E-8	2.569665E-3
5.690000E-8	3.914459E-3
5.700000E-8	6.398474E-3
5.710000E-8	9.113760E-3
5.720000E-8	1.156351E-2
5.730000E-8	1.352503E-2
5.740000E-8	1.480130E-2
5.750000E-8	1.540089E-2
5.760000E-8	1.502400E-2
5.770000E-8	1.451863E-2
5.780000E-8	1.337085E-2
5.790000E-8	1.182905E-2
5.800000E-8	9.961752E-3
5.810000E-8	8.137285E-3
5.820000E-8	6.492696E-3
5.830000E-8	5.139336E-3
5.840000E-8	4.334172E-3
5.850000E-8	3.648926E-3
5.860000E-8	3.546140E-3
5.870000E-8	3.845935E-3
5.880000E-8	4.522615E-3
5.890000E-8	5.747491E-3
5.900000E-8	7.897449E-3
5.910000E-8	1.014163E-2
5.920000E-8	1.233441E-2
5.930000E-8	1.427880E-2
5.940000E-8	1.511822E-2
5.950000E-8	1.526384E-2
5.960000E-8	1.425310E-2
5.970000E-8	1.275413E-2
5.980000E-8	1.071552E-2
5.990000E-8	8.599826E-3
6.000000E-8	6.107245E-3
6.010000E-8	3.974418E-3
6.020000E-8	2.355525E-3
6.030000E-8	1.301960E-3
6.040000E-8	1.447575E-3
6.050000E-8	2.389788E-3
6.060000E-8	3.905893E-3
6.070000E-8	5.953065E-3
6.080000E-8	8.077326E-3
6.090000E-8	1.002171E-2
6.100000E-8	1.152925E-2
6.110000E-8	1.269417E-2
6.120000E-8	1.327663E-2
6.130000E-8	1.340511E-2
6.140000E-8	1.308818E-2
6.150000E-8	1.236868E-2
6.160000E-8	1.137507E-2
6.170000E-8	9.944620E-3
6.180000E-8	8.248638E-3
6.190000E-8	6.475565E-3
6.200000E-8	4.788147E-3
6.210000E-8	3.854500E-3
6.220000E-8	3.383394E-3
6.230000E-8	3.923025E-3
6.240000E-8	5.079377E-3
6.250000E-8	6.569786E-3
6.260000E-8	8.120154E-3
6.270000E-8	9.473514E-3
6.280000E-8	1.041573E-2
6.290000E-8	1.113523E-2
6.300000E-8	1.179478E-2
6.310000E-8	1.213741E-2
6.320000E-8	1.224876E-2
6.330000E-8	1.169200E-2
6.340000E-8	1.073265E-2
6.350000E-8	9.482080E-3
6.360000E-8	7.837490E-3
6.370000E-8	6.218597E-3
6.380000E-8	4.796713E-3
6.390000E-8	3.691754E-3
6.400000E-8	2.963681E-3
6.410000E-8	3.006509E-3
6.420000E-8	2.989377E-3
6.430000E-8	3.263476E-3
6.440000E-8	4.145729E-3
6.450000E-8	4.925196E-3
6.460000E-8	6.210032E-3
6.470000E-8	7.683310E-3
6.480000E-8	8.813965E-3
6.490000E-8	9.610563E-3
6.500000E-8	1.002171E-2
6.510000E-8	9.704785E-3
6.520000E-8	9.267940E-3
6.530000E-8	8.788268E-3
6.540000E-8	8.128720E-3
6.550000E-8	7.554826E-3
6.560000E-8	6.304253E-3
6.570000E-8	5.045114E-3
6.580000E-8	4.025811E-3
6.590000E-8	3.203517E-3
6.600000E-8	2.638189E-3
6.610000E-8	2.809501E-3
6.620000E-8	3.469049E-3
6.630000E-8	4.531180E-3
6.640000E-8	6.038720E-3
6.650000E-8	7.674744E-3
6.660000E-8	9.276506E-3
6.670000E-8	1.044999E-2
6.680000E-8	1.107528E-2
6.690000E-8	1.095536E-2
6.700000E-8	1.026155E-2
6.710000E-8	9.242244E-3
6.720000E-8	7.846056E-3
6.730000E-8	6.458433E-3
6.740000E-8	5.019418E-3
6.750000E-8	3.443353E-3
6.760000E-8	2.115689E-3
6.770000E-8	1.319091E-3
6.780000E-8	1.062124E-3
6.790000E-8	1.379050E-3
6.800000E-8	2.321263E-3
6.810000E-8	3.828803E-3
6.820000E-8	5.404868E-3
6.830000E-8	7.092286E-3
6.840000E-8	8.531301E-3
6.850000E-8	9.661957E-3
6.860000E-8	1.045855E-2
6.870000E-8	1.091253E-2
6.880000E-8	1.064700E-2
6.890000E-8	1.018446E-2
6.900000E-8	8.882490E-3
6.910000E-8	7.160810E-3
6.920000E-8	5.610442E-3
6.930000E-8	4.085770E-3
6.940000E-8	2.826632E-3
6.950000E-8	2.089993E-3
6.960000E-8	1.755935E-3
6.970000E-8	1.987206E-3
6.980000E-8	2.569665E-3
6.990000E-8	3.229213E-3
7.000000E-8	4.299910E-3
7.010000E-8	5.601876E-3
7.020000E-8	6.723966E-3
7.030000E-8	8.000236E-3
7.040000E-8	8.882490E-3
7.050000E-8	9.413555E-3
7.060000E-8	9.464949E-3
7.070000E-8	9.036670E-3
7.080000E-8	8.359990E-3
7.090000E-8	7.272163E-3
7.100000E-8	6.167204E-3
7.110000E-8	4.788147E-3
7.120000E-8	3.391959E-3
7.130000E-8	2.098558E-3
7.140000E-8	1.404747E-3
7.150000E-8	1.122083E-3
7.160000E-8	1.481837E-3
7.170000E-8	2.321263E-3
7.180000E-8	3.640361E-3
7.190000E-8	5.045114E-3
7.200000E-8	6.252860E-3
7.210000E-8	7.340687E-3
7.220000E-8	8.085892E-3
7.230000E-8	8.128720E-3
7.240000E-8	7.940277E-3
7.250000E-8	7.366384E-3
7.260000E-8	6.621179E-3
7.270000E-8	5.970196E-3
7.280000E-8	5.387737E-3
7.290000E-8	4.197123E-3
7.300000E-8	3.134992E-3
7.310000E-8	2.244173E-3
7.320000E-8	1.541796E-3
7.330000E-8	1.404747E-3
7.340000E-8	1.687411E-3
7.350000E-8	2.269870E-3
7.360000E-8	3.134992E-3
7.370000E-8	4.111467E-3
7.380000E-8	5.156467E-3
7.390000E-8	6.312819E-3
7.400000E-8	7.494867E-3
7.410000E-8	8.428515E-3
7.420000E-8	8.856793E-3
7.430000E-8	9.028104E-3
7.440000E-8	8.111588E-3
7.450000E-8	7.195072E-3
7.460000E-8	6.141507E-3
7.470000E-8	4.676795E-3
7.480000E-8	3.597533E-3
7.490000E-8	3.100730E-3
7.500000E-8	2.912287E-3
7.510000E-8	3.349131E-3
7.520000E-8	3.760279E-3
7.530000E-8	4.625401E-3
7.540000E-8	5.430565E-3
7.550000E-8	5.944499E-3
7.560000E-8	6.107245E-3
7.570000E-8	6.132942E-3
7.580000E-8	6.175770E-3
7.590000E-8	6.407040E-3
7.600000E-8	6.569786E-3
7.610000E-8	7.058023E-3
7.620000E-8	7.152245E-3
7.630000E-8	6.963802E-3
7.640000E-8	6.407040E-3
7.650000E-8	5.387737E-3
7.660000E-8	4.060074E-3
7.670000E-8	2.878025E-3
7.680000E-8	1.850157E-3
7.690000E-8	1.276263E-3
7.700000E-8	1.319091E-3
7.710000E-8	1.439009E-3
7.720000E-8	1.978640E-3
7.730000E-8	2.792369E-3
7.740000E-8	3.691754E-3
7.750000E-8	4.505483E-3
7.760000E-8	5.816016E-3
7.770000E-8	6.681138E-3
7.780000E-8	7.546261E-3
7.790000E-8	7.991670E-3
7.800000E-8	7.854621E-3
7.810000E-8	7.443474E-3
7.820000E-8	6.826753E-3
7.830000E-8	5.773188E-3
7.840000E-8	4.616836E-3
7.850000E-8	3.520443E-3
7.860000E-8	2.364091E-3
7.870000E-8	1.396181E-3
7.880000E-8	9.679029E-4
7.890000E-8	9.422062E-4
7.900000E-8	1.507534E-3
7.910000E-8	2.526837E-3
7.920000E-8	3.760279E-3
7.930000E-8	5.216426E-3
7.940000E-8	6.569786E-3
7.950000E-8	7.683310E-3
7.960000E-8	8.060195E-3
7.970000E-8	7.983105E-3
7.980000E-8	7.263597E-3
7.990000E-8	6.235729E-3
8.000000E-8	4.830975E-3
8.010000E-8	3.691754E-3
8.020000E-8	2.878025E-3
8.030000E-8	2.492574E-3
8.040000E-8	2.287001E-3
8.050000E-8	2.466878E-3
8.060000E-8	2.603927E-3
8.070000E-8	2.775238E-3
8.080000E-8	2.955115E-3
8.090000E-8	3.426222E-3
8.100000E-8	3.597533E-3
8.110000E-8	3.991549E-3
8.120000E-8	4.531180E-3
8.130000E-8	4.933762E-3
8.140000E-8	5.310647E-3
8.150000E-8	5.421999E-3
8.160000E-8	5.284950E-3
8.170000E-8	4.719623E-3
8.180000E-8	4.102902E-3
8.190000E-8	3.400525E-3
8.200000E-8	3.092164E-3
8.210000E-8	2.997943E-3
8.220000E-8	2.809501E-3
8.230000E-8	2.818066E-3
8.240000E-8	2.501140E-3
8.250000E-8	2.047165E-3
8.260000E-8	1.678845E-3
8.270000E-8	1.661714E-3
8.280000E-8	1.713108E-3
8.290000E-8	2.424050E-3
8.300000E-8	3.194951E-3
8.310000E-8	3.863066E-3
8.320000E-8	4.539746E-3
8.330000E-8	4.968024E-3
8.340000E-8	5.036549E-3
8.350000E-8	4.762451E-3
8.360000E-8	4.239951E-3
8.370000E-8	3.708885E-3
8.380000E-8	2.878025E-3
8.390000E-8	2.278435E-3
8.400000E-8	1.995771E-3
8.410000E-8	1.867288E-3
8.420000E-8	2.132820E-3
8.430000E-8	2.287001E-3
8.440000E-8	2.124255E-3
8.450000E-8	2.167083E-3
8.460000E-8	1.995771E-3
8.470000E-8	2.235607E-3
8.480000E-8	2.655320E-3
8.490000E-8	3.323435E-3
8.500000E-8	4.257082E-3
8.510000E-8	5.387737E-3
8.520000E-8	5.970196E-3
8.530000E-8	6.235729E-3
8.540000E-8	6.141507E-3
8.550000E-8	5.696098E-3
8.560000E-8	4.693926E-3
8.570000E-8	3.708885E-3
8.580000E-8	2.543968E-3
8.590000E-8	1.678845E-3
8.600000E-8	1.430444E-3
8.610000E-8	1.533231E-3
8.620000E-8	1.773067E-3
8.630000E-8	2.321263E-3
8.640000E-8	2.835197E-3
8.650000E-8	3.186386E-3
8.660000E-8	3.494746E-3
8.670000E-8	3.640361E-3
8.680000E-8	3.820238E-3
8.690000E-8	4.042943E-3
8.700000E-8	4.137164E-3
8.710000E-8	4.197123E-3
8.720000E-8	4.171426E-3
8.730000E-8	3.657492E-3
8.740000E-8	2.835197E-3
8.750000E-8	2.227042E-3
8.760000E-8	1.464706E-3
8.770000E-8	1.002165E-3
8.780000E-8	9.079439E-4
8.790000E-8	1.147780E-3
8.800000E-8	1.601755E-3
8.810000E-8	2.055730E-3
8.820000E-8	2.466878E-3
8.830000E-8	2.681017E-3
8.840000E-8	3.006509E-3
8.850000E-8	3.520443E-3
8.860000E-8	3.863066E-3
8.870000E-8	4.488352E-3
8.880000E-8	4.334172E-3
8.890000E-8	4.222820E-3
8.900000E-8	4.008680E-3
8.910000E-8	3.828803E-3
8.920000E-8	3.400525E-3
8.930000E-8	3.134992E-3
8.940000E-8	2.638189E-3
8.950000E-8	2.329829E-3
8.960000E-8	1.892985E-3
8.970000E-8	1.558927E-3
8.980000E-8	1.336222E-3
8.990000E-8	1.430444E-3
9.000000E-8	1.242001E-3
9.010000E-8	1.027862E-3
9.020000E-8	9.422062E-4
9.030000E-8	8.394194E-4
9.040000E-8	1.250567E-3
9.050000E-8	1.918681E-3
9.060000E-8	2.706714E-3
9.070000E-8	3.580402E-3
9.080000E-8	4.162861E-3
9.090000E-8	4.137164E-3
9.100000E-8	3.511877E-3
9.110000E-8	2.681017E-3
9.120000E-8	1.456140E-3
9.130000E-8	4.282720E-4
9.140000E-8	5.995249E-5
9.150000E-8	-2.655392E-4
9.160000E-8	-1.456212E-4
9.170000E-8	7.708948E-4
9.180000E-8	1.284829E-3
9.190000E-8	2.124255E-3
9.200000E-8	2.603927E-3
9.210000E-8	2.972246E-3
9.220000E-8	3.220648E-3
9.230000E-8	3.537574E-3
9.240000E-8	3.871631E-3
9.250000E-8	4.214254E-3
9.260000E-8	4.471221E-3
9.270000E-8	4.471221E-3
9.280000E-8	4.317041E-3
9.290000E-8	3.837369E-3
9.300000E-8	3.246345E-3
9.310000E-8	2.792369E-3
9.320000E-8	2.278435E-3
9.330000E-8	1.610321E-3
9.340000E-8	1.010731E-3
9.350000E-8	6.938047E-4
9.360000E-8	5.481900E-4
9.370000E-8	9.935996E-4
9.380000E-8	1.892985E-3
9.390000E-8	2.543968E-3
9.400000E-8	3.040771E-3
9.410000E-8	3.015074E-3
9.420000E-8	2.432615E-3
9.430000E-8	1.833026E-3
9.440000E-8	1.173477E-3
9.450000E-8	9.764685E-4
9.460000E-8	8.908128E-4
9.470000E-8	1.199173E-3
9.480000E-8	1.070690E-3
9.490000E-8	1.182042E-3
9.500000E-8	1.242001E-3
9.510000E-8	1.173477E-3
9.520000E-8	9.250751E-4
9.530000E-8	1.002165E-3
9.540000E-8	1.139214E-3
9.550000E-8	1.370485E-3
9.560000E-8	1.550362E-3
9.570000E-8	1.661714E-3
9.580000E-8	1.824460E-3
9.590000E-8	2.072861E-3
9.600000E-8	2.235607E-3
9.610000E-8	2.509706E-3
9.620000E-8	2.929419E-3
9.630000E-8	2.955115E-3
9.640000E-8	3.075033E-3
9.650000E-8	2.946550E-3
9.660000E-8	2.878025E-3
9.670000E-8	2.595361E-3
9.680000E-8	2.535402E-3
9.690000E-8	2.543968E-3
9.700000E-8	2.621058E-3
9.710000E-8	2.612492E-3
9.720000E-8	2.364091E-3
9.730000E-8	2.346960E-3
9.740000E-8	2.261304E-3
9.750000E-8	2.167083E-3
9.760000E-8	2.192779E-3
9.770000E-8	2.458312E-3
9.780000E-8	2.526837E-3
9.790000E-8	2.715279E-3
9.800000E-8	2.749542E-3
9.810000E-8	2.638189E-3
9.820000E-8	2.372656E-3
9.830000E-8	2.209911E-3
9.840000E-8	1.970075E-3
9.850000E-8	1.678845E-3
9.860000E-8	1.490403E-3
9.870000E-8	1.447575E-3
9.880000E-8	1.421878E-3
9.890000E-8	1.618886E-3
9.900000E-8	1.807329E-3
9.910000E-8	2.004337E-3
9.920000E-8	2.269870E-3
9.930000E-8	2.492574E-3
9.940000E-8	2.501140E-3
9.950000E-8	2.689583E-3
9.960000E-8	2.287001E-3
9.970000E-8	2.098558E-3
9.980000E-8	1.841591E-3
9.990000E-8	1.781632E-3
1.000000E-7	1.644583E-3
1.001000E-7	1.755935E-3
1.002000E-7	1.687411E-3
1.003000E-7	1.790198E-3
1.004000E-7	1.892985E-3
1.005000E-7	1.644583E-3
1.006000E-7	1.370485E-3
1.007000E-7	1.259132E-3
1.008000E-7	9.507718E-4
1.009000E-7	1.027862E-3
1.010000E-7	1.336222E-3
1.011000E-7	1.618886E-3
1.012000E-7	2.218476E-3
1.013000E-7	2.792369E-3
1.014000E-7	2.929419E-3
1.015000E-7	3.143558E-3
1.016000E-7	3.177820E-3
1.017000E-7	3.092164E-3
1.018000E-7	3.272041E-3
1.019000E-7	3.297738E-3
1.020000E-7	3.220648E-3
1.021000E-7	2.946550E-3
1.022000E-7	2.364091E-3
1.023000E-7	1.584624E-3
1.024000E-7	9.507718E-4
1.025000E-7	5.053621E-4
1.026000E-7	3.511819E-4
1.027000E-7	4.967966E-4
1.028000E-7	1.336222E-3
1.029000E-7	1.970075E-3
1.030000E-7	2.355525E-3
1.031000E-7	2.424050E-3
1.032000E-7	2.089993E-3
1.033000E-7	1.644583E-3
1.034000E-7	1.516099E-3
1.035000E-7	1.618886E-3
1.036000E-7	1.824460E-3
1.037000E-7	2.124255E-3
1.038000E-7	1.918681E-3
1.039000E-7	1.327657E-3
1.040000E-7	7.366325E-4
1.041000E-7	2.912229E-4
1.042000E-7	-3.426878E-5
1.043000E-7	1.027803E-4
1.044000E-7	3.854442E-4
1.045000E-7	7.623292E-4
1.046000E-7	1.002165E-3
1.047000E-7	9.336407E-4
1.048000E-7	8.993784E-4
1.049000E-7	1.284829E-3
1.050000E-7	1.533231E-3
1.051000E-7	2.081427E-3
1.052000E-7	2.920853E-3
1.053000E-7	3.015074E-3
1.054000E-7	3.015074E-3
1.055000E-7	2.783804E-3
1.056000E-7	2.406919E-3
1.057000E-7	2.175648E-3
1.058000E-7	2.064296E-3
1.059000E-7	2.167083E-3
1.060000E-7	2.149952E-3
1.061000E-7	2.158517E-3
1.062000E-7	1.781632E-3
1.063000E-7	1.293395E-3
1.064000E-7	7.794604E-4
1.065000E-7	2.483950E-4
1.066000E-7	2.312639E-4
1.067000E-7	5.824523E-4
1.068000E-7	1.044993E-3
1.069000E-7	1.807329E-3
1.070000E-7	2.355525E-3
1.071000E-7	2.304132E-3
1.072000E-7	2.141386E-3
1.073000E-7	1.790198E-3
1.074000E-7	1.301960E-3
1.075000E-7	8.736817E-4
1.076000E-7	7.537637E-4
1.077000E-7	8.051571E-4
1.078000E-7	8.222882E-4
1.079000E-7	9.764685E-4
1.080000E-7	1.027862E-3
1.081000E-7	8.908128E-4
1.082000E-7	9.850341E-4
1.083000E-7	9.250751E-4
1.084000E-7	8.479849E-4
1.085000E-7	1.430444E-3
1.086000E-7	1.473272E-3
1.087000E-7	1.815894E-3
1.088000E-7	1.944378E-3
1.089000E-7	1.833026E-3
1.090000E-7	1.490403E-3
1.091000E-7	1.293395E-3
1.092000E-7	1.010731E-3
1.093000E-7	9.079439E-4
1.094000E-7	9.764685E-4
1.095000E-7	7.451981E-4
1.096000E-7	5.396244E-4
1.097000E-7	5.310589E-4
1.098000E-7	3.169196E-4
1.099000E-7	2.312639E-4
1.100000E-7	5.224933E-4
1.101000E-7	1.267698E-3
1.102000E-7	1.961509E-3
1.103000E-7	2.723845E-3
1.104000E-7	3.177820E-3
1.105000E-7	3.246345E-3
1.106000E-7	3.100730E-3
1.107000E-7	2.603927E-3
1.108000E-7	2.192779E-3
1.109000E-7	1.773067E-3
1.110000E-7	1.498968E-3
1.111000E-7	1.173477E-3
1.112000E-7	1.122083E-3
1.113000E-7	1.182042E-3
1.114000E-7	1.019296E-3
1.115000E-7	1.173477E-3
1.116000E-7	1.207739E-3
1.117000E-7	1.062124E-3
1.118000E-7	9.935996E-4
1.119000E-7	8.137227E-4
1.120000E-7	5.653211E-4
1.121000E-7	6.081490E-4
1.122000E-7	6.681080E-4
1.123000E-7	7.366325E-4
1.124000E-7	1.002165E-3
1.125000E-7	1.182042E-3
1.126000E-7	1.456140E-3
1.127000E-7	1.456140E-3
1.128000E-7	1.104952E-3
1.129000E-7	9.850341E-4
1.130000E-7	7.880260E-4
1.131000E-7	6.081490E-4
1.132000E-7	6.338457E-4
1.133000E-7	5.310589E-4
1.134000E-7	7.366325E-4
1.135000E-7	9.079439E-4
1.136000E-7	1.276263E-3
1.137000E-7	1.336222E-3
1.138000E-7	1.370485E-3
1.139000E-7	1.636017E-3
1.140000E-7	1.627452E-3
1.141000E-7	1.576058E-3
1.142000E-7	1.370485E-3
1.143000E-7	1.044993E-3
1.144000E-7	7.537637E-4
1.145000E-7	7.880260E-4
1.146000E-7	9.165095E-4
1.147000E-7	1.301960E-3
1.148000E-7	1.498968E-3
1.149000E-7	1.421878E-3
1.150000E-7	1.130649E-3
1.151000E-7	8.736817E-4
1.152000E-7	4.796654E-4
1.153000E-7	3.340507E-4
1.154000E-7	7.451981E-4
1.155000E-7	1.379050E-3
1.156000E-7	1.970075E-3
1.157000E-7	2.501140E-3
1.158000E-7	2.689583E-3
1.159000E-7	2.715279E-3
1.160000E-7	2.723845E-3
1.161000E-7	2.518271E-3
1.162000E-7	2.398353E-3
1.163000E-7	2.389788E-3
1.164000E-7	2.218476E-3
1.165000E-7	1.970075E-3
1.166000E-7	1.747370E-3
1.167000E-7	1.533231E-3
1.168000E-7	1.421878E-3
1.169000E-7	1.636017E-3
1.170000E-7	1.430444E-3
1.171000E-7	1.276263E-3
1.172000E-7	9.850341E-4
1.173000E-7	7.965915E-4
1.174000E-7	4.710999E-4
1.175000E-7	3.597474E-4
1.176000E-7	3.597474E-4
1.177000E-7	5.224933E-4
1.178000E-7	8.394194E-4
1.179000E-7	9.935996E-4
1.180000E-7	1.216304E-3
1.181000E-7	1.310526E-3
1.182000E-7	1.182042E-3
1.183000E-7	1.156345E-3
1.184000E-7	9.336407E-4
1.185000E-7	5.910178E-4
1.186000E-7	1.456082E-4
1.187000E-7	6.851806E-5
1.188000E-7	-3.511949E-4
1.189000E-7	-1.370556E-4
1.190000E-7	5.995249E-5
1.191000E-7	4.539687E-4
1.192000E-7	5.995834E-4
1.193000E-7	8.308538E-4
1.194000E-7	6.938047E-4
1.195000E-7	9.593374E-4
1.196000E-7	1.130649E-3
1.197000E-7	1.327657E-3
1.198000E-7	1.627452E-3
1.199000E-7	2.107124E-3
1.200000E-7	2.346960E-3
1.201000E-7	2.338394E-3
1.202000E-7	2.021468E-3
1.203000E-7	1.507534E-3
1.204000E-7	1.139214E-3
1.205000E-7	8.993784E-4
1.206000E-7	9.079439E-4
1.207000E-7	9.764685E-4
1.208000E-7	1.319091E-3
1.209000E-7	1.207739E-3
1.210000E-7	1.079255E-3
1.211000E-7	9.850341E-4
1.212000E-7	7.023703E-4
1.213000E-7	9.764685E-4
1.214000E-7	1.379050E-3
1.215000E-7	1.918681E-3
1.216000E-7	1.995771E-3
1.217000E-7	1.850157E-3
1.218000E-7	1.044993E-3
1.219000E-7	3.854442E-4
1.220000E-7	-2.570321E-5
1.221000E-7	1.627393E-4
1.222000E-7	4.882310E-4
1.223000E-7	1.199173E-3
1.224000E-7	1.439009E-3
1.225000E-7	1.344788E-3
1.226000E-7	1.524665E-3
1.227000E-7	1.156345E-3
1.228000E-7	1.147780E-3
1.229000E-7	1.464706E-3
1.230000E-7	1.516099E-3
1.231000E-7	1.464706E-3
1.232000E-7	1.199173E-3
1.233000E-7	8.308538E-4
1.234000E-7	8.137227E-4
1.235000E-7	1.224870E-3
1.236000E-7	1.610321E-3
1.237000E-7	1.833026E-3
1.238000E-7	2.047165E-3
1.239000E-7	2.012902E-3
1.240000E-7	1.815894E-3
1.241000E-7	1.918681E-3
1.242000E-7	1.755935E-3
1.243000E-7	1.593190E-3
1.244000E-7	1.456140E-3
1.245000E-7	1.044993E-3
1.246000E-7	7.708948E-4
1.247000E-7	6.595424E-4
1.248000E-7	7.280670E-4
1.249000E-7	1.122083E-3
1.250000E-7	1.456140E-3
1.251000E-7	1.361919E-3
1.252000E-7	1.439009E-3
1.253000E-7	1.113518E-3
1.254000E-7	6.766735E-4
1.255000E-7	4.368376E-4
1.256000E-7	4.111409E-4
1.257000E-7	6.766735E-4
1.258000E-7	8.394194E-4
1.259000E-7	1.053559E-3
1.260000E-7	6.338457E-4
1.261000E-7	1.199115E-4
1.262000E-7	-8.572068E-6
1.263000E-7	-2.398425E-4
1.264000E-7	2.055672E-4
1.265000E-7	1.027862E-3
1.266000E-7	1.747370E-3
1.267000E-7	2.167083E-3
1.268000E-7	2.269870E-3
1.269000E-7	2.098558E-3
1.270000E-7	1.319091E-3
1.271000E-7	9.507718E-4
1.272000E-7	3.511819E-4
1.273000E-7	2.569021E-5
1.274000E-7	-2.570321E-5
1.275000E-7	-8.572068E-6
1.276000E-7	-3.426878E-5
1.277000E-7	-2.570321E-5
1.278000E-7	-7.709663E-5
1.279000E-7	1.027803E-4
1.280000E-7	3.169196E-4
1.281000E-7	3.683130E-4
1.282000E-7	6.509768E-4
1.283000E-7	8.308538E-4
1.284000E-7	9.079439E-4
1.285000E-7	1.216304E-3
1.286000E-7	1.464706E-3
1.287000E-7	1.576058E-3
1.288000E-7	1.730239E-3
1.289000E-7	1.567493E-3
1.290000E-7	1.104952E-3
1.291000E-7	6.167146E-4
1.292000E-7	1.284771E-4
1.293000E-7	1.798705E-4
1.294000E-7	3.254852E-4
1.295000E-7	7.109358E-4
1.296000E-7	1.353354E-3
1.297000E-7	1.464706E-3
1.298000E-7	1.293395E-3
1.299000E-7	8.137227E-4
1.300000E-7	3.426163E-4
1.301000E-7	2.740917E-4
1.302000E-7	2.997885E-4
1.303000E-7	4.967966E-4
1.304000E-7	9.935996E-4
1.305000E-7	1.327657E-3
1.306000E-7	1.550362E-3
1.307000E-7	1.464706E-3
1.308000E-7	1.156345E-3
1.309000E-7	1.096386E-3
1.310000E-7	1.027862E-3
1.311000E-7	1.079255E-3
1.312000E-7	1.122083E-3
1.313000E-7	1.498968E-3
1.314000E-7	1.439009E-3
1.315000E-7	1.284829E-3
1.316000E-7	1.310526E-3
1.317000E-7	1.276263E-3
1.318000E-7	1.618886E-3
1.319000E-7	2.089993E-3
1.320000E-7	2.406919E-3
1.321000E-7	2.406919E-3
1.322000E-7	2.269870E-3
1.323000E-7	1.961509E-3
1.324000E-7	1.550362E-3
1.325000E-7	1.421878E-3
1.326000E-7	1.147780E-3
1.327000E-7	1.122083E-3
1.328000E-7	1.164911E-3
1.329000E-7	8.651161E-4
1.330000E-7	8.308538E-4
1.331000E-7	8.908128E-4
1.332000E-7	9.250751E-4
1.333000E-7	8.051571E-4
1.334000E-7	7.708948E-4
1.335000E-7	5.995834E-4
1.336000E-7	2.826573E-4
1.337000E-7	1.199115E-4
1.338000E-7	-1.798835E-4
1.339000E-7	-6.853106E-5
1.340000E-7	2.055672E-4
1.341000E-7	5.567556E-4
1.342000E-7	1.199173E-3
1.343000E-7	1.944378E-3
1.344000E-7	2.543968E-3
1.345000E-7	2.980812E-3
1.346000E-7	3.340566E-3
1.347000E-7	3.177820E-3
1.348000E-7	2.732410E-3
1.349000E-7	2.021468E-3
1.350000E-7	1.173477E-3
1.351000E-7	5.139277E-4
1.352000E-7	2.055672E-4
1.353000E-7	1.884360E-4
1.354000E-7	3.425578E-5
1.355000E-7	3.854442E-4
1.356000E-7	2.055672E-4
1.357000E-7	-6.497430E-9
1.358000E-7	-2.570321E-5
1.359000E-7	-2.569736E-4
1.360000E-7	-2.055802E-4
1.361000E-7	2.569606E-4
1.362000E-7	5.481900E-4
1.363000E-7	9.336407E-4
1.364000E-7	1.301960E-3
1.365000E-7	1.464706E-3
1.366000E-7	1.593190E-3
1.367000E-7	1.610321E-3
1.368000E-7	1.439009E-3
1.369000E-7	1.370485E-3
1.370000E-7	1.310526E-3
1.371000E-7	1.062124E-3
1.372000E-7	5.910178E-4
1.373000E-7	1.713049E-4
1.374000E-7	-3.254982E-4
1.375000E-7	-4.625473E-4
1.376000E-7	-1.884490E-4
1.377000E-7	-3.426878E-5
1.378000E-7	2.569606E-4
1.379000E-7	3.083540E-4
1.380000E-7	-5.139992E-5
1.381000E-7	-4.111539E-4
1.382000E-7	-5.824653E-4
1.383000E-7	-4.625473E-4
1.384000E-7	1.712464E-5
1.385000E-7	5.310589E-4
1.386000E-7	6.424113E-4
1.387000E-7	6.595424E-4
1.388000E-7	2.997885E-4
1.389000E-7	-6.853106E-5
1.390000E-7	-2.826703E-4
1.391000E-7	6.851806E-5
1.392000E-7	5.224933E-4
1.393000E-7	1.087821E-3
1.394000E-7	1.439009E-3
1.395000E-7	1.379050E-3
1.396000E-7	7.880260E-4
1.397000E-7	3.426163E-4
1.398000E-7	-2.312769E-4
1.399000E-7	-2.398425E-4
1.400000E-7	4.282135E-5
1.401000E-7	5.139277E-4
1.402000E-7	8.908128E-4
1.403000E-7	1.087821E-3
1.404000E-7	8.394194E-4
1.405000E-7	5.738867E-4
1.406000E-7	1.970016E-4
1.407000E-7	-1.627523E-4
1.408000E-7	-2.141458E-4
1.409000E-7	-1.713764E-5
1.410000E-7	-9.422777E-5
1.411000E-7	-3.169326E-4
1.412000E-7	-3.511949E-4
1.413000E-7	-6.766865E-4
1.414000E-7	-6.852521E-4
1.415000E-7	-4.111539E-4
1.416000E-7	-3.597604E-4
1.417000E-7	1.199115E-4
1.418000E-7	1.970016E-4
1.419000E-7	9.421477E-5
1.420000E-7	-1.713764E-5
1.421000E-7	-8.572068E-6
1.422000E-7	-1.798835E-4
1.423000E-7	-1.027933E-4
1.424000E-7	1.370426E-4
1.425000E-7	1.027803E-4
1.426000E-7	2.141328E-4
1.427000E-7	5.824523E-4
1.428000E-7	9.679029E-4
1.429000E-7	1.224870E-3
1.430000E-7	1.447575E-3
1.431000E-7	1.498968E-3
1.432000E-7	1.250567E-3
1.433000E-7	9.507718E-4
1.434000E-7	4.967966E-4
1.435000E-7	3.083540E-4
1.436000E-7	4.539687E-4
1.437000E-7	6.081490E-4
1.438000E-7	8.479849E-4
1.439000E-7	1.207739E-3
1.440000E-7	1.156345E-3
1.441000E-7	9.593374E-4
1.442000E-7	8.137227E-4
1.443000E-7	4.710999E-4
1.444000E-7	1.456082E-4
1.445000E-7	5.995249E-5
1.446000E-7	-1.713764E-5
1.447000E-7	9.421477E-5
1.448000E-7	4.454032E-4
1.449000E-7	7.708948E-4
1.450000E-7	8.736817E-4
1.451000E-7	8.222882E-4
1.452000E-7	6.509768E-4
1.453000E-7	6.852391E-4
1.454000E-7	8.222882E-4
1.455000E-7	1.216304E-3
1.456000E-7	1.661714E-3
1.457000E-7	2.201345E-3
1.458000E-7	2.244173E-3
1.459000E-7	2.089993E-3
1.460000E-7	1.576058E-3
1.461000E-7	1.079255E-3
1.462000E-7	6.509768E-4
1.463000E-7	4.625343E-4
1.464000E-7	4.539687E-4
1.465000E-7	6.595424E-4
1.466000E-7	9.250751E-4
1.467000E-7	1.130649E-3
1.468000E-7	1.027862E-3
1.469000E-7	6.424113E-4
1.470000E-7	-1.370556E-4
1.471000E-7	-5.995964E-4
1.472000E-7	-6.681210E-4
1.473000E-7	-4.368506E-4
1.474000E-7	4.282135E-5
1.475000E-7	4.882310E-4
1.476000E-7	7.451981E-4
1.477000E-7	4.625343E-4
1.478000E-7	1.370426E-4
1.479000E-7	-2.569736E-4
1.480000E-7	-2.655392E-4
1.481000E-7	4.197064E-4
1.482000E-7	1.019296E-3
1.483000E-7	1.387616E-3
1.484000E-7	1.259132E-3
1.485000E-7	8.479849E-4
1.486000E-7	3.511819E-4
1.487000E-7	8.564920E-5
1.488000E-7	1.541738E-4
1.489000E-7	7.195014E-4
1.490000E-7	1.284829E-3
1.491000E-7	1.439009E-3
1.492000E-7	1.361919E-3
1.493000E-7	1.344788E-3
1.494000E-7	1.173477E-3
1.495000E-7	1.353354E-3
1.496000E-7	1.841591E-3
1.497000E-7	2.218476E-3
1.498000E-7	2.287001E-3
1.499000E-7	2.038599E-3
1.500000E-7	1.310526E-3
1.501000E-7	4.625343E-4
1.502000E-7	-1.199245E-4
1.503000E-7	-4.368506E-4
1.504000E-7	-6.595554E-4
1.505000E-7	-5.310718E-4
1.506000E-7	-4.796784E-4
1.507000E-7	-1.370556E-4
1.508000E-7	9.421477E-5
1.509000E-7	4.882310E-4
1.510000E-7	6.081490E-4
1.511000E-7	8.993784E-4
1.512000E-7	1.002165E-3
1.513000E-7	8.308538E-4
1.514000E-7	7.451981E-4
1.515000E-7	5.824523E-4
1.516000E-7	5.567556E-4
1.517000E-7	8.394194E-4
1.518000E-7	6.424113E-4
1.519000E-7	6.338457E-4
1.520000E-7	5.053621E-4
1.521000E-7	1.798705E-4
1.522000E-7	-1.541868E-4
1.523000E-7	-4.283435E-5
1.524000E-7	1.712464E-5
1.525000E-7	5.481900E-4
1.526000E-7	9.250751E-4
1.527000E-7	1.259132E-3
1.528000E-7	1.293395E-3
1.529000E-7	1.087821E-3
1.530000E-7	8.137227E-4
1.531000E-7	5.224933E-4
1.532000E-7	3.768786E-4
1.533000E-7	4.368376E-4
1.534000E-7	7.451981E-4
1.535000E-7	1.019296E-3
1.536000E-7	9.507718E-4
1.537000E-7	8.993784E-4
1.538000E-7	5.910178E-4
1.539000E-7	1.713049E-4
1.540000E-7	-1.284900E-4
1.541000E-7	-6.853106E-5
1.542000E-7	6.851806E-5
1.543000E-7	3.340507E-4
1.544000E-7	7.794604E-4
1.545000E-7	1.147780E-3
1.546000E-7	1.396181E-3
1.547000E-7	1.661714E-3
1.548000E-7	1.584624E-3
1.549000E-7	1.104952E-3
1.550000E-7	7.366325E-4
1.551000E-7	1.456082E-4
1.552000E-7	-2.141458E-4
1.553000E-7	-6.853106E-5
1.554000E-7	9.421477E-5
1.555000E-7	6.167146E-4
1.556000E-7	9.165095E-4
1.557000E-7	1.344788E-3
1.558000E-7	1.695976E-3
1.559000E-7	1.618886E-3
1.560000E-7	1.267698E-3
1.561000E-7	9.079439E-4
1.562000E-7	7.023703E-4
1.563000E-7	4.368376E-4
1.564000E-7	4.796654E-4
1.565000E-7	7.794604E-4
1.566000E-7	1.156345E-3
1.567000E-7	1.421878E-3
1.568000E-7	1.567493E-3
1.569000E-7	1.524665E-3
1.570000E-7	1.002165E-3
1.571000E-7	5.481900E-4
1.572000E-7	-1.713764E-5
1.573000E-7	-2.141458E-4
1.574000E-7	-3.426293E-4
1.575000E-7	-4.111539E-4
1.576000E-7	-1.884490E-4
1.577000E-7	-4.283435E-5
1.578000E-7	1.884360E-4
1.579000E-7	1.713049E-4
1.580000E-7	3.083540E-4
1.581000E-7	4.368376E-4
1.582000E-7	7.280670E-4
1.583000E-7	1.182042E-3
1.584000E-7	1.250567E-3
1.585000E-7	1.576058E-3
1.586000E-7	1.456140E-3
1.587000E-7	1.113518E-3
1.588000E-7	7.109358E-4
1.589000E-7	4.025753E-4
1.590000E-7	3.169196E-4
1.591000E-7	2.826573E-4
1.592000E-7	5.224933E-4
1.593000E-7	6.938047E-4
1.594000E-7	1.002165E-3
1.595000E-7	1.516099E-3
1.596000E-7	1.610321E-3
1.597000E-7	1.833026E-3
1.598000E-7	1.533231E-3
1.599000E-7	8.308538E-4
1.600000E-7	3.340507E-4
1.601000E-7	1.456082E-4
1.602000E-7	7.708363E-5
1.603000E-7	-8.566220E-5
1.604000E-7	2.569021E-5
1.605000E-7	-1.798835E-4
1.606000E-7	-4.796784E-4
1.607000E-7	-6.766865E-4
1.608000E-7	-9.507848E-4
1.609000E-7	-8.908258E-4
1.610000E-7	-4.111539E-4
1.611000E-7	-2.655392E-4
1.612000E-7	-6.853106E-5
1.613000E-7	7.708363E-5
1.614000E-7	-6.853106E-5
1.615000E-7	-3.426878E-5
1.616000E-7	3.425578E-5
1.617000E-7	2.569021E-5
1.618000E-7	3.425578E-5
1.619000E-7	2.483950E-4
1.620000E-7	1.627393E-4
1.621000E-7	3.083540E-4
1.622000E-7	5.481900E-4
1.623000E-7	6.338457E-4
1.624000E-7	6.852391E-4
1.625000E-7	8.993784E-4
1.626000E-7	5.481900E-4
1.627000E-7	6.167146E-4
1.628000E-7	7.965915E-4
1.629000E-7	7.366325E-4
1.630000E-7	1.044993E-3
1.631000E-7	1.199173E-3
1.632000E-7	9.850341E-4
1.633000E-7	6.509768E-4
1.634000E-7	2.740917E-4
1.635000E-7	-5.996549E-5
1.636000E-7	-5.996549E-5
1.637000E-7	4.454032E-4
1.638000E-7	6.595424E-4
1.639000E-7	9.422062E-4
1.640000E-7	1.010731E-3
1.641000E-7	7.366325E-4
1.642000E-7	3.854442E-4
1.643000E-7	3.426163E-4
1.644000E-7	1.713049E-4
1.645000E-7	5.481900E-4
1.646000E-7	8.222882E-4
1.647000E-7	1.087821E-3
1.648000E-7	1.027862E-3
1.649000E-7	1.044993E-3
1.650000E-7	5.224933E-4
1.651000E-7	2.055672E-4
1.652000E-7	-8.566220E-5
1.653000E-7	-3.426293E-4
1.654000E-7	-4.968096E-4
1.655000E-7	-4.968096E-4
1.656000E-7	-5.053751E-4
1.657000E-7	-2.569736E-4
1.658000E-7	6.851806E-5
1.659000E-7	4.796654E-4
1.660000E-7	5.396244E-4
1.661000E-7	5.481900E-4
1.662000E-7	5.995249E-5
1.663000E-7	1.798705E-4
1.664000E-7	3.083540E-4
1.665000E-7	9.507718E-4
1.666000E-7	1.627452E-3
1.667000E-7	2.415484E-3
1.668000E-7	2.681017E-3
1.669000E-7	2.466878E-3
1.670000E-7	1.627452E-3
1.671000E-7	6.681080E-4
1.672000E-7	1.541738E-4
1.673000E-7	2.226983E-4
1.674000E-7	3.169196E-4
1.675000E-7	5.481900E-4
1.676000E-7	8.137227E-4
1.677000E-7	5.567556E-4
1.678000E-7	4.282135E-5
1.679000E-7	1.370426E-4
1.680000E-7	3.597474E-4
1.681000E-7	8.137227E-4
1.682000E-7	1.576058E-3
1.683000E-7	2.004337E-3
1.684000E-7	2.227042E-3
1.685000E-7	2.295566E-3
1.686000E-7	1.935812E-3
1.687000E-7	1.644583E-3
1.688000E-7	1.678845E-3
1.689000E-7	1.464706E-3
1.690000E-7	1.259132E-3
1.691000E-7	1.070690E-3
1.692000E-7	8.565505E-4
1.693000E-7	6.081490E-4
1.694000E-7	6.681080E-4
1.695000E-7	6.766735E-4
1.696000E-7	6.509768E-4
1.697000E-7	5.995834E-4
1.698000E-7	1.627393E-4
1.699000E-7	-3.169326E-4
1.700000E-7	-5.396374E-4
1.701000E-7	-5.482030E-4
1.702000E-7	-1.284900E-4
1.703000E-7	5.053621E-4
1.704000E-7	1.216304E-3
1.705000E-7	1.790198E-3
1.706000E-7	1.918681E-3
1.707000E-7	1.558927E-3
1.708000E-7	9.935996E-4
1.709000E-7	5.310589E-4
1.710000E-7	1.712464E-5
1.711000E-7	-2.227113E-4
1.712000E-7	-2.570321E-5
1.713000E-7	3.426163E-4
1.714000E-7	8.222882E-4
1.715000E-7	1.344788E-3
1.716000E-7	1.524665E-3
1.717000E-7	1.421878E-3
1.718000E-7	1.139214E-3
1.719000E-7	7.109358E-4
1.720000E-7	2.226983E-4
1.721000E-7	2.569606E-4
1.722000E-7	4.454032E-4
1.723000E-7	8.908128E-4
1.724000E-7	1.370485E-3
1.725000E-7	1.558927E-3
1.726000E-7	1.139214E-3
1.727000E-7	5.224933E-4
1.728000E-7	-2.227113E-4
1.729000E-7	-6.852521E-4
1.730000E-7	-9.507848E-4
1.731000E-7	-6.852521E-4
1.732000E-7	-1.284900E-4
1.733000E-7	4.197064E-4
1.734000E-7	7.623292E-4
1.735000E-7	8.222882E-4
1.736000E-7	1.002165E-3
1.737000E-7	6.938047E-4
1.738000E-7	4.710999E-4
1.739000E-7	2.569606E-4
1.740000E-7	8.564920E-5
1.741000E-7	5.995249E-5
1.742000E-7	-4.283435E-5
1.743000E-7	-1.284900E-4
1.744000E-7	-1.370556E-4
1.745000E-7	-8.572068E-6
1.746000E-7	-2.570321E-5
1.747000E-7	-1.456212E-4
1.748000E-7	-7.709663E-5
1.749000E-7	-1.798835E-4
1.750000E-7	-6.497430E-9
1.751000E-7	-6.853106E-5
1.752000E-7	-1.627523E-4
1.753000E-7	-2.741047E-4
1.754000E-7	-4.282850E-4
1.755000E-7	-5.824653E-4
1.756000E-7	-5.995964E-4
1.757000E-7	-3.083670E-4
1.758000E-7	9.421477E-5
1.759000E-7	9.850341E-4
1.760000E-7	1.618886E-3
1.761000E-7	1.678845E-3
1.762000E-7	1.361919E-3
1.763000E-7	8.822472E-4
1.764000E-7	2.826573E-4
1.765000E-7	2.569021E-5
1.766000E-7	2.740917E-4
1.767000E-7	4.197064E-4
1.768000E-7	7.794604E-4
1.769000E-7	1.284829E-3
1.770000E-7	1.293395E-3
1.771000E-7	1.670280E-3
1.772000E-7	1.661714E-3
1.773000E-7	1.747370E-3
1.774000E-7	1.764501E-3
1.775000E-7	1.661714E-3
1.776000E-7	1.293395E-3
1.777000E-7	1.053559E-3
1.778000E-7	7.965915E-4
1.779000E-7	6.167146E-4
1.780000E-7	4.454032E-4
1.781000E-7	3.169196E-4
1.782000E-7	1.712464E-5
1.783000E-7	-2.569736E-4
1.784000E-7	-4.625473E-4
1.785000E-7	-4.625473E-4
1.786000E-7	-4.111539E-4
1.787000E-7	-1.798835E-4
1.788000E-7	-1.713764E-5
1.789000E-7	7.708363E-5
1.790000E-7	1.199115E-4
1.791000E-7	-1.199245E-4
1.792000E-7	-4.282850E-4
1.793000E-7	-5.053751E-4
1.794000E-7	-3.511949E-4
1.795000E-7	-1.713764E-5
1.796000E-7	5.738867E-4
1.797000E-7	6.938047E-4
1.798000E-7	6.938047E-4
1.799000E-7	1.456082E-4
1.800000E-7	-6.595554E-4
1.801000E-7	-7.966045E-4
1.802000E-7	-5.653341E-4
1.803000E-7	4.282135E-5
1.804000E-7	8.394194E-4
1.805000E-7	1.310526E-3
1.806000E-7	1.473272E-3
1.807000E-7	1.027862E-3
1.808000E-7	4.539687E-4
1.809000E-7	-2.655392E-4
1.810000E-7	-6.681210E-4
1.811000E-7	-3.426293E-4
1.812000E-7	2.569021E-5
1.813000E-7	9.250751E-4
1.814000E-7	1.601755E-3
1.815000E-7	1.824460E-3
1.816000E-7	1.773067E-3
1.817000E-7	1.267698E-3
1.818000E-7	6.424113E-4
1.819000E-7	1.284771E-4
1.820000E-7	-2.655392E-4
1.821000E-7	-3.683260E-4
1.822000E-7	-3.940227E-4
1.823000E-7	-8.572068E-6
1.824000E-7	2.483950E-4
1.825000E-7	4.197064E-4
1.826000E-7	4.025753E-4
1.827000E-7	3.426163E-4
1.828000E-7	1.884360E-4
1.829000E-7	3.597474E-4
1.830000E-7	2.055672E-4
1.831000E-7	2.141328E-4
1.832000E-7	2.312639E-4
1.833000E-7	2.997885E-4
1.834000E-7	1.541738E-4
1.835000E-7	2.055672E-4
1.836000E-7	2.483950E-4
1.837000E-7	8.051571E-4
1.838000E-7	1.113518E-3
1.839000E-7	1.439009E-3
1.840000E-7	1.550362E-3
1.841000E-7	1.267698E-3
1.842000E-7	5.224933E-4
1.843000E-7	-2.570321E-5
1.844000E-7	-3.169326E-4
1.845000E-7	-3.854572E-4
1.846000E-7	-4.796784E-4
1.847000E-7	-3.426293E-4
1.848000E-7	-3.597604E-4
1.849000E-7	-8.566220E-5
1.850000E-7	2.141328E-4
1.851000E-7	2.826573E-4
1.852000E-7	5.567556E-4
1.853000E-7	8.394194E-4
1.854000E-7	6.938047E-4
1.855000E-7	5.567556E-4
1.856000E-7	2.912229E-4
1.857000E-7	4.111409E-4
1.858000E-7	2.655262E-4
1.859000E-7	4.796654E-4
1.860000E-7	3.683130E-4
1.861000E-7	4.111409E-4
1.862000E-7	2.826573E-4
1.863000E-7	2.055672E-4
1.864000E-7	1.713049E-4
1.865000E-7	3.683130E-4
1.866000E-7	4.539687E-4
1.867000E-7	4.539687E-4
1.868000E-7	3.854442E-4
1.869000E-7	1.456082E-4
1.870000E-7	-1.627523E-4
1.871000E-7	-2.227113E-4
1.872000E-7	-1.027933E-4
1.873000E-7	-4.283435E-5
1.874000E-7	1.627393E-4
1.875000E-7	3.426163E-4
1.876000E-7	2.826573E-4
1.877000E-7	5.138692E-5
1.878000E-7	-1.541868E-4
1.879000E-7	-3.597604E-4
1.880000E-7	-1.199245E-4
1.881000E-7	-9.422777E-5
1.882000E-7	3.426163E-4
1.883000E-7	7.708948E-4
1.884000E-7	8.565505E-4
1.885000E-7	9.507718E-4
1.886000E-7	9.764685E-4
1.887000E-7	8.908128E-4
1.888000E-7	8.308538E-4
1.889000E-7	8.222882E-4
1.890000E-7	6.252801E-4
1.891000E-7	5.224933E-4
1.892000E-7	6.081490E-4
1.893000E-7	4.282720E-4
1.894000E-7	3.683130E-4
1.895000E-7	3.083540E-4
1.896000E-7	3.425578E-5
1.897000E-7	1.713049E-4
1.898000E-7	4.454032E-4
1.899000E-7	6.424113E-4
1.900000E-7	8.565505E-4
1.901000E-7	1.027862E-3
1.902000E-7	8.222882E-4
1.903000E-7	8.222882E-4
1.904000E-7	4.282720E-4
1.905000E-7	3.597474E-4
1.906000E-7	1.113459E-4
1.907000E-7	3.854442E-4
1.908000E-7	2.912229E-4
1.909000E-7	3.511819E-4
1.910000E-7	3.940097E-4
1.911000E-7	5.481900E-4
1.912000E-7	8.651161E-4
1.913000E-7	1.301960E-3
1.914000E-7	1.464706E-3
1.915000E-7	1.396181E-3
1.916000E-7	1.122083E-3
1.917000E-7	3.683130E-4
1.918000E-7	-5.996549E-5
1.919000E-7	-4.197194E-4
1.920000E-7	-4.111539E-4
1.921000E-7	-3.254982E-4
1.922000E-7	-1.456212E-4
1.923000E-7	-2.570321E-5
1.924000E-7	-1.627523E-4
1.925000E-7	-3.169326E-4
1.926000E-7	-2.655392E-4
1.927000E-7	3.425578E-5
1.928000E-7	4.710999E-4
1.929000E-7	7.623292E-4
1.930000E-7	8.651161E-4
1.931000E-7	8.565505E-4
1.932000E-7	3.940097E-4
1.933000E-7	3.083540E-4
1.934000E-7	1.199115E-4
1.935000E-7	-5.996549E-5
1.936000E-7	-1.113589E-4
1.937000E-7	-6.853106E-5
1.938000E-7	-2.398425E-4
1.939000E-7	-5.139992E-5
1.940000E-7	1.027803E-4
1.941000E-7	2.569606E-4
1.942000E-7	3.768786E-4
1.943000E-7	2.740917E-4
1.944000E-7	-4.283435E-5
1.945000E-7	-6.081620E-4
1.946000E-7	-9.079569E-4
1.947000E-7	-1.224883E-3
1.948000E-7	-1.010744E-3
1.949000E-7	-4.111539E-4
1.950000E-7	1.970016E-4
1.951000E-7	7.366325E-4
1.952000E-7	9.250751E-4
1.953000E-7	5.139277E-4
1.954000E-7	3.426163E-4
1.955000E-7	4.796654E-4
1.956000E-7	6.766735E-4
1.957000E-7	1.010731E-3
1.958000E-7	1.421878E-3
1.959000E-7	1.267698E-3
1.960000E-7	1.122083E-3
1.961000E-7	8.479849E-4
1.962000E-7	2.483950E-4
1.963000E-7	-1.798835E-4
1.964000E-7	-1.456212E-4
1.965000E-7	-2.655392E-4
1.966000E-7	1.370426E-4
1.967000E-7	7.023703E-4
1.968000E-7	9.250751E-4
1.969000E-7	1.062124E-3
1.970000E-7	7.794604E-4
1.971000E-7	2.569606E-4
1.972000E-7	-2.912359E-4
1.973000E-7	-3.340637E-4
1.974000E-7	-2.141458E-4
1.975000E-7	1.712464E-5
1.976000E-7	7.023703E-4
1.977000E-7	1.010731E-3
1.978000E-7	8.308538E-4
1.979000E-7	7.708948E-4
1.980000E-7	3.511819E-4
1.981000E-7	2.912229E-4
1.982000E-7	4.539687E-4
1.983000E-7	5.053621E-4
1.984000E-7	5.824523E-4
1.985000E-7	4.197064E-4
1.986000E-7	-4.283435E-5
1.987000E-7	-4.796784E-4
1.988000E-7	-5.738997E-4
1.989000E-7	-5.053751E-4
1.990000E-7	-3.597604E-4
1.991000E-7	6.851806E-5
1.992000E-7	2.141328E-4
1.993000E-7	4.539687E-4
1.994000E-7	4.967966E-4
1.995000E-7	5.653211E-4
1.996000E-7	5.824523E-4
1.997000E-7	8.565505E-4
1.998000E-7	8.308538E-4
1.999000E-7	7.965915E-4
2.000000E-7	7.708948E-4
2.001000E-7	8.479849E-4
