Study Name	044_18
Sample Name	2024-10-03
Run Name	spot00
Operator	Elena
Date	10/3/2024
Time	15:10
Sign	FIX
Grating Spacing	06.40um
Channel	3
Number Traces	2000
Files in Batch	6
Batch Number	132
dt	100.000001E-12
time stamp (ms)	3:34:52 PM
	
Time	Amplitude
0.000000E+0	9.593374E-4
1.000000E-10	1.036427E-3
2.000000E-10	1.087821E-3
3.000000E-10	7.623292E-4
4.000000E-10	4.197064E-4
5.000000E-10	3.683130E-4
6.000000E-10	4.197064E-4
7.000000E-10	5.738867E-4
8.000000E-10	7.880260E-4
9.000000E-10	7.280670E-4
1.000000E-9	7.537637E-4
1.100000E-9	5.653211E-4
1.200000E-9	4.454032E-4
1.300000E-9	5.053621E-4
1.400000E-9	6.167146E-4
1.500000E-9	7.537637E-4
1.600000E-9	9.593374E-4
1.700000E-9	1.182042E-3
1.800000E-9	1.233436E-3
1.900000E-9	1.044993E-3
2.000000E-9	6.509768E-4
2.100000E-9	-1.713179E-4
2.200000E-9	-6.424243E-4
2.300000E-9	-1.087834E-3
2.400000E-9	-1.147793E-3
2.500000E-9	-6.424243E-4
2.600000E-9	2.569021E-5
2.700000E-9	5.653211E-4
2.800000E-9	8.822472E-4
2.900000E-9	6.252801E-4
3.000000E-9	-4.283435E-5
3.100000E-9	-7.023833E-4
3.200000E-9	-1.182055E-3
3.300000E-9	-1.267711E-3
3.400000E-9	-1.002178E-3
3.500000E-9	-4.197194E-4
3.600000E-9	2.655262E-4
3.700000E-9	9.679029E-4
3.800000E-9	1.447575E-3
3.900000E-9	1.790198E-3
4.000000E-9	2.055730E-3
4.100000E-9	2.132820E-3
4.200000E-9	1.961509E-3
4.300000E-9	1.815894E-3
4.400000E-9	1.584624E-3
4.500000E-9	1.164911E-3
4.600000E-9	1.053559E-3
4.700000E-9	7.280670E-4
4.800000E-9	4.368376E-4
4.900000E-9	5.139277E-4
5.000000E-9	2.483950E-4
5.100000E-9	-1.027933E-4
5.200000E-9	-3.426293E-4
5.300000E-9	-2.570321E-5
5.400000E-9	2.569606E-4
5.500000E-9	8.137227E-4
5.600000E-9	1.319091E-3
5.700000E-9	1.533231E-3
5.800000E-9	1.687411E-3
5.900000E-9	1.130649E-3
6.000000E-9	4.197064E-4
6.100000E-9	-2.484080E-4
6.200000E-9	-5.653341E-4
6.300000E-9	-8.137357E-4
6.400000E-9	-2.912359E-4
6.500000E-9	8.564920E-5
6.600000E-9	4.282720E-4
6.700000E-9	8.394194E-4
6.800000E-9	8.137227E-4
6.900000E-9	6.595424E-4
7.000000E-9	5.824523E-4
7.100000E-9	7.366325E-4
7.200000E-9	5.738867E-4
7.300000E-9	4.882310E-4
7.400000E-9	3.854442E-4
7.500000E-9	2.141328E-4
7.600000E-9	-1.970146E-4
7.700000E-9	-4.711129E-4
7.800000E-9	-5.567686E-4
7.900000E-9	-3.940227E-4
8.000000E-9	-5.996549E-5
8.100000E-9	8.564920E-5
8.200000E-9	3.254852E-4
8.300000E-9	5.738867E-4
8.400000E-9	5.824523E-4
8.500000E-9	6.595424E-4
8.600000E-9	9.165095E-4
8.700000E-9	1.156345E-3
8.800000E-9	1.353354E-3
8.900000E-9	1.156345E-3
9.000000E-9	9.165095E-4
9.100000E-9	7.537637E-4
9.200000E-9	6.595424E-4
9.300000E-9	5.310589E-4
9.400000E-9	4.454032E-4
9.500000E-9	5.139277E-4
9.600000E-9	2.826573E-4
9.700000E-9	1.884360E-4
9.800000E-9	1.884360E-4
9.900000E-9	-1.027933E-4
1.000000E-8	1.284771E-4
1.010000E-8	5.053621E-4
1.020000E-8	8.822472E-4
1.030000E-8	1.062124E-3
1.040000E-8	1.447575E-3
1.050000E-8	1.447575E-3
1.060000E-8	1.413313E-3
1.070000E-8	1.293395E-3
1.080000E-8	1.370485E-3
1.090000E-8	1.481837E-3
1.100000E-8	1.636017E-3
1.110000E-8	1.644583E-3
1.120000E-8	1.610321E-3
1.130000E-8	1.207739E-3
1.140000E-8	1.053559E-3
1.150000E-8	8.993784E-4
1.160000E-8	9.679029E-4
1.170000E-8	8.736817E-4
1.180000E-8	7.623292E-4
1.190000E-8	7.880260E-4
1.200000E-8	5.310589E-4
1.210000E-8	3.426163E-4
1.220000E-8	5.053621E-4
1.230000E-8	8.051571E-4
1.240000E-8	1.233436E-3
1.250000E-8	1.430444E-3
1.260000E-8	1.473272E-3
1.270000E-8	1.327657E-3
1.280000E-8	1.113518E-3
1.290000E-8	1.250567E-3
1.300000E-8	1.516099E-3
1.310000E-8	1.807329E-3
1.320000E-8	1.781632E-3
1.330000E-8	1.721673E-3
1.340000E-8	1.044993E-3
1.350000E-8	2.997885E-4
1.360000E-8	-3.426878E-5
1.370000E-8	8.559073E-6
1.380000E-8	1.798705E-4
1.390000E-8	7.537637E-4
1.400000E-8	1.182042E-3
1.410000E-8	1.182042E-3
1.420000E-8	1.190608E-3
1.430000E-8	9.593374E-4
1.440000E-8	7.880260E-4
1.450000E-8	8.479849E-4
1.460000E-8	1.002165E-3
1.470000E-8	1.190608E-3
1.480000E-8	1.456140E-3
1.490000E-8	1.901550E-3
1.500000E-8	1.755935E-3
1.510000E-8	1.533231E-3
1.520000E-8	1.164911E-3
1.530000E-8	7.794604E-4
1.540000E-8	4.796654E-4
1.550000E-8	6.338457E-4
1.560000E-8	6.595424E-4
1.570000E-8	8.308538E-4
1.580000E-8	8.394194E-4
1.590000E-8	4.539687E-4
1.600000E-8	1.712464E-5
1.610000E-8	-4.968096E-4
1.620000E-8	-5.396374E-4
1.630000E-8	-3.169326E-4
1.640000E-8	2.055672E-4
1.650000E-8	4.710999E-4
1.660000E-8	7.623292E-4
1.670000E-8	9.165095E-4
1.680000E-8	7.708948E-4
1.690000E-8	6.424113E-4
1.700000E-8	6.424113E-4
1.710000E-8	5.396244E-4
1.720000E-8	6.852391E-4
1.730000E-8	6.252801E-4
1.740000E-8	2.483950E-4
1.750000E-8	-4.283435E-5
1.760000E-8	-4.025883E-4
1.770000E-8	-6.167275E-4
1.780000E-8	-4.282850E-4
1.790000E-8	-2.227113E-4
1.800000E-8	1.113459E-4
1.810000E-8	2.398295E-4
1.820000E-8	3.940097E-4
1.830000E-8	4.111409E-4
1.840000E-8	4.111409E-4
1.850000E-8	3.768786E-4
1.860000E-8	2.912229E-4
1.870000E-8	5.224933E-4
1.880000E-8	7.366325E-4
1.890000E-8	7.195014E-4
1.900000E-8	8.651161E-4
1.910000E-8	1.002165E-3
1.920000E-8	7.451981E-4
1.930000E-8	4.625343E-4
1.940000E-8	8.559073E-6
1.950000E-8	-7.366455E-4
1.960000E-8	-1.644596E-3
1.970000E-8	-2.346973E-3
1.980000E-8	-2.603940E-3
1.990000E-8	-2.124268E-3
2.000000E-8	-8.993914E-4
2.010000E-8	1.370485E-3
2.020000E-8	4.651098E-3
2.030000E-8	8.745441E-3
2.040000E-8	1.352503E-2
2.050000E-8	1.854445E-2
2.060000E-8	2.315273E-2
2.070000E-8	2.673314E-2
2.080000E-8	2.849765E-2
2.090000E-8	2.827494E-2
2.100000E-8	2.591941E-2
2.110000E-8	2.204777E-2
2.120000E-8	1.727675E-2
2.130000E-8	1.221450E-2
2.140000E-8	7.631917E-3
2.150000E-8	4.111467E-3
2.160000E-8	1.319091E-3
2.170000E-8	-2.398425E-4
2.180000E-8	-5.824653E-4
2.190000E-8	1.284771E-4
2.200000E-8	2.329829E-3
2.210000E-8	5.713229E-3
2.220000E-8	9.679088E-3
2.230000E-8	1.408179E-2
2.240000E-8	1.833888E-2
2.250000E-8	2.167945E-2
2.260000E-8	2.422343E-2
2.270000E-8	2.567101E-2
2.280000E-8	2.596224E-2
2.290000E-8	2.493437E-2
2.300000E-8	2.267306E-2
2.310000E-8	1.949523E-2
2.320000E-8	1.558933E-2
2.330000E-8	1.141790E-2
2.340000E-8	7.691876E-3
2.350000E-8	4.882368E-3
2.360000E-8	3.520443E-3
2.370000E-8	3.469049E-3
2.380000E-8	4.882368E-3
2.390000E-8	7.614785E-3
2.400000E-8	1.122089E-2
2.410000E-8	1.525527E-2
2.420000E-8	1.932392E-2
2.430000E-8	2.288720E-2
2.440000E-8	2.579093E-2
2.450000E-8	2.799228E-2
2.460000E-8	2.925998E-2
2.470000E-8	2.944842E-2
2.480000E-8	2.876318E-2
2.490000E-8	2.675027E-2
2.500000E-8	2.378658E-2
2.510000E-8	1.978646E-2
2.520000E-8	1.546941E-2
2.530000E-8	1.150355E-2
2.540000E-8	8.548433E-3
2.550000E-8	6.809622E-3
2.560000E-8	7.263597E-3
2.570000E-8	9.593432E-3
2.580000E-8	1.320810E-2
2.590000E-8	1.797056E-2
2.600000E-8	2.276728E-2
2.610000E-8	2.646761E-2
2.620000E-8	2.956834E-2
2.630000E-8	3.145277E-2
2.640000E-8	3.203523E-2
2.650000E-8	3.198383E-2
2.660000E-8	3.128146E-2
2.670000E-8	2.993666E-2
2.680000E-8	2.800941E-2
2.690000E-8	2.539691E-2
2.700000E-8	2.198781E-2
2.710000E-8	1.815900E-2
2.720000E-8	1.446724E-2
2.730000E-8	1.182048E-2
2.740000E-8	1.109241E-2
2.750000E-8	1.235155E-2
2.760000E-8	1.528097E-2
2.770000E-8	1.950380E-2
2.780000E-8	2.383798E-2
2.790000E-8	2.786379E-2
2.800000E-8	3.074182E-2
2.810000E-8	3.236072E-2
2.820000E-8	3.293461E-2
2.830000E-8	3.284896E-2
2.840000E-8	3.196670E-2
2.850000E-8	3.057051E-2
2.860000E-8	2.892592E-2
2.870000E-8	2.721281E-2
2.880000E-8	2.502859E-2
2.890000E-8	2.284437E-2
2.900000E-8	2.066015E-2
2.910000E-8	1.885281E-2
2.920000E-8	1.738810E-2
2.930000E-8	1.666003E-2
2.940000E-8	1.668572E-2
2.950000E-8	1.770503E-2
2.960000E-8	1.960658E-2
2.970000E-8	2.216769E-2
2.980000E-8	2.507142E-2
2.990000E-8	2.838629E-2
3.000000E-8	3.123863E-2
3.010000E-8	3.371408E-2
3.020000E-8	3.529871E-2
3.030000E-8	3.582121E-2
3.040000E-8	3.499891E-2
3.050000E-8	3.288322E-2
3.060000E-8	2.969683E-2
3.070000E-8	2.611642E-2
3.080000E-8	2.206490E-2
3.090000E-8	1.856158E-2
3.100000E-8	1.609470E-2
3.110000E-8	1.466425E-2
3.120000E-8	1.413318E-2
3.130000E-8	1.501544E-2
3.140000E-8	1.664290E-2
3.150000E-8	1.921257E-2
3.160000E-8	2.286150E-2
3.170000E-8	2.705006E-2
3.180000E-8	3.108445E-2
3.190000E-8	3.435650E-2
3.200000E-8	3.659211E-2
3.210000E-8	3.708035E-2
3.220000E-8	3.601822E-2
3.230000E-8	3.363699E-2
3.240000E-8	3.029642E-2
3.250000E-8	2.657039E-2
3.260000E-8	2.314416E-2
3.270000E-8	2.003486E-2
3.280000E-8	1.760224E-2
3.290000E-8	1.598335E-2
3.300000E-8	1.476704E-2
3.310000E-8	1.472421E-2
3.320000E-8	1.569212E-2
3.330000E-8	1.771359E-2
3.340000E-8	2.082289E-2
3.350000E-8	2.462601E-2
3.360000E-8	2.841199E-2
3.370000E-8	3.194100E-2
3.380000E-8	3.466486E-2
3.390000E-8	3.576125E-2
3.400000E-8	3.555568E-2
3.410000E-8	3.403100E-2
3.420000E-8	3.158982E-2
3.430000E-8	2.825781E-2
3.440000E-8	2.513138E-2
3.450000E-8	2.166232E-2
3.460000E-8	1.911835E-2
3.470000E-8	1.705404E-2
3.480000E-8	1.579490E-2
3.490000E-8	1.533236E-2
3.500000E-8	1.566642E-2
3.510000E-8	1.629171E-2
3.520000E-8	1.791917E-2
3.530000E-8	2.067728E-2
3.540000E-8	2.386367E-2
3.550000E-8	2.774388E-2
3.560000E-8	3.163264E-2
3.570000E-8	3.436506E-2
3.580000E-8	3.605248E-2
3.590000E-8	3.588973E-2
3.600000E-8	3.404813E-2
3.610000E-8	3.073326E-2
3.620000E-8	2.683592E-2
3.630000E-8	2.263023E-2
3.640000E-8	1.879285E-2
3.650000E-8	1.564072E-2
3.660000E-8	1.319097E-2
3.670000E-8	1.178622E-2
3.680000E-8	1.168343E-2
3.690000E-8	1.276269E-2
3.700000E-8	1.543515E-2
3.710000E-8	1.920400E-2
3.720000E-8	2.377802E-2
3.730000E-8	2.845482E-2
3.740000E-8	3.232646E-2
3.750000E-8	3.483617E-2
3.760000E-8	3.597539E-2
3.770000E-8	3.558137E-2
3.780000E-8	3.373977E-2
3.790000E-8	3.081891E-2
3.800000E-8	2.725564E-2
3.810000E-8	2.302425E-2
3.820000E-8	1.880999E-2
3.830000E-8	1.454433E-2
3.840000E-8	1.122089E-2
3.850000E-8	9.345031E-3
3.860000E-8	9.387858E-3
3.870000E-8	1.098962E-2
3.880000E-8	1.425310E-2
3.890000E-8	1.863011E-2
3.900000E-8	2.314416E-2
3.910000E-8	2.742695E-2
3.920000E-8	3.069900E-2
3.930000E-8	3.266051E-2
3.940000E-8	3.338859E-2
3.950000E-8	3.319158E-2
3.960000E-8	3.219797E-2
3.970000E-8	3.010797E-2
3.980000E-8	2.736699E-2
3.990000E-8	2.361527E-2
4.000000E-8	2.000060E-2
4.010000E-8	1.630884E-2
4.020000E-8	1.307105E-2
4.030000E-8	1.098962E-2
4.040000E-8	1.050995E-2
4.050000E-8	1.122946E-2
4.060000E-8	1.320810E-2
4.070000E-8	1.635167E-2
4.080000E-8	1.940958E-2
4.090000E-8	2.266449E-2
4.100000E-8	2.510568E-2
4.110000E-8	2.647617E-2
4.120000E-8	2.727277E-2
4.130000E-8	2.759826E-2
4.140000E-8	2.726420E-2
4.150000E-8	2.676740E-2
4.160000E-8	2.574810E-2
4.170000E-8	2.378658E-2
4.180000E-8	2.147388E-2
4.190000E-8	1.812474E-2
4.200000E-8	1.487839E-2
4.210000E-8	1.190614E-2
4.220000E-8	9.764743E-3
4.230000E-8	9.096629E-3
4.240000E-8	9.773309E-3
4.250000E-8	1.198323E-2
4.260000E-8	1.457859E-2
4.270000E-8	1.815900E-2
4.280000E-8	2.166232E-2
4.290000E-8	2.484871E-2
4.300000E-8	2.764965E-2
4.310000E-8	2.955978E-2
4.320000E-8	3.020219E-2
4.330000E-8	2.962830E-2
4.340000E-8	2.806937E-2
4.350000E-8	2.543117E-2
4.360000E-8	2.206490E-2
4.370000E-8	1.855302E-2
4.380000E-8	1.509253E-2
4.390000E-8	1.222306E-2
4.400000E-8	1.004741E-2
4.410000E-8	8.856793E-3
4.420000E-8	9.036670E-3
4.430000E-8	1.021015E-2
4.440000E-8	1.232585E-2
4.450000E-8	1.536663E-2
4.460000E-8	1.874146E-2
4.470000E-8	2.179937E-2
4.480000E-8	2.454892E-2
4.490000E-8	2.629629E-2
4.500000E-8	2.697297E-2
4.510000E-8	2.646761E-2
4.520000E-8	2.478019E-2
4.530000E-8	2.254457E-2
4.540000E-8	1.984642E-2
4.550000E-8	1.724249E-2
4.560000E-8	1.483556E-2
4.570000E-8	1.247146E-2
4.580000E-8	1.089540E-2
4.590000E-8	9.901793E-3
4.600000E-8	9.413555E-3
4.610000E-8	9.970317E-3
4.620000E-8	1.140077E-2
4.630000E-8	1.374773E-2
4.640000E-8	1.665146E-2
4.650000E-8	1.965798E-2
4.660000E-8	2.203921E-2
4.670000E-8	2.372662E-2
4.680000E-8	2.444613E-2
4.690000E-8	2.434334E-2
4.700000E-8	2.364953E-2
4.710000E-8	2.233900E-2
4.720000E-8	2.098564E-2
4.730000E-8	1.936675E-2
4.740000E-8	1.755941E-2
4.750000E-8	1.561503E-2
4.760000E-8	1.353359E-2
4.770000E-8	1.113523E-2
4.780000E-8	9.439252E-3
4.790000E-8	8.719744E-3
4.800000E-8	8.933883E-3
4.810000E-8	1.050138E-2
4.820000E-8	1.277126E-2
4.830000E-8	1.531523E-2
4.840000E-8	1.796199E-2
4.850000E-8	2.027470E-2
4.860000E-8	2.193642E-2
4.870000E-8	2.294716E-2
4.880000E-8	2.352961E-2
4.890000E-8	2.333261E-2
4.900000E-8	2.250175E-2
4.910000E-8	2.109699E-2
4.920000E-8	1.884425E-2
4.930000E-8	1.606044E-2
4.940000E-8	1.316527E-2
4.950000E-8	1.011593E-2
4.960000E-8	7.906015E-3
4.970000E-8	6.509827E-3
4.980000E-8	6.372778E-3
4.990000E-8	7.734703E-3
5.000000E-8	9.867530E-3
5.010000E-8	1.232585E-2
5.020000E-8	1.552081E-2
5.030000E-8	1.829605E-2
5.040000E-8	2.048027E-2
5.050000E-8	2.185076E-2
5.060000E-8	2.241609E-2
5.070000E-8	2.196212E-2
5.080000E-8	2.085716E-2
5.090000E-8	1.926396E-2
5.100000E-8	1.725105E-2
5.110000E-8	1.471564E-2
5.120000E-8	1.205175E-2
5.130000E-8	9.259375E-3
5.140000E-8	7.126548E-3
5.150000E-8	5.653270E-3
5.160000E-8	5.045114E-3
5.170000E-8	5.678967E-3
5.180000E-8	7.169376E-3
5.190000E-8	9.148022E-3
5.200000E-8	1.181191E-2
5.210000E-8	1.435589E-2
5.220000E-8	1.669429E-2
5.230000E-8	1.854445E-2
5.240000E-8	2.011195E-2
5.250000E-8	2.084859E-2
5.260000E-8	2.088285E-2
5.270000E-8	2.030039E-2
5.280000E-8	1.911835E-2
5.290000E-8	1.746519E-2
5.300000E-8	1.540945E-2
5.310000E-8	1.283978E-2
5.320000E-8	1.059560E-2
5.330000E-8	8.608392E-3
5.340000E-8	7.417777E-3
5.350000E-8	7.220769E-3
5.360000E-8	7.854621E-3
5.370000E-8	9.165154E-3
5.380000E-8	1.092966E-2
5.390000E-8	1.267704E-2
5.400000E-8	1.442441E-2
5.410000E-8	1.615466E-2
5.420000E-8	1.758511E-2
5.430000E-8	1.902412E-2
5.440000E-8	2.009482E-2
5.450000E-8	2.044601E-2
5.460000E-8	1.998347E-2
5.470000E-8	1.841597E-2
5.480000E-8	1.588056E-2
5.490000E-8	1.283122E-2
5.500000E-8	9.824702E-3
5.510000E-8	7.460605E-3
5.520000E-8	5.807450E-3
5.530000E-8	5.224991E-3
5.540000E-8	5.653270E-3
5.550000E-8	6.655442E-3
5.560000E-8	8.205810E-3
5.570000E-8	1.036433E-2
5.580000E-8	1.242864E-2
5.590000E-8	1.483556E-2
5.600000E-8	1.695126E-2
5.610000E-8	1.834744E-2
5.620000E-8	1.923826E-2
5.630000E-8	1.932392E-2
5.640000E-8	1.845023E-2
5.650000E-8	1.683134E-2
5.660000E-8	1.486982E-2
5.670000E-8	1.234298E-2
5.680000E-8	9.824702E-3
5.690000E-8	7.503433E-3
5.700000E-8	5.559049E-3
5.710000E-8	4.445524E-3
5.720000E-8	4.299910E-3
5.730000E-8	4.993721E-3
5.740000E-8	6.586917E-3
5.750000E-8	8.925318E-3
5.760000E-8	1.180335E-2
5.770000E-8	1.465568E-2
5.780000E-8	1.717396E-2
5.790000E-8	1.858728E-2
5.800000E-8	1.903269E-2
5.810000E-8	1.851876E-2
5.820000E-8	1.709687E-2
5.830000E-8	1.533236E-2
5.840000E-8	1.337085E-2
5.850000E-8	1.106671E-2
5.860000E-8	9.242244E-3
5.870000E-8	7.589089E-3
5.880000E-8	6.252860E-3
5.890000E-8	5.473393E-3
5.900000E-8	5.122204E-3
5.910000E-8	5.233557E-3
5.920000E-8	6.347081E-3
5.930000E-8	7.717572E-3
5.940000E-8	9.345031E-3
5.950000E-8	1.128085E-2
5.960000E-8	1.323380E-2
5.970000E-8	1.462999E-2
5.980000E-8	1.558077E-2
5.990000E-8	1.630027E-2
6.000000E-8	1.626601E-2
6.010000E-8	1.582917E-2
6.020000E-8	1.473277E-2
6.030000E-8	1.283978E-2
6.040000E-8	1.072409E-2
6.050000E-8	8.556998E-3
6.060000E-8	6.466999E-3
6.070000E-8	5.002286E-3
6.080000E-8	3.982984E-3
6.090000E-8	3.640361E-3
6.100000E-8	4.017246E-3
6.110000E-8	5.130770E-3
6.120000E-8	6.646876E-3
6.130000E-8	8.702613E-3
6.140000E-8	1.096392E-2
6.150000E-8	1.307962E-2
6.160000E-8	1.470708E-2
6.170000E-8	1.558077E-2
6.180000E-8	1.578634E-2
6.190000E-8	1.525527E-2
6.200000E-8	1.426167E-2
6.210000E-8	1.281409E-2
6.220000E-8	1.109241E-2
6.230000E-8	9.276506E-3
6.240000E-8	7.220769E-3
6.250000E-8	5.516221E-3
6.260000E-8	4.359869E-3
6.270000E-8	3.691754E-3
6.280000E-8	4.077205E-3
6.290000E-8	5.027983E-3
6.300000E-8	6.621179E-3
6.310000E-8	8.317162E-3
6.320000E-8	1.027868E-2
6.330000E-8	1.174339E-2
6.340000E-8	1.299396E-2
6.350000E-8	1.405609E-2
6.360000E-8	1.449294E-2
6.370000E-8	1.426167E-2
6.380000E-8	1.356786E-2
6.390000E-8	1.200892E-2
6.400000E-8	1.025298E-2
6.410000E-8	8.359990E-3
6.420000E-8	6.706835E-3
6.430000E-8	5.473393E-3
6.440000E-8	5.062245E-3
6.450000E-8	4.968024E-3
6.460000E-8	5.396303E-3
6.470000E-8	6.132942E-3
6.480000E-8	6.783925E-3
6.490000E-8	7.434908E-3
6.500000E-8	8.154416E-3
6.510000E-8	8.891055E-3
6.520000E-8	9.644826E-3
6.530000E-8	1.072409E-2
6.540000E-8	1.162347E-2
6.550000E-8	1.248859E-2
6.560000E-8	1.306249E-2
6.570000E-8	1.282265E-2
6.580000E-8	1.190614E-2
6.590000E-8	1.074978E-2
6.600000E-8	9.387858E-3
6.610000E-8	7.631917E-3
6.620000E-8	6.115811E-3
6.630000E-8	4.830975E-3
6.640000E-8	4.145729E-3
6.650000E-8	3.982984E-3
6.660000E-8	4.471221E-3
6.670000E-8	5.567614E-3
6.680000E-8	6.989499E-3
6.690000E-8	8.334293E-3
6.700000E-8	9.833268E-3
6.710000E-8	1.103245E-2
6.720000E-8	1.188900E-2
6.730000E-8	1.252286E-2
6.740000E-8	1.271987E-2
6.750000E-8	1.238581E-2
6.760000E-8	1.197466E-2
6.770000E-8	1.115237E-2
6.780000E-8	9.841834E-3
6.790000E-8	8.154416E-3
6.800000E-8	6.312819E-3
6.810000E-8	4.359869E-3
6.820000E-8	2.723845E-3
6.830000E-8	1.798763E-3
6.840000E-8	1.858722E-3
6.850000E-8	2.732410E-3
6.860000E-8	4.291344E-3
6.870000E-8	5.850278E-3
6.880000E-8	7.537695E-3
6.890000E-8	8.856793E-3
6.900000E-8	9.713350E-3
6.910000E-8	1.050138E-2
6.920000E-8	1.129798E-2
6.930000E-8	1.152925E-2
6.940000E-8	1.163204E-2
6.950000E-8	1.107528E-2
6.960000E-8	9.978883E-3
6.970000E-8	8.265769E-3
6.980000E-8	6.578351E-3
6.990000E-8	5.207860E-3
7.000000E-8	4.462656E-3
7.010000E-8	4.351303E-3
7.020000E-8	4.505483E-3
7.030000E-8	4.933762E-3
7.040000E-8	5.130770E-3
7.050000E-8	5.293516E-3
7.060000E-8	5.918802E-3
7.070000E-8	6.706835E-3
7.080000E-8	7.828925E-3
7.090000E-8	9.156588E-3
7.100000E-8	1.039860E-2
7.110000E-8	1.099819E-2
7.120000E-8	1.087827E-2
7.130000E-8	1.044999E-2
7.140000E-8	9.482080E-3
7.150000E-8	8.214375E-3
7.160000E-8	7.006630E-3
7.170000E-8	5.798885E-3
7.180000E-8	4.745319E-3
7.190000E-8	3.905893E-3
7.200000E-8	3.100730E-3
7.210000E-8	2.980812E-3
7.220000E-8	3.451918E-3
7.230000E-8	4.042943E-3
7.240000E-8	5.199295E-3
7.250000E-8	6.210032E-3
7.260000E-8	7.443474E-3
7.270000E-8	8.497039E-3
7.280000E-8	9.319334E-3
7.290000E-8	9.696219E-3
7.300000E-8	9.884661E-3
7.310000E-8	9.764743E-3
7.320000E-8	9.276506E-3
7.330000E-8	8.711178E-3
7.340000E-8	7.803228E-3
7.350000E-8	6.861015E-3
7.360000E-8	5.687532E-3
7.370000E-8	4.342738E-3
7.380000E-8	3.194951E-3
7.390000E-8	2.192779E-3
7.400000E-8	1.798763E-3
7.410000E-8	1.875853E-3
7.420000E-8	2.920853E-3
7.430000E-8	4.445524E-3
7.440000E-8	5.927368E-3
7.450000E-8	7.426343E-3
7.460000E-8	8.514170E-3
7.470000E-8	9.010973E-3
7.480000E-8	9.122326E-3
7.490000E-8	8.805400E-3
7.500000E-8	8.145851E-3
7.510000E-8	7.554826E-3
7.520000E-8	6.758228E-3
7.530000E-8	5.730360E-3
7.540000E-8	4.633967E-3
7.550000E-8	3.785976E-3
7.560000E-8	2.946550E-3
7.570000E-8	2.689583E-3
7.580000E-8	2.963681E-3
7.590000E-8	3.631795E-3
7.600000E-8	4.599705E-3
7.610000E-8	5.584745E-3
7.620000E-8	6.004458E-3
7.630000E-8	6.415606E-3
7.640000E-8	6.698269E-3
7.650000E-8	6.818187E-3
7.660000E-8	7.246466E-3
7.670000E-8	7.700441E-3
7.680000E-8	7.863187E-3
7.690000E-8	7.777531E-3
7.700000E-8	7.469171E-3
7.710000E-8	6.287122E-3
7.720000E-8	4.856672E-3
7.730000E-8	3.426222E-3
7.740000E-8	2.484009E-3
7.750000E-8	2.098558E-3
7.760000E-8	2.235607E-3
7.770000E-8	2.715279E-3
7.780000E-8	3.314869E-3
7.790000E-8	3.948721E-3
7.800000E-8	4.462656E-3
7.810000E-8	4.762451E-3
7.820000E-8	5.293516E-3
7.830000E-8	5.875975E-3
7.840000E-8	6.878146E-3
7.850000E-8	7.811793E-3
7.860000E-8	8.265769E-3
7.870000E-8	8.214375E-3
7.880000E-8	7.614785E-3
7.890000E-8	6.449868E-3
7.900000E-8	5.190729E-3
7.910000E-8	4.282779E-3
7.920000E-8	3.460484E-3
7.930000E-8	3.075033E-3
7.940000E-8	3.272041E-3
7.950000E-8	3.511877E-3
7.960000E-8	3.803107E-3
7.970000E-8	4.068639E-3
7.980000E-8	4.411262E-3
7.990000E-8	4.873803E-3
8.000000E-8	5.490524E-3
8.010000E-8	6.150073E-3
8.020000E-8	7.186507E-3
8.030000E-8	7.957408E-3
8.040000E-8	8.197244E-3
8.050000E-8	8.111588E-3
8.060000E-8	7.726138E-3
8.070000E-8	6.347081E-3
8.080000E-8	4.985155E-3
8.090000E-8	3.529008E-3
8.100000E-8	2.364091E-3
8.110000E-8	1.627452E-3
8.120000E-8	1.361919E-3
8.130000E-8	1.430444E-3
8.140000E-8	2.021468E-3
8.150000E-8	2.860894E-3
8.160000E-8	3.383394E-3
8.170000E-8	4.188557E-3
8.180000E-8	5.027983E-3
8.190000E-8	5.593311E-3
8.200000E-8	6.115811E-3
8.210000E-8	6.758228E-3
8.220000E-8	7.109417E-3
8.230000E-8	7.220769E-3
8.240000E-8	7.383515E-3
8.250000E-8	7.289294E-3
8.260000E-8	6.895277E-3
8.270000E-8	6.038720E-3
8.280000E-8	4.822410E-3
8.290000E-8	3.417656E-3
8.300000E-8	2.424050E-3
8.310000E-8	1.901550E-3
8.320000E-8	2.004337E-3
8.330000E-8	2.595361E-3
8.340000E-8	3.297738E-3
8.350000E-8	3.974418E-3
8.360000E-8	4.702492E-3
8.370000E-8	5.062245E-3
8.380000E-8	5.259254E-3
8.390000E-8	5.490524E-3
8.400000E-8	5.730360E-3
8.410000E-8	6.030155E-3
8.420000E-8	6.252860E-3
8.430000E-8	5.833147E-3
8.440000E-8	5.490524E-3
8.450000E-8	4.899500E-3
8.460000E-8	4.111467E-3
8.470000E-8	3.409090E-3
8.480000E-8	2.809501E-3
8.490000E-8	2.578230E-3
8.500000E-8	2.449747E-3
8.510000E-8	2.518271E-3
8.520000E-8	2.466878E-3
8.530000E-8	2.698148E-3
8.540000E-8	2.989377E-3
8.550000E-8	3.057902E-3
8.560000E-8	3.657492E-3
8.570000E-8	4.222820E-3
8.580000E-8	5.002286E-3
8.590000E-8	5.790319E-3
8.600000E-8	6.501261E-3
8.610000E-8	6.569786E-3
8.620000E-8	6.329950E-3
8.630000E-8	5.738926E-3
8.640000E-8	4.788147E-3
8.650000E-8	3.743148E-3
8.660000E-8	3.109295E-3
8.670000E-8	2.809501E-3
8.680000E-8	2.783804E-3
8.690000E-8	3.057902E-3
8.700000E-8	3.340566E-3
8.710000E-8	3.760279E-3
8.720000E-8	4.368434E-3
8.730000E-8	4.659664E-3
8.740000E-8	4.993721E-3
8.750000E-8	5.199295E-3
8.760000E-8	5.593311E-3
8.770000E-8	5.935934E-3
8.780000E-8	6.150073E-3
8.790000E-8	6.287122E-3
8.800000E-8	6.150073E-3
8.810000E-8	5.764622E-3
8.820000E-8	5.070811E-3
8.830000E-8	4.205688E-3
8.840000E-8	3.434787E-3
8.850000E-8	2.603927E-3
8.860000E-8	1.987206E-3
8.870000E-8	1.601755E-3
8.880000E-8	1.516099E-3
8.890000E-8	2.132820E-3
8.900000E-8	2.698148E-3
8.910000E-8	3.092164E-3
8.920000E-8	3.546140E-3
8.930000E-8	3.700320E-3
8.940000E-8	3.751713E-3
8.950000E-8	3.923025E-3
8.960000E-8	4.282779E-3
8.970000E-8	4.471221E-3
8.980000E-8	5.113639E-3
8.990000E-8	5.593311E-3
9.000000E-8	5.764622E-3
9.010000E-8	5.447696E-3
9.020000E-8	5.105073E-3
9.030000E-8	4.565442E-3
9.040000E-8	3.914459E-3
9.050000E-8	3.460484E-3
9.060000E-8	3.100730E-3
9.070000E-8	2.740976E-3
9.080000E-8	2.466878E-3
9.090000E-8	2.055730E-3
9.100000E-8	2.115689E-3
9.110000E-8	2.355525E-3
9.120000E-8	2.972246E-3
9.130000E-8	3.554705E-3
9.140000E-8	4.214254E-3
9.150000E-8	4.539746E-3
9.160000E-8	4.942327E-3
9.170000E-8	4.916631E-3
9.180000E-8	4.779582E-3
9.190000E-8	4.385565E-3
9.200000E-8	3.811672E-3
9.210000E-8	3.186386E-3
9.220000E-8	2.946550E-3
9.230000E-8	2.878025E-3
9.240000E-8	2.775238E-3
9.250000E-8	2.826632E-3
9.260000E-8	3.006509E-3
9.270000E-8	3.015074E-3
9.280000E-8	3.289172E-3
9.290000E-8	3.606099E-3
9.300000E-8	4.051508E-3
9.310000E-8	4.693926E-3
9.320000E-8	4.890934E-3
9.330000E-8	4.368434E-3
9.340000E-8	3.837369E-3
9.350000E-8	3.143558E-3
9.360000E-8	2.509706E-3
9.370000E-8	2.209911E-3
9.380000E-8	2.329829E-3
9.390000E-8	2.586796E-3
9.400000E-8	2.706714E-3
9.410000E-8	2.526837E-3
9.420000E-8	2.175648E-3
9.430000E-8	2.021468E-3
9.440000E-8	2.278435E-3
9.450000E-8	2.526837E-3
9.460000E-8	3.134992E-3
9.470000E-8	3.614664E-3
9.480000E-8	4.008680E-3
9.490000E-8	4.454090E-3
9.500000E-8	4.608270E-3
9.510000E-8	4.771016E-3
9.520000E-8	5.113639E-3
9.530000E-8	5.224991E-3
9.540000E-8	5.173598E-3
9.550000E-8	4.933762E-3
9.560000E-8	4.625401E-3
9.570000E-8	3.991549E-3
9.580000E-8	3.588967E-3
9.590000E-8	2.980812E-3
9.600000E-8	2.295566E-3
9.610000E-8	1.773067E-3
9.620000E-8	1.464706E-3
9.630000E-8	1.456140E-3
9.640000E-8	1.618886E-3
9.650000E-8	2.227042E-3
9.660000E-8	2.800935E-3
9.670000E-8	3.280607E-3
9.680000E-8	3.494746E-3
9.690000E-8	3.486181E-3
9.700000E-8	3.272041E-3
9.710000E-8	3.040771E-3
9.720000E-8	2.963681E-3
9.730000E-8	3.006509E-3
9.740000E-8	3.212082E-3
9.750000E-8	3.083599E-3
9.760000E-8	3.152123E-3
9.770000E-8	3.032205E-3
9.780000E-8	2.732410E-3
9.790000E-8	2.346960E-3
9.800000E-8	2.175648E-3
9.810000E-8	1.670280E-3
9.820000E-8	1.301960E-3
9.830000E-8	1.173477E-3
9.840000E-8	1.327657E-3
9.850000E-8	1.875853E-3
9.860000E-8	2.715279E-3
9.870000E-8	3.391959E-3
9.880000E-8	3.957287E-3
9.890000E-8	4.188557E-3
9.900000E-8	3.717451E-3
9.910000E-8	3.186386E-3
9.920000E-8	2.372656E-3
9.930000E-8	1.678845E-3
9.940000E-8	1.601755E-3
9.950000E-8	1.935812E-3
9.960000E-8	2.346960E-3
9.970000E-8	2.809501E-3
9.980000E-8	2.852328E-3
9.990000E-8	2.449747E-3
1.000000E-7	1.798763E-3
1.001000E-7	1.396181E-3
1.002000E-7	1.122083E-3
1.003000E-7	1.464706E-3
1.004000E-7	2.218476E-3
1.005000E-7	2.715279E-3
1.006000E-7	3.623230E-3
1.007000E-7	3.948721E-3
1.008000E-7	3.991549E-3
1.009000E-7	3.957287E-3
1.010000E-7	3.640361E-3
1.011000E-7	3.366263E-3
1.012000E-7	3.075033E-3
1.013000E-7	2.826632E-3
1.014000E-7	2.578230E-3
1.015000E-7	2.441181E-3
1.016000E-7	2.389788E-3
1.017000E-7	2.269870E-3
1.018000E-7	2.055730E-3
1.019000E-7	1.558927E-3
1.020000E-7	1.353354E-3
1.021000E-7	1.259132E-3
1.022000E-7	1.610321E-3
1.023000E-7	2.115689E-3
1.024000E-7	2.878025E-3
1.025000E-7	3.597533E-3
1.026000E-7	3.931590E-3
1.027000E-7	3.803107E-3
1.028000E-7	3.177820E-3
1.029000E-7	2.244173E-3
1.030000E-7	1.464706E-3
1.031000E-7	6.595424E-4
1.032000E-7	5.053621E-4
1.033000E-7	5.995834E-4
1.034000E-7	9.935996E-4
1.035000E-7	1.456140E-3
1.036000E-7	1.704542E-3
1.037000E-7	1.601755E-3
1.038000E-7	1.473272E-3
1.039000E-7	1.498968E-3
1.040000E-7	1.670280E-3
1.041000E-7	1.978640E-3
1.042000E-7	2.244173E-3
1.043000E-7	2.509706E-3
1.044000E-7	2.449747E-3
1.045000E-7	2.295566E-3
1.046000E-7	2.004337E-3
1.047000E-7	1.516099E-3
1.048000E-7	1.498968E-3
1.049000E-7	1.610321E-3
1.050000E-7	1.636017E-3
1.051000E-7	1.841591E-3
1.052000E-7	2.021468E-3
1.053000E-7	2.072861E-3
1.054000E-7	2.227042E-3
1.055000E-7	2.235607E-3
1.056000E-7	2.329829E-3
1.057000E-7	2.389788E-3
1.058000E-7	2.424050E-3
1.059000E-7	2.501140E-3
1.060000E-7	2.578230E-3
1.061000E-7	2.612492E-3
1.062000E-7	2.475443E-3
1.063000E-7	2.501140E-3
1.064000E-7	2.278435E-3
1.065000E-7	2.124255E-3
1.066000E-7	1.807329E-3
1.067000E-7	1.927247E-3
1.068000E-7	2.047165E-3
1.069000E-7	2.338394E-3
1.070000E-7	2.449747E-3
1.071000E-7	2.441181E-3
1.072000E-7	2.535402E-3
1.073000E-7	2.295566E-3
1.074000E-7	2.209911E-3
1.075000E-7	2.115689E-3
1.076000E-7	2.047165E-3
1.077000E-7	1.755935E-3
1.078000E-7	1.533231E-3
1.079000E-7	1.576058E-3
1.080000E-7	1.593190E-3
1.081000E-7	2.089993E-3
1.082000E-7	2.732410E-3
1.083000E-7	3.332000E-3
1.084000E-7	3.845935E-3
1.085000E-7	4.068639E-3
1.086000E-7	3.529008E-3
1.087000E-7	2.792369E-3
1.088000E-7	2.227042E-3
1.089000E-7	1.336222E-3
1.090000E-7	8.394194E-4
1.091000E-7	4.539687E-4
1.092000E-7	1.798705E-4
1.093000E-7	3.597474E-4
1.094000E-7	7.366325E-4
1.095000E-7	1.550362E-3
1.096000E-7	2.466878E-3
1.097000E-7	3.126427E-3
1.098000E-7	2.989377E-3
1.099000E-7	2.338394E-3
1.100000E-7	1.464706E-3
1.101000E-7	4.111409E-4
1.102000E-7	-1.027933E-4
1.103000E-7	-4.283435E-5
1.104000E-7	3.683130E-4
1.105000E-7	1.087821E-3
1.106000E-7	1.713108E-3
1.107000E-7	1.439009E-3
1.108000E-7	1.036427E-3
1.109000E-7	7.109358E-4
1.110000E-7	6.424113E-4
1.111000E-7	1.019296E-3
1.112000E-7	1.601755E-3
1.113000E-7	2.269870E-3
1.114000E-7	2.715279E-3
1.115000E-7	2.501140E-3
1.116000E-7	2.158517E-3
1.117000E-7	1.807329E-3
1.118000E-7	1.910116E-3
1.119000E-7	1.653149E-3
1.120000E-7	2.012902E-3
1.121000E-7	2.107124E-3
1.122000E-7	2.012902E-3
1.123000E-7	1.721673E-3
1.124000E-7	1.421878E-3
1.125000E-7	9.593374E-4
1.126000E-7	8.222882E-4
1.127000E-7	7.794604E-4
1.128000E-7	6.424113E-4
1.129000E-7	8.479849E-4
1.130000E-7	1.164911E-3
1.131000E-7	1.430444E-3
1.132000E-7	1.807329E-3
1.133000E-7	1.987206E-3
1.134000E-7	1.927247E-3
1.135000E-7	1.627452E-3
1.136000E-7	1.618886E-3
1.137000E-7	1.490403E-3
1.138000E-7	1.516099E-3
1.139000E-7	1.567493E-3
1.140000E-7	1.773067E-3
1.141000E-7	1.661714E-3
1.142000E-7	1.567493E-3
1.143000E-7	1.507534E-3
1.144000E-7	1.516099E-3
1.145000E-7	1.627452E-3
1.146000E-7	1.858722E-3
1.147000E-7	1.833026E-3
1.148000E-7	1.798763E-3
1.149000E-7	1.730239E-3
1.150000E-7	1.584624E-3
1.151000E-7	1.481837E-3
1.152000E-7	1.379050E-3
1.153000E-7	1.396181E-3
1.154000E-7	1.541796E-3
1.155000E-7	1.498968E-3
1.156000E-7	1.755935E-3
1.157000E-7	1.541796E-3
1.158000E-7	1.713108E-3
1.159000E-7	1.704542E-3
1.160000E-7	1.661714E-3
1.161000E-7	1.224870E-3
1.162000E-7	7.195014E-4
1.163000E-7	5.481900E-4
1.164000E-7	2.483950E-4
1.165000E-7	2.398295E-4
1.166000E-7	7.623292E-4
1.167000E-7	1.447575E-3
1.168000E-7	2.149952E-3
1.169000E-7	2.758107E-3
1.170000E-7	3.134992E-3
1.171000E-7	3.109295E-3
1.172000E-7	2.800935E-3
1.173000E-7	2.595361E-3
1.174000E-7	2.227042E-3
1.175000E-7	1.910116E-3
1.176000E-7	1.618886E-3
1.177000E-7	1.481837E-3
1.178000E-7	1.524665E-3
1.179000E-7	1.430444E-3
1.180000E-7	1.310526E-3
1.181000E-7	1.010731E-3
1.182000E-7	4.710999E-4
1.183000E-7	1.970016E-4
1.184000E-7	1.713049E-4
1.185000E-7	3.169196E-4
1.186000E-7	5.567556E-4
1.187000E-7	7.794604E-4
1.188000E-7	1.053559E-3
1.189000E-7	1.353354E-3
1.190000E-7	1.558927E-3
1.191000E-7	1.421878E-3
1.192000E-7	1.353354E-3
1.193000E-7	8.908128E-4
1.194000E-7	4.539687E-4
1.195000E-7	4.282135E-5
1.196000E-7	-1.627523E-4
1.197000E-7	-2.398425E-4
1.198000E-7	-1.541868E-4
1.199000E-7	2.483950E-4
1.200000E-7	5.653211E-4
1.201000E-7	1.002165E-3
1.202000E-7	1.353354E-3
1.203000E-7	1.481837E-3
1.204000E-7	1.661714E-3
1.205000E-7	1.790198E-3
1.206000E-7	1.747370E-3
1.207000E-7	1.781632E-3
1.208000E-7	1.601755E-3
1.209000E-7	1.379050E-3
1.210000E-7	1.156345E-3
1.211000E-7	6.167146E-4
1.212000E-7	1.456082E-4
1.213000E-7	2.569021E-5
1.214000E-7	-5.996549E-5
1.215000E-7	-2.655392E-4
1.216000E-7	1.456082E-4
1.217000E-7	7.708948E-4
1.218000E-7	8.222882E-4
1.219000E-7	8.736817E-4
1.220000E-7	6.509768E-4
1.221000E-7	1.541738E-4
1.222000E-7	-1.456212E-4
1.223000E-7	-2.998015E-4
1.224000E-7	5.138692E-5
1.225000E-7	4.282720E-4
1.226000E-7	1.190608E-3
1.227000E-7	1.533231E-3
1.228000E-7	1.841591E-3
1.229000E-7	2.012902E-3
1.230000E-7	1.815894E-3
1.231000E-7	1.550362E-3
1.232000E-7	1.087821E-3
1.233000E-7	5.910178E-4
1.234000E-7	1.113459E-4
1.235000E-7	-6.497430E-9
1.236000E-7	-1.713764E-5
1.237000E-7	2.055672E-4
1.238000E-7	6.938047E-4
1.239000E-7	1.156345E-3
1.240000E-7	1.781632E-3
1.241000E-7	2.201345E-3
1.242000E-7	2.561099E-3
1.243000E-7	2.732410E-3
1.244000E-7	2.603927E-3
1.245000E-7	1.901550E-3
1.246000E-7	1.473272E-3
1.247000E-7	1.087821E-3
1.248000E-7	1.310526E-3
1.249000E-7	1.695976E-3
1.250000E-7	2.201345E-3
1.251000E-7	2.141386E-3
1.252000E-7	1.987206E-3
1.253000E-7	1.610321E-3
1.254000E-7	1.190608E-3
1.255000E-7	1.087821E-3
1.256000E-7	1.250567E-3
1.257000E-7	1.524665E-3
1.258000E-7	1.644583E-3
1.259000E-7	1.576058E-3
1.260000E-7	1.421878E-3
1.261000E-7	1.473272E-3
1.262000E-7	1.678845E-3
1.263000E-7	1.892985E-3
1.264000E-7	2.338394E-3
1.265000E-7	2.518271E-3
1.266000E-7	2.740976E-3
1.267000E-7	2.235607E-3
1.268000E-7	1.927247E-3
1.269000E-7	1.044993E-3
1.270000E-7	5.995834E-4
1.271000E-7	1.370426E-4
1.272000E-7	-5.139992E-5
1.273000E-7	-6.497430E-9
1.274000E-7	3.426163E-4
1.275000E-7	2.483950E-4
1.276000E-7	3.854442E-4
1.277000E-7	3.426163E-4
1.278000E-7	1.627393E-4
1.279000E-7	2.569606E-4
1.280000E-7	6.338457E-4
1.281000E-7	1.044993E-3
1.282000E-7	1.627452E-3
1.283000E-7	2.132820E-3
1.284000E-7	2.424050E-3
1.285000E-7	2.629624E-3
1.286000E-7	2.509706E-3
1.287000E-7	2.038599E-3
1.288000E-7	1.610321E-3
1.289000E-7	1.036427E-3
1.290000E-7	5.738867E-4
1.291000E-7	5.738867E-4
1.292000E-7	5.481900E-4
1.293000E-7	6.852391E-4
1.294000E-7	1.079255E-3
1.295000E-7	1.173477E-3
1.296000E-7	1.379050E-3
1.297000E-7	1.379050E-3
1.298000E-7	1.207739E-3
1.299000E-7	9.165095E-4
1.300000E-7	9.250751E-4
1.301000E-7	1.113518E-3
1.302000E-7	1.387616E-3
1.303000E-7	1.918681E-3
1.304000E-7	1.875853E-3
1.305000E-7	1.713108E-3
1.306000E-7	1.464706E-3
1.307000E-7	9.850341E-4
1.308000E-7	6.338457E-4
1.309000E-7	4.282720E-4
1.310000E-7	4.882310E-4
1.311000E-7	4.454032E-4
1.312000E-7	7.451981E-4
1.313000E-7	9.679029E-4
1.314000E-7	1.242001E-3
1.315000E-7	1.130649E-3
1.316000E-7	9.593374E-4
1.317000E-7	3.083540E-4
1.318000E-7	7.708363E-5
1.319000E-7	-4.283435E-5
1.320000E-7	1.027803E-4
1.321000E-7	4.539687E-4
1.322000E-7	1.122083E-3
1.323000E-7	1.379050E-3
1.324000E-7	1.558927E-3
1.325000E-7	1.447575E-3
1.326000E-7	1.122083E-3
1.327000E-7	8.822472E-4
1.328000E-7	8.736817E-4
1.329000E-7	8.394194E-4
1.330000E-7	9.507718E-4
1.331000E-7	9.593374E-4
1.332000E-7	1.002165E-3
1.333000E-7	1.019296E-3
1.334000E-7	1.070690E-3
1.335000E-7	1.070690E-3
1.336000E-7	1.319091E-3
1.337000E-7	1.353354E-3
1.338000E-7	1.199173E-3
1.339000E-7	8.137227E-4
1.340000E-7	3.854442E-4
1.341000E-7	-1.713764E-5
1.342000E-7	-2.569736E-4
1.343000E-7	-3.340637E-4
1.344000E-7	-2.998015E-4
1.345000E-7	2.569021E-5
1.346000E-7	2.141328E-4
1.347000E-7	2.740917E-4
1.348000E-7	5.653211E-4
1.349000E-7	1.010731E-3
1.350000E-7	1.327657E-3
1.351000E-7	1.567493E-3
1.352000E-7	1.481837E-3
1.353000E-7	1.216304E-3
1.354000E-7	9.165095E-4
1.355000E-7	5.995834E-4
1.356000E-7	2.141328E-4
1.357000E-7	-6.853106E-5
1.358000E-7	-8.566220E-5
1.359000E-7	8.559073E-6
1.360000E-7	1.884360E-4
1.361000E-7	5.653211E-4
1.362000E-7	7.965915E-4
1.363000E-7	1.027862E-3
1.364000E-7	1.164911E-3
1.365000E-7	1.053559E-3
1.366000E-7	1.293395E-3
1.367000E-7	1.361919E-3
1.368000E-7	1.541796E-3
1.369000E-7	1.713108E-3
1.370000E-7	1.747370E-3
1.371000E-7	1.473272E-3
1.372000E-7	1.413313E-3
1.373000E-7	1.096386E-3
1.374000E-7	7.623292E-4
1.375000E-7	4.625343E-4
1.376000E-7	-1.284900E-4
1.377000E-7	-7.452111E-4
1.378000E-7	-9.165225E-4
1.379000E-7	-9.165225E-4
1.380000E-7	-4.539817E-4
1.381000E-7	2.912229E-4
1.382000E-7	9.850341E-4
1.383000E-7	1.182042E-3
1.384000E-7	1.473272E-3
1.385000E-7	1.139214E-3
1.386000E-7	8.736817E-4
1.387000E-7	4.967966E-4
1.388000E-7	7.195014E-4
1.389000E-7	7.794604E-4
1.390000E-7	1.250567E-3
1.391000E-7	1.481837E-3
1.392000E-7	1.516099E-3
1.393000E-7	1.498968E-3
1.394000E-7	1.190608E-3
1.395000E-7	8.565505E-4
1.396000E-7	6.595424E-4
1.397000E-7	6.595424E-4
1.398000E-7	9.679029E-4
1.399000E-7	1.002165E-3
1.400000E-7	1.336222E-3
1.401000E-7	1.327657E-3
1.402000E-7	1.190608E-3
1.403000E-7	8.394194E-4
1.404000E-7	3.426163E-4
1.405000E-7	2.398295E-4
1.406000E-7	3.511819E-4
1.407000E-7	3.854442E-4
1.408000E-7	5.995834E-4
1.409000E-7	8.651161E-4
1.410000E-7	9.935996E-4
1.411000E-7	1.310526E-3
1.412000E-7	1.713108E-3
1.413000E-7	1.961509E-3
1.414000E-7	2.072861E-3
1.415000E-7	1.618886E-3
1.416000E-7	1.481837E-3
1.417000E-7	8.908128E-4
1.418000E-7	8.736817E-4
1.419000E-7	1.002165E-3
1.420000E-7	1.584624E-3
1.421000E-7	1.970075E-3
1.422000E-7	2.072861E-3
1.423000E-7	1.524665E-3
1.424000E-7	7.880260E-4
1.425000E-7	-2.398425E-4
1.426000E-7	-9.850471E-4
1.427000E-7	-1.276276E-3
1.428000E-7	-1.259145E-3
1.429000E-7	-9.165225E-4
1.430000E-7	-2.570321E-5
1.431000E-7	6.338457E-4
1.432000E-7	1.113518E-3
1.433000E-7	1.019296E-3
1.434000E-7	1.010731E-3
1.435000E-7	8.479849E-4
1.436000E-7	8.736817E-4
1.437000E-7	7.623292E-4
1.438000E-7	7.366325E-4
1.439000E-7	9.422062E-4
1.440000E-7	6.509768E-4
1.441000E-7	4.539687E-4
1.442000E-7	2.740917E-4
1.443000E-7	-4.283435E-5
1.444000E-7	-5.996549E-5
1.445000E-7	2.740917E-4
1.446000E-7	6.252801E-4
1.447000E-7	1.242001E-3
1.448000E-7	1.576058E-3
1.449000E-7	1.678845E-3
1.450000E-7	1.738804E-3
1.451000E-7	1.670280E-3
1.452000E-7	1.370485E-3
1.453000E-7	1.276263E-3
1.454000E-7	9.764685E-4
1.455000E-7	6.424113E-4
1.456000E-7	3.511819E-4
1.457000E-7	8.564920E-5
1.458000E-7	7.708363E-5
1.459000E-7	2.483950E-4
1.460000E-7	7.109358E-4
1.461000E-7	1.113518E-3
1.462000E-7	1.353354E-3
1.463000E-7	1.567493E-3
1.464000E-7	1.473272E-3
1.465000E-7	1.370485E-3
1.466000E-7	1.207739E-3
1.467000E-7	8.479849E-4
1.468000E-7	7.280670E-4
1.469000E-7	6.852391E-4
1.470000E-7	7.794604E-4
1.471000E-7	8.651161E-4
1.472000E-7	1.104952E-3
1.473000E-7	1.147780E-3
1.474000E-7	1.276263E-3
1.475000E-7	1.259132E-3
1.476000E-7	1.173477E-3
1.477000E-7	1.216304E-3
1.478000E-7	1.207739E-3
1.479000E-7	9.935996E-4
1.480000E-7	9.593374E-4
1.481000E-7	5.995834E-4
1.482000E-7	7.708363E-5
1.483000E-7	-3.254982E-4
1.484000E-7	-4.282850E-4
1.485000E-7	-1.970146E-4
1.486000E-7	2.483950E-4
1.487000E-7	7.537637E-4
1.488000E-7	1.156345E-3
1.489000E-7	1.541796E-3
1.490000E-7	1.421878E-3
1.491000E-7	9.935996E-4
1.492000E-7	3.940097E-4
1.493000E-7	2.569021E-5
1.494000E-7	-9.422777E-5
1.495000E-7	1.884360E-4
1.496000E-7	7.023703E-4
1.497000E-7	1.139214E-3
1.498000E-7	1.507534E-3
1.499000E-7	1.456140E-3
1.500000E-7	1.087821E-3
1.501000E-7	6.766735E-4
1.502000E-7	5.481900E-4
1.503000E-7	5.481900E-4
1.504000E-7	5.567556E-4
1.505000E-7	5.139277E-4
1.506000E-7	3.254852E-4
1.507000E-7	-2.141458E-4
1.508000E-7	-5.139407E-4
1.509000E-7	-5.567686E-4
1.510000E-7	-1.713764E-5
1.511000E-7	7.965915E-4
1.512000E-7	1.721673E-3
1.513000E-7	2.304132E-3
1.514000E-7	2.441181E-3
1.515000E-7	1.961509E-3
1.516000E-7	1.293395E-3
1.517000E-7	7.537637E-4
1.518000E-7	2.826573E-4
1.519000E-7	1.541738E-4
1.520000E-7	3.940097E-4
1.521000E-7	5.824523E-4
1.522000E-7	1.019296E-3
1.523000E-7	1.087821E-3
1.524000E-7	1.079255E-3
1.525000E-7	9.593374E-4
1.526000E-7	8.394194E-4
1.527000E-7	4.967966E-4
1.528000E-7	3.597474E-4
1.529000E-7	2.740917E-4
1.530000E-7	4.539687E-4
1.531000E-7	9.165095E-4
1.532000E-7	1.404747E-3
1.533000E-7	1.584624E-3
1.534000E-7	1.927247E-3
1.535000E-7	1.644583E-3
1.536000E-7	1.379050E-3
1.537000E-7	9.593374E-4
1.538000E-7	5.481900E-4
1.539000E-7	-1.113589E-4
1.540000E-7	-2.912359E-4
1.541000E-7	-3.511949E-4
1.542000E-7	-9.422777E-5
1.543000E-7	3.340507E-4
1.544000E-7	6.252801E-4
1.545000E-7	6.509768E-4
1.546000E-7	5.053621E-4
1.547000E-7	4.882310E-4
1.548000E-7	9.421477E-5
1.549000E-7	-4.283435E-5
1.550000E-7	-2.312769E-4
1.551000E-7	-4.711129E-4
1.552000E-7	-5.139407E-4
1.553000E-7	-4.625473E-4
1.554000E-7	-1.713179E-4
1.555000E-7	-8.572068E-6
1.556000E-7	7.708363E-5
1.557000E-7	-7.709663E-5
1.558000E-7	-4.197194E-4
1.559000E-7	-4.625473E-4
1.560000E-7	-6.338587E-4
1.561000E-7	-4.539817E-4
1.562000E-7	-6.497430E-9
1.563000E-7	4.197064E-4
1.564000E-7	8.822472E-4
1.565000E-7	1.199173E-3
1.566000E-7	1.267698E-3
1.567000E-7	1.173477E-3
1.568000E-7	1.147780E-3
1.569000E-7	8.308538E-4
1.570000E-7	7.366325E-4
1.571000E-7	7.023703E-4
1.572000E-7	5.224933E-4
1.573000E-7	5.224933E-4
1.574000E-7	4.197064E-4
1.575000E-7	4.539687E-4
1.576000E-7	8.479849E-4
1.577000E-7	1.319091E-3
1.578000E-7	1.730239E-3
1.579000E-7	1.764501E-3
1.580000E-7	1.644583E-3
1.581000E-7	1.327657E-3
1.582000E-7	1.319091E-3
1.583000E-7	1.079255E-3
1.584000E-7	1.182042E-3
1.585000E-7	1.019296E-3
1.586000E-7	8.479849E-4
1.587000E-7	7.880260E-4
1.588000E-7	5.567556E-4
1.589000E-7	3.083540E-4
1.590000E-7	2.569606E-4
1.591000E-7	5.139277E-4
1.592000E-7	7.023703E-4
1.593000E-7	8.565505E-4
1.594000E-7	9.850341E-4
1.595000E-7	1.242001E-3
1.596000E-7	1.370485E-3
1.597000E-7	1.156345E-3
1.598000E-7	8.908128E-4
1.599000E-7	2.569606E-4
1.600000E-7	-7.709663E-5
1.601000E-7	-1.970146E-4
1.602000E-7	-9.422777E-5
1.603000E-7	4.197064E-4
1.604000E-7	1.164911E-3
1.605000E-7	1.259132E-3
1.606000E-7	1.327657E-3
1.607000E-7	9.764685E-4
1.608000E-7	7.023703E-4
1.609000E-7	4.710999E-4
1.610000E-7	2.569606E-4
1.611000E-7	1.113459E-4
1.612000E-7	4.111409E-4
1.613000E-7	6.081490E-4
1.614000E-7	6.852391E-4
1.615000E-7	7.109358E-4
1.616000E-7	6.252801E-4
1.617000E-7	2.826573E-4
1.618000E-7	6.851806E-5
1.619000E-7	-1.199245E-4
1.620000E-7	-2.912359E-4
1.621000E-7	-2.569736E-4
1.622000E-7	-2.741047E-4
1.623000E-7	1.712464E-5
1.624000E-7	5.139277E-4
1.625000E-7	1.113518E-3
1.626000E-7	1.533231E-3
1.627000E-7	1.927247E-3
1.628000E-7	1.995771E-3
1.629000E-7	1.644583E-3
1.630000E-7	1.396181E-3
1.631000E-7	6.766735E-4
1.632000E-7	3.169196E-4
1.633000E-7	2.483950E-4
1.634000E-7	2.826573E-4
1.635000E-7	3.169196E-4
1.636000E-7	4.368376E-4
1.637000E-7	5.653211E-4
1.638000E-7	7.880260E-4
1.639000E-7	1.096386E-3
1.640000E-7	1.259132E-3
1.641000E-7	1.276263E-3
1.642000E-7	1.053559E-3
1.643000E-7	5.310589E-4
1.644000E-7	1.199115E-4
1.645000E-7	-1.713179E-4
1.646000E-7	-2.055802E-4
1.647000E-7	1.712464E-5
1.648000E-7	6.509768E-4
1.649000E-7	1.173477E-3
1.650000E-7	1.199173E-3
1.651000E-7	1.070690E-3
1.652000E-7	7.451981E-4
1.653000E-7	1.713049E-4
1.654000E-7	-2.227113E-4
1.655000E-7	-1.113589E-4
1.656000E-7	3.169196E-4
1.657000E-7	7.366325E-4
1.658000E-7	1.087821E-3
1.659000E-7	8.394194E-4
1.660000E-7	5.224933E-4
1.661000E-7	-3.426878E-5
1.662000E-7	-3.683260E-4
1.663000E-7	-2.998015E-4
1.664000E-7	3.425578E-5
1.665000E-7	3.426163E-4
1.666000E-7	6.681080E-4
1.667000E-7	4.368376E-4
1.668000E-7	1.712464E-5
1.669000E-7	-6.338587E-4
1.670000E-7	-1.199186E-3
1.671000E-7	-1.695989E-3
1.672000E-7	-1.558940E-3
1.673000E-7	-8.479979E-4
1.674000E-7	-1.456212E-4
1.675000E-7	7.537637E-4
1.676000E-7	1.498968E-3
1.677000E-7	1.713108E-3
1.678000E-7	1.490403E-3
1.679000E-7	9.850341E-4
1.680000E-7	5.310589E-4
1.681000E-7	2.312639E-4
1.682000E-7	2.226983E-4
1.683000E-7	1.970016E-4
1.684000E-7	5.224933E-4
1.685000E-7	7.366325E-4
1.686000E-7	6.509768E-4
1.687000E-7	4.710999E-4
1.688000E-7	5.138692E-5
1.689000E-7	-1.798835E-4
1.690000E-7	1.712464E-5
1.691000E-7	3.940097E-4
1.692000E-7	1.087821E-3
1.693000E-7	1.636017E-3
1.694000E-7	1.858722E-3
1.695000E-7	1.319091E-3
1.696000E-7	6.252801E-4
1.697000E-7	3.425578E-5
1.698000E-7	-2.741047E-4
1.699000E-7	-7.709663E-5
1.700000E-7	4.282720E-4
1.701000E-7	8.908128E-4
1.702000E-7	1.113518E-3
1.703000E-7	1.096386E-3
1.704000E-7	8.051571E-4
1.705000E-7	3.426163E-4
1.706000E-7	2.826573E-4
1.707000E-7	2.226983E-4
1.708000E-7	5.567556E-4
1.709000E-7	6.766735E-4
1.710000E-7	5.995834E-4
1.711000E-7	5.396244E-4
1.712000E-7	2.740917E-4
1.713000E-7	-5.139992E-5
1.714000E-7	-1.027933E-4
1.715000E-7	1.627393E-4
1.716000E-7	4.197064E-4
1.717000E-7	6.167146E-4
1.718000E-7	9.593374E-4
1.719000E-7	1.044993E-3
1.720000E-7	1.267698E-3
1.721000E-7	1.344788E-3
1.722000E-7	1.113518E-3
1.723000E-7	7.451981E-4
1.724000E-7	3.426163E-4
1.725000E-7	-1.884490E-4
1.726000E-7	-4.282850E-4
1.727000E-7	-2.655392E-4
1.728000E-7	7.708363E-5
1.729000E-7	6.509768E-4
1.730000E-7	1.027862E-3
1.731000E-7	1.293395E-3
1.732000E-7	1.464706E-3
1.733000E-7	1.593190E-3
1.734000E-7	1.379050E-3
1.735000E-7	9.935996E-4
1.736000E-7	5.995834E-4
1.737000E-7	9.421477E-5
1.738000E-7	-1.798835E-4
1.739000E-7	-2.484080E-4
1.740000E-7	-2.055802E-4
1.741000E-7	1.541738E-4
1.742000E-7	3.854442E-4
1.743000E-7	4.197064E-4
1.744000E-7	2.569606E-4
1.745000E-7	-2.655392E-4
1.746000E-7	-9.764815E-4
1.747000E-7	-1.276276E-3
1.748000E-7	-1.224883E-3
1.749000E-7	-6.681210E-4
1.750000E-7	4.625343E-4
1.751000E-7	1.284829E-3
1.752000E-7	1.498968E-3
1.753000E-7	1.370485E-3
1.754000E-7	7.708948E-4
1.755000E-7	2.226983E-4
1.756000E-7	3.425578E-5
1.757000E-7	1.027803E-4
1.758000E-7	4.625343E-4
1.759000E-7	7.366325E-4
1.760000E-7	8.394194E-4
1.761000E-7	7.023703E-4
1.762000E-7	3.854442E-4
1.763000E-7	7.708363E-5
1.764000E-7	-7.709663E-5
1.765000E-7	1.199115E-4
1.766000E-7	3.683130E-4
1.767000E-7	4.197064E-4
1.768000E-7	3.940097E-4
1.769000E-7	-1.713764E-5
1.770000E-7	-5.053751E-4
1.771000E-7	-9.593504E-4
1.772000E-7	-9.165225E-4
1.773000E-7	-7.366455E-4
1.774000E-7	-3.683260E-4
1.775000E-7	3.425578E-5
1.776000E-7	3.854442E-4
1.777000E-7	3.597474E-4
1.778000E-7	-1.113589E-4
1.779000E-7	-6.167275E-4
1.780000E-7	-6.681210E-4
1.781000E-7	-5.738997E-4
1.782000E-7	-3.768916E-4
1.783000E-7	2.398295E-4
1.784000E-7	8.222882E-4
1.785000E-7	7.623292E-4
1.786000E-7	6.595424E-4
1.787000E-7	4.282720E-4
1.788000E-7	2.312639E-4
1.789000E-7	3.340507E-4
1.790000E-7	6.509768E-4
1.791000E-7	7.366325E-4
1.792000E-7	7.109358E-4
1.793000E-7	5.053621E-4
1.794000E-7	-1.713764E-5
1.795000E-7	-3.340637E-4
1.796000E-7	-4.025883E-4
1.797000E-7	-3.083670E-4
1.798000E-7	5.138692E-5
1.799000E-7	5.053621E-4
1.800000E-7	7.023703E-4
1.801000E-7	7.623292E-4
1.802000E-7	8.137227E-4
1.803000E-7	6.766735E-4
1.804000E-7	7.537637E-4
1.805000E-7	1.079255E-3
1.806000E-7	9.850341E-4
1.807000E-7	1.259132E-3
1.808000E-7	1.507534E-3
1.809000E-7	1.524665E-3
1.810000E-7	1.618886E-3
1.811000E-7	1.584624E-3
1.812000E-7	1.216304E-3
1.813000E-7	1.079255E-3
1.814000E-7	1.113518E-3
1.815000E-7	6.852391E-4
1.816000E-7	6.852391E-4
1.817000E-7	4.710999E-4
1.818000E-7	5.396244E-4
1.819000E-7	3.683130E-4
1.820000E-7	3.254852E-4
1.821000E-7	-4.283435E-5
1.822000E-7	-2.141458E-4
1.823000E-7	-3.083670E-4
1.824000E-7	-2.398425E-4
1.825000E-7	-1.284900E-4
1.826000E-7	1.970016E-4
1.827000E-7	5.053621E-4
1.828000E-7	5.653211E-4
1.829000E-7	1.062124E-3
1.830000E-7	1.139214E-3
1.831000E-7	1.242001E-3
1.832000E-7	1.182042E-3
1.833000E-7	9.336407E-4
1.834000E-7	8.394194E-4
1.835000E-7	6.081490E-4
1.836000E-7	4.197064E-4
1.837000E-7	1.884360E-4
1.838000E-7	1.027803E-4
1.839000E-7	-2.312769E-4
1.840000E-7	-1.798835E-4
1.841000E-7	-1.713764E-5
1.842000E-7	8.564920E-5
1.843000E-7	1.627393E-4
1.844000E-7	3.768786E-4
1.845000E-7	4.539687E-4
1.846000E-7	6.766735E-4
1.847000E-7	8.651161E-4
1.848000E-7	9.079439E-4
1.849000E-7	1.130649E-3
1.850000E-7	1.233436E-3
1.851000E-7	1.199173E-3
1.852000E-7	1.293395E-3
1.853000E-7	1.207739E-3
1.854000E-7	1.010731E-3
1.855000E-7	6.252801E-4
1.856000E-7	2.997885E-4
1.857000E-7	-5.139992E-5
1.858000E-7	-2.227113E-4
1.859000E-7	-3.340637E-4
1.860000E-7	-6.424243E-4
1.861000E-7	-8.993914E-4
1.862000E-7	-1.130662E-3
1.863000E-7	-1.413326E-3
1.864000E-7	-1.439022E-3
1.865000E-7	-1.173490E-3
1.866000E-7	-5.995964E-4
1.867000E-7	1.798705E-4
1.868000E-7	5.995834E-4
1.869000E-7	8.394194E-4
1.870000E-7	7.794604E-4
1.871000E-7	5.224933E-4
1.872000E-7	2.055672E-4
1.873000E-7	-1.027933E-4
1.874000E-7	-2.912359E-4
1.875000E-7	-3.854572E-4
1.876000E-7	-1.027933E-4
1.877000E-7	3.940097E-4
1.878000E-7	6.424113E-4
1.879000E-7	1.301960E-3
1.880000E-7	1.636017E-3
1.881000E-7	1.773067E-3
1.882000E-7	1.670280E-3
1.883000E-7	1.618886E-3
1.884000E-7	1.379050E-3
1.885000E-7	1.207739E-3
1.886000E-7	1.044993E-3
1.887000E-7	1.010731E-3
1.888000E-7	9.422062E-4
1.889000E-7	1.053559E-3
1.890000E-7	1.010731E-3
1.891000E-7	1.216304E-3
1.892000E-7	1.276263E-3
1.893000E-7	1.096386E-3
1.894000E-7	7.366325E-4
1.895000E-7	4.625343E-4
1.896000E-7	-6.853106E-5
1.897000E-7	-1.884490E-4
1.898000E-7	8.559073E-6
1.899000E-7	2.398295E-4
1.900000E-7	5.053621E-4
1.901000E-7	6.338457E-4
1.902000E-7	3.426163E-4
1.903000E-7	3.254852E-4
1.904000E-7	1.627393E-4
1.905000E-7	-1.713764E-5
1.906000E-7	7.708363E-5
1.907000E-7	6.851806E-5
1.908000E-7	-2.570321E-5
1.909000E-7	1.712464E-5
1.910000E-7	8.559073E-6
1.911000E-7	2.569021E-5
1.912000E-7	2.398295E-4
1.913000E-7	2.655262E-4
1.914000E-7	1.113459E-4
1.915000E-7	-6.853106E-5
1.916000E-7	-4.111539E-4
1.917000E-7	-4.368506E-4
1.918000E-7	-2.655392E-4
1.919000E-7	-2.569736E-4
1.920000E-7	-2.398425E-4
1.921000E-7	-2.227113E-4
1.922000E-7	-4.968096E-4
1.923000E-7	-8.137357E-4
1.924000E-7	-1.070703E-3
1.925000E-7	-9.936126E-4
1.926000E-7	-5.995964E-4
1.927000E-7	4.282135E-5
1.928000E-7	4.539687E-4
1.929000E-7	7.023703E-4
1.930000E-7	8.051571E-4
1.931000E-7	7.280670E-4
1.932000E-7	6.595424E-4
1.933000E-7	7.965915E-4
1.934000E-7	8.736817E-4
1.935000E-7	7.023703E-4
1.936000E-7	5.824523E-4
1.937000E-7	2.912229E-4
1.938000E-7	4.282135E-5
1.939000E-7	-3.426878E-5
1.940000E-7	1.712464E-5
1.941000E-7	-1.199245E-4
1.942000E-7	-1.199245E-4
1.943000E-7	5.138692E-5
1.944000E-7	9.421477E-5
1.945000E-7	3.083540E-4
1.946000E-7	5.310589E-4
1.947000E-7	4.025753E-4
1.948000E-7	2.398295E-4
1.949000E-7	-2.141458E-4
1.950000E-7	-8.651291E-4
1.951000E-7	-1.267711E-3
1.952000E-7	-1.396194E-3
1.953000E-7	-1.199186E-3
1.954000E-7	-6.509898E-4
1.955000E-7	8.564920E-5
1.956000E-7	6.681080E-4
1.957000E-7	1.233436E-3
1.958000E-7	1.439009E-3
1.959000E-7	1.156345E-3
1.960000E-7	8.051571E-4
1.961000E-7	3.683130E-4
1.962000E-7	-3.854572E-4
1.963000E-7	-5.225063E-4
1.964000E-7	-5.482030E-4
1.965000E-7	-2.055802E-4
1.966000E-7	1.713049E-4
1.967000E-7	4.882310E-4
1.968000E-7	4.625343E-4
1.969000E-7	3.083540E-4
1.970000E-7	2.569021E-5
1.971000E-7	6.851806E-5
1.972000E-7	1.284771E-4
1.973000E-7	4.197064E-4
1.974000E-7	5.224933E-4
1.975000E-7	6.852391E-4
1.976000E-7	5.224933E-4
1.977000E-7	4.539687E-4
1.978000E-7	3.597474E-4
1.979000E-7	1.541738E-4
1.980000E-7	1.113459E-4
1.981000E-7	-6.497430E-9
1.982000E-7	3.425578E-5
1.983000E-7	4.282135E-5
1.984000E-7	1.884360E-4
1.985000E-7	2.312639E-4
1.986000E-7	2.312639E-4
1.987000E-7	5.995249E-5
1.988000E-7	-2.141458E-4
1.989000E-7	-7.966045E-4
1.990000E-7	-1.062137E-3
1.991000E-7	-1.173490E-3
1.992000E-7	-1.079268E-3
1.993000E-7	-8.908258E-4
1.994000E-7	-6.081620E-4
1.995000E-7	-5.053751E-4
1.996000E-7	-5.910308E-4
1.997000E-7	-8.993914E-4
1.998000E-7	-9.936126E-4
1.999000E-7	-1.182055E-3
2.000000E-7	-9.422192E-4
2.001000E-7	-6.509898E-4
