Study Name	Tungsten_Calibration
Sample Name	2024-10-03
Run Name	baseline_2000
Operator	Elena
Date	10/3/2024
Time	10:19
Sign	NEG
Grating Spacing	03.40um
Channel	3
Number Traces	2000
Files in Batch	6
Batch Number	3
dt	100.000001E-12
time stamp (ms)	10:19:45 AM
	
Time	Amplitude
0.000000E+0	-1.730089E-4
1.000000E-10	-3.460330E-4
2.000000E-10	-5.516062E-4
3.000000E-10	-7.109255E-4
4.000000E-10	-8.051465E-4
5.000000E-10	-7.743105E-4
6.000000E-10	-7.554663E-4
7.000000E-10	-7.571794E-4
8.000000E-10	-7.811630E-4
9.000000E-10	-7.177779E-4
1.000000E-9	-5.379014E-4
1.100000E-9	-2.638038E-4
1.200000E-9	-4.452567E-5
1.300000E-9	-5.480433E-5
1.400000E-9	-2.312547E-4
1.500000E-9	-5.567456E-4
1.600000E-9	-8.959413E-4
1.700000E-9	-1.043269E-3
1.800000E-9	-9.815968E-4
1.900000E-9	-8.017203E-4
2.000000E-9	-6.561059E-4
2.100000E-9	-7.212041E-4
2.200000E-9	-9.370560E-4
2.300000E-9	-1.303662E-3
2.400000E-9	-1.504095E-3
2.500000E-9	-1.600030E-3
2.600000E-9	-1.375612E-3
2.700000E-9	-9.953017E-4
2.800000E-9	-6.286962E-4
2.900000E-9	-4.402541E-4
3.000000E-9	-4.882212E-4
3.100000E-9	-6.612453E-4
3.200000E-9	-8.376956E-4
3.300000E-9	-8.068596E-4
3.400000E-9	-6.064258E-4
3.500000E-9	-2.946397E-4
3.600000E-9	1.518652E-8
3.700000E-9	9.937557E-5
3.800000E-9	-7.536165E-5
3.900000E-9	-4.059919E-4
4.000000E-9	-7.537532E-4
4.100000E-9	-8.805234E-4
4.200000E-9	-8.445480E-4
4.300000E-9	-5.995733E-4
4.400000E-9	-2.432464E-4
4.500000E-9	-6.165677E-5
4.600000E-9	-5.823055E-5
4.700000E-9	-2.638038E-4
4.800000E-9	-5.481800E-4
4.900000E-9	-7.897285E-4
5.000000E-9	-9.336298E-4
5.100000E-9	-8.908020E-4
5.200000E-9	-6.972206E-4
5.300000E-9	-4.436803E-4
5.400000E-9	-1.969925E-4
5.500000E-9	-1.697923E-6
5.600000E-9	1.216460E-4
5.700000E-9	1.165067E-4
5.800000E-9	-1.113370E-4
5.900000E-9	-4.967867E-4
6.000000E-9	-1.022711E-3
6.100000E-9	-1.564054E-3
6.200000E-9	-1.822734E-3
6.300000E-9	-1.809029E-3
6.400000E-9	-1.639431E-3
6.500000E-9	-1.428719E-3
6.600000E-9	-1.223145E-3
6.700000E-9	-1.000441E-3
6.800000E-9	-7.880154E-4
6.900000E-9	-6.355486E-4
7.000000E-9	-4.779425E-4
7.100000E-9	-2.843611E-4
7.200000E-9	-1.113370E-4
7.300000E-9	-8.550364E-6
7.400000E-9	2.571184E-5
7.500000E-9	-3.082079E-5
7.600000E-9	-5.994366E-5
7.700000E-9	-1.026347E-5
7.800000E-9	1.404902E-4
7.900000E-9	4.265796E-4
8.000000E-9	7.109558E-4
8.100000E-9	8.548571E-4
8.200000E-9	8.634226E-4
8.300000E-9	6.372921E-4
8.400000E-9	3.169405E-4
8.500000E-9	-9.077964E-5
8.600000E-9	-4.299754E-4
8.700000E-9	-7.057861E-4
8.800000E-9	-9.970148E-4
8.900000E-9	-1.163187E-3
9.000000E-9	-1.276252E-3
9.100000E-9	-1.229998E-3
9.200000E-9	-1.070679E-3
9.300000E-9	-7.897285E-4
9.400000E-9	-5.533193E-4
9.500000E-9	-4.145574E-4
9.600000E-9	-5.070654E-4
9.700000E-9	-8.445480E-4
9.800000E-9	-1.209440E-3
9.900000E-9	-1.454415E-3
1.000000E-8	-1.589751E-3
1.010000E-8	-1.620587E-3
1.020000E-8	-1.685685E-3
1.030000E-8	-1.858709E-3
1.040000E-8	-2.011176E-3
1.050000E-8	-1.997471E-3
1.060000E-8	-1.822734E-3
1.070000E-8	-1.428719E-3
1.080000E-8	-8.908020E-4
1.090000E-8	-4.659507E-4
1.100000E-8	-2.038449E-4
1.110000E-8	-1.130501E-4
1.120000E-8	-9.420586E-5
1.130000E-8	5.483471E-5
1.140000E-8	1.713262E-4
1.150000E-8	3.340716E-4
1.160000E-8	3.255061E-4
1.170000E-8	2.038753E-4
1.180000E-8	-1.096239E-4
1.190000E-8	-5.087785E-4
1.200000E-8	-8.462612E-4
1.210000E-8	-1.106654E-3
1.220000E-8	-1.303662E-3
1.230000E-8	-1.538358E-3
1.240000E-8	-1.735365E-3
1.250000E-8	-1.838152E-3
1.260000E-8	-1.743931E-3
1.270000E-8	-1.548636E-3
1.280000E-8	-1.264260E-3
1.290000E-8	-9.302035E-4
1.300000E-8	-6.972206E-4
1.310000E-8	-4.265492E-4
1.320000E-8	-2.483858E-4
1.330000E-8	3.441407E-6
1.340000E-8	1.302115E-4
1.350000E-8	1.216460E-4
1.360000E-8	-2.175498E-4
1.370000E-8	-6.886550E-4
1.380000E-8	-1.289957E-3
1.390000E-8	-1.829586E-3
1.400000E-8	-2.045438E-3
1.410000E-8	-1.821021E-3
1.420000E-8	-1.298522E-3
1.430000E-8	-7.023599E-4
1.440000E-8	-2.757955E-4
1.450000E-8	-1.216156E-4
1.460000E-8	-1.627303E-4
1.470000E-8	-2.106973E-4
1.480000E-8	-2.706562E-4
1.490000E-8	-2.021318E-4
1.500000E-8	-5.651744E-5
1.510000E-8	3.599050E-5
1.520000E-8	-9.934519E-5
1.530000E-8	-3.820083E-4
1.540000E-8	-7.486139E-4
1.550000E-8	-9.815968E-4
1.560000E-8	-9.696051E-4
1.570000E-8	-6.818026E-4
1.580000E-8	-3.271888E-4
1.590000E-8	-1.540280E-5
1.600000E-8	5.140849E-5
1.610000E-8	-6.336988E-5
1.620000E-8	-3.460330E-4
1.630000E-8	-6.578191E-4
1.640000E-8	-9.696051E-4
1.650000E-8	-1.224858E-3
1.660000E-8	-1.389317E-3
1.670000E-8	-1.521227E-3
1.680000E-8	-1.639431E-3
1.690000E-8	-1.761062E-3
1.700000E-8	-1.752496E-3
1.710000E-8	-1.663415E-3
1.720000E-8	-1.456128E-3
1.730000E-8	-1.135777E-3
1.740000E-8	-9.147856E-4
1.750000E-8	-6.047126E-4
1.760000E-8	-2.655169E-4
1.770000E-8	-5.124144E-6
1.780000E-8	1.541951E-4
1.790000E-8	1.130804E-4
1.800000E-8	-6.165677E-5
1.810000E-8	-3.751559E-4
1.820000E-8	-6.852288E-4
1.830000E-8	-7.743105E-4
1.840000E-8	-7.229172E-4
1.850000E-8	-4.813687E-4
1.860000E-8	-3.117708E-4
1.870000E-8	-2.826480E-4
1.880000E-8	-4.042788E-4
1.890000E-8	-6.252700E-4
1.900000E-8	-7.246303E-4
1.910000E-8	-6.886550E-4
1.920000E-8	-5.567456E-4
1.930000E-8	-3.922870E-4
1.940000E-8	-2.620906E-4
1.950000E-8	-4.522459E-4
1.960000E-8	-7.143517E-4
1.970000E-8	-1.034703E-3
1.980000E-8	-1.185457E-3
1.990000E-8	-1.051834E-3
2.000000E-8	-6.372617E-4
2.010000E-8	-1.216156E-4
2.020000E-8	4.197271E-4
2.030000E-8	7.983245E-4
2.040000E-8	8.240211E-4
2.050000E-8	6.801199E-4
2.060000E-8	4.899646E-4
2.070000E-8	3.631945E-4
2.080000E-8	2.432768E-4
2.090000E-8	2.295719E-4
2.100000E-8	2.090146E-4
2.110000E-8	2.775390E-4
2.120000E-8	2.843914E-4
2.130000E-8	2.244326E-4
2.140000E-8	1.439164E-4
2.150000E-8	4.284294E-5
2.160000E-8	-1.438861E-4
2.170000E-8	-3.614510E-4
2.180000E-8	-4.882212E-4
2.190000E-8	-5.361882E-4
2.200000E-8	-4.488196E-4
2.210000E-8	-3.049184E-4
2.220000E-8	-8.564031E-5
2.230000E-8	9.252313E-5
2.240000E-8	2.090146E-4
2.250000E-8	2.158670E-4
2.260000E-8	2.228562E-5
2.270000E-8	-3.271888E-4
2.280000E-8	-8.034334E-4
2.290000E-8	-1.295096E-3
2.300000E-8	-1.656562E-3
2.310000E-8	-1.754209E-3
2.320000E-8	-1.526366E-3
2.330000E-8	-9.953017E-4
2.340000E-8	-3.940001E-4
2.350000E-8	6.168715E-5
2.360000E-8	2.073015E-4
2.370000E-8	-1.130501E-4
2.380000E-8	-6.715239E-4
2.390000E-8	-1.128924E-3
2.400000E-8	-1.324219E-3
2.410000E-8	-1.195736E-3
2.420000E-8	-8.925151E-4
2.430000E-8	-6.149913E-4
2.440000E-8	-5.207703E-4
2.450000E-8	-5.584587E-4
2.460000E-8	-7.297697E-4
2.470000E-8	-9.764575E-4
2.480000E-8	-1.086097E-3
2.490000E-8	-1.200875E-3
2.500000E-8	-1.325932E-3
2.510000E-8	-1.327645E-3
2.520000E-8	-1.180318E-3
2.530000E-8	-8.411218E-4
2.540000E-8	-4.248361E-4
2.550000E-8	7.710514E-5
2.560000E-8	4.025960E-4
2.570000E-8	5.430711E-4
2.580000E-8	4.745467E-4
2.590000E-8	2.741128E-4
2.600000E-8	3.427739E-5
2.610000E-8	-1.079107E-4
2.620000E-8	-1.216156E-4
2.630000E-8	-9.420586E-5
2.640000E-8	5.154517E-6
2.650000E-8	1.833180E-4
2.660000E-8	3.135143E-4
2.670000E-8	4.145878E-4
2.680000E-8	3.837518E-4
2.690000E-8	2.518424E-4
2.700000E-8	5.654782E-5
2.710000E-8	-1.336074E-4
2.720000E-8	-2.055580E-4
2.730000E-8	-1.798614E-4
2.740000E-8	-1.079107E-4
2.750000E-8	-1.473123E-4
2.760000E-8	-3.066315E-4
2.770000E-8	-6.441142E-4
2.780000E-8	-9.593264E-4
2.790000E-8	-1.248842E-3
2.800000E-8	-1.382465E-3
2.810000E-8	-1.267686E-3
2.820000E-8	-9.216380E-4
2.830000E-8	-5.533193E-4
2.840000E-8	-2.038449E-4
2.850000E-8	-9.420586E-5
2.860000E-8	-2.158367E-4
2.870000E-8	-5.070654E-4
2.880000E-8	-7.417614E-4
2.890000E-8	-8.102858E-4
2.900000E-8	-6.680977E-4
2.910000E-8	-5.464669E-4
2.920000E-8	-4.334016E-4
2.930000E-8	-2.672300E-4
2.940000E-8	-3.426068E-4
2.950000E-8	-5.464669E-4
2.960000E-8	-7.126386E-4
2.970000E-8	-8.514005E-4
2.980000E-8	-9.918755E-4
2.990000E-8	-1.044982E-3
3.000000E-8	-1.039843E-3
3.010000E-8	-1.154621E-3
3.020000E-8	-1.247129E-3
3.030000E-8	-1.416727E-3
3.040000E-8	-1.651423E-3
3.050000E-8	-1.872414E-3
3.060000E-8	-2.040299E-3
3.070000E-8	-2.065995E-3
3.080000E-8	-1.952930E-3
3.090000E-8	-1.620587E-3
3.100000E-8	-1.233424E-3
3.110000E-8	-8.582529E-4
3.120000E-8	-6.612453E-4
3.130000E-8	-6.732370E-4
3.140000E-8	-8.017203E-4
3.150000E-8	-1.010720E-3
3.160000E-8	-1.240276E-3
3.170000E-8	-1.295096E-3
3.180000E-8	-1.281391E-3
3.190000E-8	-1.245416E-3
3.200000E-8	-1.236850E-3
3.210000E-8	-1.269399E-3
3.220000E-8	-1.382465E-3
3.230000E-8	-1.404735E-3
3.240000E-8	-1.356768E-3
3.250000E-8	-1.250555E-3
3.260000E-8	-1.202588E-3
3.270000E-8	-1.221432E-3
3.280000E-8	-1.288244E-3
3.290000E-8	-1.308801E-3
3.300000E-8	-1.228285E-3
3.310000E-8	-1.058687E-3
3.320000E-8	-8.034334E-4
3.330000E-8	-4.950736E-4
3.340000E-8	-3.494593E-4
3.350000E-8	-4.334016E-4
3.360000E-8	-6.509666E-4
3.370000E-8	-8.873758E-4
3.380000E-8	-1.115219E-3
3.390000E-8	-1.274539E-3
3.400000E-8	-1.411587E-3
3.410000E-8	-1.452702E-3
3.420000E-8	-1.387604E-3
3.430000E-8	-1.152908E-3
3.440000E-8	-7.537532E-4
3.450000E-8	-2.329678E-4
3.460000E-8	4.626916E-5
3.470000E-8	-2.739457E-5
3.480000E-8	-4.368279E-4
3.490000E-8	-1.084383E-3
3.500000E-8	-1.654849E-3
3.510000E-8	-1.915242E-3
3.520000E-8	-1.791898E-3
3.530000E-8	-1.427005E-3
3.540000E-8	-9.970148E-4
3.550000E-8	-6.526797E-4
3.560000E-8	-4.967867E-4
3.570000E-8	-4.625245E-4
3.580000E-8	-5.464669E-4
3.590000E-8	-6.749502E-4
3.600000E-8	-7.982941E-4
3.610000E-8	-9.524740E-4
3.620000E-8	-1.158047E-3
3.630000E-8	-1.337924E-3
3.640000E-8	-1.392743E-3
3.650000E-8	-1.139203E-3
3.660000E-8	-8.034334E-4
3.670000E-8	-4.728032E-4
3.680000E-8	-3.306150E-4
3.690000E-8	-4.950736E-4
3.700000E-8	-7.486139E-4
3.710000E-8	-9.130724E-4
3.720000E-8	-8.942282E-4
3.730000E-8	-5.875815E-4
3.740000E-8	-1.712958E-4
3.750000E-8	1.113673E-4
3.760000E-8	2.399873E-5
3.770000E-8	-2.809349E-4
3.780000E-8	-6.492535E-4
3.790000E-8	-8.736709E-4
3.800000E-8	-8.274169E-4
3.810000E-8	-5.670242E-4
3.820000E-8	-2.226891E-4
3.830000E-8	-1.575909E-4
3.840000E-8	-3.237626E-4
3.850000E-8	-5.995733E-4
3.860000E-8	-9.987279E-4
3.870000E-8	-1.279678E-3
3.880000E-8	-1.276252E-3
3.890000E-8	-1.173465E-3
3.900000E-8	-1.039843E-3
3.910000E-8	-9.079331E-4
3.920000E-8	-7.863023E-4
3.930000E-8	-6.732370E-4
3.940000E-8	-6.389748E-4
3.950000E-8	-5.447538E-4
3.960000E-8	-5.755898E-4
3.970000E-8	-6.869419E-4
3.980000E-8	-9.610395E-4
3.990000E-8	-1.116933E-3
4.000000E-8	-1.094662E-3
4.010000E-8	-8.479743E-4
4.020000E-8	-6.715239E-4
4.030000E-8	-6.749502E-4
4.040000E-8	-9.850231E-4
4.050000E-8	-1.461268E-3
4.060000E-8	-1.906676E-3
4.070000E-8	-2.000897E-3
4.080000E-8	-1.709669E-3
4.090000E-8	-1.231711E-3
4.100000E-8	-6.920813E-4
4.110000E-8	-3.408937E-4
4.120000E-8	-3.957132E-4
4.130000E-8	-6.886550E-4
4.140000E-8	-1.123785E-3
4.150000E-8	-1.380751E-3
4.160000E-8	-1.399596E-3
4.170000E-8	-1.139203E-3
4.180000E-8	-7.383352E-4
4.190000E-8	-2.209760E-4
4.200000E-8	1.370640E-4
4.210000E-8	3.991698E-4
4.220000E-8	4.762598E-4
4.230000E-8	2.912439E-4
4.240000E-8	-9.763208E-5
4.250000E-8	-6.509666E-4
4.260000E-8	-1.135777E-3
4.270000E-8	-1.550349E-3
4.280000E-8	-1.632579E-3
4.290000E-8	-1.486964E-3
4.300000E-8	-1.118646E-3
4.310000E-8	-6.852288E-4
4.320000E-8	-3.991394E-4
4.330000E-8	-3.580248E-4
4.340000E-8	-5.858684E-4
4.350000E-8	-1.010720E-3
4.360000E-8	-1.570907E-3
4.370000E-8	-1.932373E-3
4.380000E-8	-2.139659E-3
4.390000E-8	-2.115676E-3
4.400000E-8	-1.923807E-3
4.410000E-8	-1.644570E-3
4.420000E-8	-1.272826E-3
4.430000E-8	-9.010807E-4
4.440000E-8	-5.824422E-4
4.450000E-8	-4.385410E-4
4.460000E-8	-2.877873E-4
4.470000E-8	-2.689431E-4
4.480000E-8	-2.946397E-4
4.490000E-8	-3.220495E-4
4.500000E-8	-3.631641E-4
4.510000E-8	-4.368279E-4
4.520000E-8	-5.824422E-4
4.530000E-8	-8.119990E-4
4.540000E-8	-1.046695E-3
4.550000E-8	-1.252268E-3
4.560000E-8	-1.358481E-3
4.570000E-8	-1.397883E-3
4.580000E-8	-1.428719E-3
4.590000E-8	-1.456128E-3
4.600000E-8	-1.507522E-3
4.610000E-8	-1.613734E-3
4.620000E-8	-1.646284E-3
4.630000E-8	-1.574333E-3
4.640000E-8	-1.462981E-3
4.650000E-8	-1.375612E-3
4.660000E-8	-1.372186E-3
4.670000E-8	-1.403022E-3
4.680000E-8	-1.346489E-3
4.690000E-8	-1.017572E-3
4.700000E-8	-5.259096E-4
4.710000E-8	-1.026347E-5
4.720000E-8	3.443503E-4
4.730000E-8	4.402845E-4
4.740000E-8	3.820387E-4
4.750000E-8	1.130804E-4
4.760000E-8	-2.312547E-4
4.770000E-8	-3.545986E-4
4.780000E-8	-3.854346E-4
4.790000E-8	-4.488196E-4
4.800000E-8	-5.396145E-4
4.810000E-8	-8.137121E-4
4.820000E-8	-1.007293E-3
4.830000E-8	-1.031277E-3
4.840000E-8	-9.250642E-4
4.850000E-8	-5.995733E-4
4.860000E-8	-2.757955E-4
4.870000E-8	1.372007E-5
4.880000E-8	1.284984E-4
4.890000E-8	1.302115E-4
4.900000E-8	-5.651744E-5
4.910000E-8	-1.575909E-4
4.920000E-8	-2.997791E-4
4.930000E-8	-5.310489E-4
4.940000E-8	-8.359825E-4
4.950000E-8	-1.113506E-3
4.960000E-8	-1.327645E-3
4.970000E-8	-1.418440E-3
4.980000E-8	-1.224858E-3
4.990000E-8	-8.137121E-4
5.000000E-8	-3.922870E-4
5.010000E-8	-1.113370E-4
5.020000E-8	-1.130501E-4
5.030000E-8	-3.066315E-4
5.040000E-8	-6.355486E-4
5.050000E-8	-1.005580E-3
5.060000E-8	-1.164900E-3
5.070000E-8	-1.094662E-3
5.080000E-8	-8.308432E-4
5.090000E-8	-5.293358E-4
5.100000E-8	-3.940001E-4
5.110000E-8	-3.854346E-4
5.120000E-8	-4.796556E-4
5.130000E-8	-5.396145E-4
5.140000E-8	-6.269831E-4
5.150000E-8	-5.276227E-4
5.160000E-8	-3.151971E-4
5.170000E-8	-1.798614E-4
5.180000E-8	-2.398202E-4
5.190000E-8	-4.882212E-4
5.200000E-8	-8.274169E-4
5.210000E-8	-9.935886E-4
5.220000E-8	-8.171383E-4
5.230000E-8	-4.179837E-4
5.240000E-8	5.826093E-5
5.250000E-8	4.865384E-4
5.260000E-8	6.098823E-4
5.270000E-8	4.471369E-4
5.280000E-8	8.395758E-5
5.290000E-8	-3.306150E-4
5.300000E-8	-6.509666E-4
5.310000E-8	-7.640319E-4
5.320000E-8	-6.612453E-4
5.330000E-8	-4.676638E-4
5.340000E-8	-1.884269E-4
5.350000E-8	1.372007E-5
5.360000E-8	9.423624E-5
5.370000E-8	-1.421729E-4
5.380000E-8	-5.995733E-4
5.390000E-8	-1.176891E-3
5.400000E-8	-1.579472E-3
5.410000E-8	-1.795324E-3
5.420000E-8	-1.629152E-3
5.430000E-8	-1.183744E-3
5.440000E-8	-6.561059E-4
5.450000E-8	-2.278284E-4
5.460000E-8	-6.850921E-5
5.470000E-8	-2.004187E-4
5.480000E-8	-5.327620E-4
5.490000E-8	-8.102858E-4
5.500000E-8	-9.404822E-4
5.510000E-8	-8.753840E-4
5.520000E-8	-6.441142E-4
5.530000E-8	-4.505327E-4
5.540000E-8	-4.094181E-4
5.550000E-8	-5.430407E-4
5.560000E-8	-8.034334E-4
5.570000E-8	-1.072392E-3
5.580000E-8	-1.101515E-3
5.590000E-8	-9.164987E-4
5.600000E-8	-6.064258E-4
5.610000E-8	-2.398202E-4
5.620000E-8	-1.490254E-4
5.630000E-8	-3.408937E-4
5.640000E-8	-6.749502E-4
5.650000E-8	-1.015859E-3
5.660000E-8	-1.188883E-3
5.670000E-8	-1.072392E-3
5.680000E-8	-8.445480E-4
5.690000E-8	-5.516062E-4
5.700000E-8	-3.049184E-4
5.710000E-8	-2.449595E-4
5.720000E-8	-4.368279E-4
5.730000E-8	-6.389748E-4
5.740000E-8	-7.040730E-4
5.750000E-8	-6.201306E-4
5.760000E-8	-4.950736E-4
5.770000E-8	-5.139178E-4
5.780000E-8	-5.430407E-4
5.790000E-8	-6.578191E-4
5.800000E-8	-7.143517E-4
5.810000E-8	-6.526797E-4
5.820000E-8	-4.573852E-4
5.830000E-8	-2.483858E-4
5.840000E-8	-1.164763E-4
5.850000E-8	-6.336988E-5
5.860000E-8	-2.021318E-4
5.870000E-8	-4.505327E-4
5.880000E-8	-6.509666E-4
5.890000E-8	-7.160648E-4
5.900000E-8	-7.366221E-4
5.910000E-8	-7.143517E-4
5.920000E-8	-8.000072E-4
5.930000E-8	-9.233511E-4
5.940000E-8	-1.120359E-3
5.950000E-8	-1.229998E-3
5.960000E-8	-1.140916E-3
5.970000E-8	-8.102858E-4
5.980000E-8	-3.871477E-4
5.990000E-8	3.441407E-6
6.000000E-8	1.884573E-4
6.010000E-8	1.644737E-4
6.020000E-8	-7.364854E-5
6.030000E-8	-4.351148E-4
6.040000E-8	-8.085727E-4
6.050000E-8	-1.077531E-3
6.060000E-8	-1.091236E-3
6.070000E-8	-1.029564E-3
6.080000E-8	-8.753840E-4
6.090000E-8	-7.126386E-4
6.100000E-8	-6.629584E-4
6.110000E-8	-6.029995E-4
6.120000E-8	-6.338355E-4
6.130000E-8	-6.304093E-4
6.140000E-8	-5.344751E-4
6.150000E-8	-3.768690E-4
6.160000E-8	-3.203364E-4
6.170000E-8	-2.757955E-4
6.180000E-8	-3.871477E-4
6.190000E-8	-6.458273E-4
6.200000E-8	-9.250642E-4
6.210000E-8	-1.171752E-3
6.220000E-8	-1.298522E-3
6.230000E-8	-1.221432E-3
6.240000E-8	-1.070679E-3
6.250000E-8	-9.250642E-4
6.260000E-8	-8.428349E-4
6.270000E-8	-8.359825E-4
6.280000E-8	-9.302035E-4
6.290000E-8	-1.010720E-3
6.300000E-8	-1.009007E-3
6.310000E-8	-8.702447E-4
6.320000E-8	-5.995733E-4
6.330000E-8	-4.265492E-4
6.340000E-8	-3.580248E-4
6.350000E-8	-4.008526E-4
6.360000E-8	-3.408937E-4
6.370000E-8	-3.974263E-4
6.380000E-8	-5.224834E-4
6.390000E-8	-6.543928E-4
6.400000E-8	-8.633923E-4
6.410000E-8	-1.122072E-3
6.420000E-8	-1.327645E-3
6.430000E-8	-1.389317E-3
6.440000E-8	-1.238563E-3
6.450000E-8	-9.182118E-4
6.460000E-8	-5.104916E-4
6.470000E-8	-1.301812E-4
6.480000E-8	5.997404E-5
6.490000E-8	6.511337E-5
6.500000E-8	-1.233287E-4
6.510000E-8	-3.751559E-4
6.520000E-8	-6.972206E-4
6.530000E-8	-9.576133E-4
6.540000E-8	-1.032990E-3
6.550000E-8	-9.216380E-4
6.560000E-8	-6.098520E-4
6.570000E-8	-3.580248E-4
6.580000E-8	-2.603775E-4
6.590000E-8	-3.083446E-4
6.600000E-8	-4.590983E-4
6.610000E-8	-5.961471E-4
6.620000E-8	-6.595322E-4
6.630000E-8	-5.892947E-4
6.640000E-8	-5.122047E-4
6.650000E-8	-5.070654E-4
6.660000E-8	-5.790160E-4
6.670000E-8	-8.633923E-4
6.680000E-8	-1.115219E-3
6.690000E-8	-1.296809E-3
6.700000E-8	-1.134064E-3
6.710000E-8	-7.828761E-4
6.720000E-8	-3.151971E-4
6.730000E-8	9.937557E-5
6.740000E-8	3.186536E-4
6.750000E-8	2.586948E-4
6.760000E-8	-3.082079E-5
6.770000E-8	-3.254757E-4
6.780000E-8	-5.070654E-4
6.790000E-8	-5.104916E-4
6.800000E-8	-3.734428E-4
6.810000E-8	-2.483858E-4
6.820000E-8	-2.980660E-4
6.830000E-8	-4.231230E-4
6.840000E-8	-5.310489E-4
6.850000E-8	-5.481800E-4
6.860000E-8	-4.488196E-4
6.870000E-8	-2.381071E-4
6.880000E-8	-8.392720E-5
6.890000E-8	-8.050098E-5
6.900000E-8	-3.323282E-4
6.910000E-8	-7.314828E-4
6.920000E-8	-1.086097E-3
6.930000E-8	-1.351629E-3
6.940000E-8	-1.365333E-3
6.950000E-8	-1.070679E-3
6.960000E-8	-5.944340E-4
6.970000E-8	-1.027714E-4
6.980000E-8	1.216460E-4
6.990000E-8	-2.225524E-5
7.000000E-8	-4.282623E-4
7.010000E-8	-8.599660E-4
7.020000E-8	-1.110080E-3
7.030000E-8	-1.038129E-3
7.040000E-8	-5.430407E-4
7.050000E-8	3.599050E-5
7.060000E-8	4.145878E-4
7.070000E-8	4.745467E-4
7.080000E-8	2.398506E-4
7.090000E-8	-2.209760E-4
7.100000E-8	-7.674581E-4
7.110000E-8	-1.082670E-3
7.120000E-8	-1.104941E-3
7.130000E-8	-8.291301E-4
7.140000E-8	-4.659507E-4
7.150000E-8	-8.906653E-5
7.160000E-8	2.175802E-4
7.170000E-8	3.957436E-4
7.180000E-8	4.385713E-4
7.190000E-8	3.614814E-4
7.200000E-8	2.073015E-4
7.210000E-8	2.399873E-5
7.220000E-8	-1.284681E-4
7.230000E-8	-3.391806E-4
7.240000E-8	-5.241965E-4
7.250000E-8	-7.092124E-4
7.260000E-8	-7.657450E-4
7.270000E-8	-7.503270E-4
7.280000E-8	-6.629584E-4
7.290000E-8	-3.717297E-4
7.300000E-8	-9.420586E-5
7.310000E-8	1.045149E-4
7.320000E-8	1.456295E-4
7.330000E-8	-1.368969E-5
7.340000E-8	-3.563117E-4
7.350000E-8	-7.503270E-4
7.360000E-8	-1.106654E-3
7.370000E-8	-1.324219E-3
7.380000E-8	-1.349916E-3
7.390000E-8	-1.221432E-3
7.400000E-8	-1.096375E-3
7.410000E-8	-9.884493E-4
7.420000E-8	-8.685316E-4
7.430000E-8	-6.955075E-4
7.440000E-8	-5.807291E-4
7.450000E-8	-4.214099E-4
7.460000E-8	-2.860742E-4
7.470000E-8	-9.420586E-5
7.480000E-8	1.130804E-4
7.490000E-8	2.329981E-4
7.500000E-8	2.878177E-4
7.510000E-8	2.398506E-4
7.520000E-8	1.730393E-4
7.530000E-8	7.025270E-5
7.540000E-8	-4.795189E-5
7.550000E-8	-1.781483E-4
7.560000E-8	-2.141236E-4
7.570000E-8	-1.918531E-4
7.580000E-8	-1.661565E-4
7.590000E-8	-1.575909E-4
7.600000E-8	-1.781483E-4
7.610000E-8	-1.627303E-4
7.620000E-8	4.969538E-5
7.630000E-8	2.792521E-4
7.640000E-8	5.687677E-4
7.650000E-8	8.394391E-4
7.660000E-8	9.319470E-4
7.670000E-8	6.989641E-4
7.680000E-8	1.747524E-4
7.690000E-8	-4.556721E-4
7.700000E-8	-7.725974E-4
7.710000E-8	-7.657450E-4
7.720000E-8	-4.984998E-4
7.730000E-8	-4.452567E-5
7.740000E-8	2.912439E-4
7.750000E-8	2.878177E-4
7.760000E-8	-1.181894E-4
7.770000E-8	-7.469008E-4
7.780000E-8	-1.392743E-3
7.790000E-8	-1.824447E-3
7.800000E-8	-2.004324E-3
7.810000E-8	-1.923807E-3
7.820000E-8	-1.634292E-3
7.830000E-8	-1.300235E-3
7.840000E-8	-1.002154E-3
7.850000E-8	-7.469008E-4
7.860000E-8	-5.498931E-4
7.870000E-8	-3.922870E-4
7.880000E-8	-1.987056E-4
7.890000E-8	-3.596012E-5
7.900000E-8	9.766246E-5
7.910000E-8	2.124408E-4
7.920000E-8	2.843914E-4
7.930000E-8	3.032357E-4
7.940000E-8	3.426372E-4
7.950000E-8	3.786125E-4
7.960000E-8	2.432768E-4
7.970000E-8	-9.420586E-5
7.980000E-8	-6.715239E-4
7.990000E-8	-1.247129E-3
8.000000E-8	-1.725087E-3
8.010000E-8	-1.802177E-3
8.020000E-8	-1.620587E-3
8.030000E-8	-1.298522E-3
8.040000E-8	-1.002154E-3
8.050000E-8	-8.736709E-4
8.060000E-8	-9.404822E-4
8.070000E-8	-1.098088E-3
8.080000E-8	-1.332784E-3
8.090000E-8	-1.272826E-3
8.100000E-8	-1.034703E-3
8.110000E-8	-6.989337E-4
8.120000E-8	-3.734428E-4
8.130000E-8	-1.524516E-4
8.140000E-8	3.441407E-6
8.150000E-8	7.367892E-5
8.160000E-8	9.252313E-5
8.170000E-8	8.053136E-5
8.180000E-8	1.029385E-5
8.190000E-8	-8.564031E-5
8.200000E-8	-1.627303E-4
8.210000E-8	-1.044845E-4
8.220000E-8	-4.109945E-5
8.230000E-8	3.941672E-5
8.240000E-8	1.010887E-4
8.250000E-8	1.199329E-4
8.260000E-8	9.594935E-5
8.270000E-8	4.112983E-5
8.280000E-8	-7.364854E-5
8.290000E-8	-3.511724E-4
8.300000E-8	-6.629584E-4
8.310000E-8	-9.764575E-4
8.320000E-8	-1.183744E-3
8.330000E-8	-1.303662E-3
8.340000E-8	-1.433858E-3
8.350000E-8	-1.462981E-3
8.360000E-8	-1.428719E-3
8.370000E-8	-1.344776E-3
8.380000E-8	-1.286530E-3
8.390000E-8	-1.128924E-3
8.400000E-8	-9.815968E-4
8.410000E-8	-8.154252E-4
8.420000E-8	-6.406880E-4
8.430000E-8	-5.807291E-4
8.440000E-8	-5.858684E-4
8.450000E-8	-5.635980E-4
8.460000E-8	-4.402541E-4
8.470000E-8	-3.151971E-4
8.480000E-8	-2.415333E-4
8.490000E-8	-2.038449E-4
8.500000E-8	-2.569513E-4
8.510000E-8	-2.466727E-4
8.520000E-8	-3.254757E-4
8.530000E-8	-4.488196E-4
8.540000E-8	-6.543928E-4
8.550000E-8	-8.274169E-4
8.560000E-8	-1.055261E-3
8.570000E-8	-1.132351E-3
8.580000E-8	-1.142629E-3
8.590000E-8	-9.421953E-4
8.600000E-8	-6.047126E-4
8.610000E-8	-2.877873E-4
8.620000E-8	-5.651744E-5
8.630000E-8	-1.697923E-6
8.640000E-8	-2.910768E-5
8.650000E-8	-1.368969E-5
8.660000E-8	1.728297E-6
8.670000E-8	6.867627E-6
8.680000E-8	-3.938634E-5
8.690000E-8	-2.432464E-4
8.700000E-8	-5.310489E-4
8.710000E-8	-9.387691E-4
8.720000E-8	-1.247129E-3
8.730000E-8	-1.257408E-3
8.740000E-8	-1.170039E-3
8.750000E-8	-9.678920E-4
8.760000E-8	-6.920813E-4
8.770000E-8	-6.218437E-4
8.780000E-8	-6.800895E-4
8.790000E-8	-8.565398E-4
8.800000E-8	-9.781706E-4
8.810000E-8	-9.678920E-4
8.820000E-8	-9.027938E-4
8.830000E-8	-6.509666E-4
8.840000E-8	-4.539590E-4
8.850000E-8	-3.117708E-4
8.860000E-8	-3.340413E-4
8.870000E-8	-3.802952E-4
8.880000E-8	-5.053523E-4
8.890000E-8	-6.629584E-4
8.900000E-8	-8.770971E-4
8.910000E-8	-9.970148E-4
8.920000E-8	-1.031277E-3
8.930000E-8	-1.009007E-3
8.940000E-8	-8.873758E-4
8.950000E-8	-7.160648E-4
8.960000E-8	-6.612453E-4
8.970000E-8	-6.475404E-4
8.980000E-8	-6.595322E-4
8.990000E-8	-6.629584E-4
9.000000E-8	-6.663846E-4
9.010000E-8	-6.886550E-4
9.020000E-8	-8.548267E-4
9.030000E-8	-1.010720E-3
9.040000E-8	-1.070679E-3
9.050000E-8	-1.068965E-3
9.060000E-8	-1.048408E-3
9.070000E-8	-9.815968E-4
9.080000E-8	-7.246303E-4
9.090000E-8	-4.334016E-4
9.100000E-8	-1.935662E-4
9.110000E-8	-1.747220E-4
9.120000E-8	-2.757955E-4
9.130000E-8	-4.728032E-4
9.140000E-8	-7.520401E-4
9.150000E-8	-1.017572E-3
9.160000E-8	-1.055261E-3
9.170000E-8	-8.137121E-4
9.180000E-8	-6.458273E-4
9.190000E-8	-6.218437E-4
9.200000E-8	-7.434746E-4
9.210000E-8	-7.503270E-4
9.220000E-8	-7.417614E-4
9.230000E-8	-4.590983E-4
9.240000E-8	-9.249275E-5
9.250000E-8	2.295719E-4
9.260000E-8	3.871780E-4
9.270000E-8	2.843914E-4
9.280000E-8	-7.364854E-5
9.290000E-8	-4.728032E-4
9.300000E-8	-7.623188E-4
9.310000E-8	-8.394087E-4
9.320000E-8	-7.948679E-4
9.330000E-8	-7.194910E-4
9.340000E-8	-6.149913E-4
9.350000E-8	-4.882212E-4
9.360000E-8	-4.865081E-4
9.370000E-8	-4.779425E-4
9.380000E-8	-3.768690E-4
9.390000E-8	-2.603775E-4
9.400000E-8	-1.010583E-4
9.410000E-8	6.340026E-5
9.420000E-8	1.816048E-4
9.430000E-8	2.107277E-4
9.440000E-8	2.090146E-4
9.450000E-8	6.853959E-5
9.460000E-8	-1.593040E-4
9.470000E-8	-4.094181E-4
9.480000E-8	-5.516062E-4
9.490000E-8	-6.441142E-4
9.500000E-8	-7.383352E-4
9.510000E-8	-8.633923E-4
9.520000E-8	-9.815968E-4
9.530000E-8	-1.091236E-3
9.540000E-8	-1.087810E-3
9.550000E-8	-9.610395E-4
9.560000E-8	-7.469008E-4
9.570000E-8	-4.590983E-4
9.580000E-8	-3.083446E-4
9.590000E-8	-2.912135E-4
9.600000E-8	-3.700166E-4
9.610000E-8	-4.933605E-4
9.620000E-8	-6.012864E-4
9.630000E-8	-6.578191E-4
9.640000E-8	-6.800895E-4
9.650000E-8	-6.252700E-4
9.660000E-8	-5.207703E-4
9.670000E-8	-4.779425E-4
9.680000E-8	-5.259096E-4
9.690000E-8	-5.584587E-4
9.700000E-8	-6.201306E-4
9.710000E-8	-6.732370E-4
9.720000E-8	-7.691712E-4
9.730000E-8	-1.002154E-3
9.740000E-8	-1.202588E-3
9.750000E-8	-1.387604E-3
9.760000E-8	-1.370473E-3
9.770000E-8	-1.276252E-3
9.780000E-8	-1.017572E-3
9.790000E-8	-8.599660E-4
9.800000E-8	-7.606057E-4
9.810000E-8	-8.890889E-4
9.820000E-8	-1.161473E-3
9.830000E-8	-1.384178E-3
9.840000E-8	-1.497243E-3
9.850000E-8	-1.483538E-3
9.860000E-8	-1.343063E-3
9.870000E-8	-1.204301E-3
9.880000E-8	-1.053547E-3
9.890000E-8	-9.867362E-4
9.900000E-8	-8.873758E-4
9.910000E-8	-7.486139E-4
9.920000E-8	-4.847949E-4
9.930000E-8	-1.096239E-4
9.940000E-8	1.918835E-4
9.950000E-8	2.655472E-4
9.960000E-8	-2.225524E-5
9.970000E-8	-3.665904E-4
9.980000E-8	-6.937944E-4
9.990000E-8	-7.777368E-4
1.000000E-7	-6.612453E-4
1.001000E-7	-4.351148E-4
1.002000E-7	-3.066315E-4
1.003000E-7	-3.888608E-4
1.004000E-7	-6.852288E-4
1.005000E-7	-9.644657E-4
1.006000E-7	-1.014146E-3
1.007000E-7	-7.040730E-4
1.008000E-7	-2.432464E-4
1.009000E-7	1.010887E-4
1.010000E-7	1.165067E-4
1.011000E-7	-3.665904E-4
1.012000E-7	-1.067252E-3
1.013000E-7	-1.740505E-3
1.014000E-7	-1.959783E-3
1.015000E-7	-1.858709E-3
1.016000E-7	-1.516087E-3
1.017000E-7	-1.187170E-3
1.018000E-7	-1.005580E-3
1.019000E-7	-9.541871E-4
1.020000E-7	-8.291301E-4
1.021000E-7	-6.338355E-4
1.022000E-7	-2.877873E-4
1.023000E-7	5.154517E-6
1.024000E-7	1.233591E-4
1.025000E-7	6.511337E-5
1.026000E-7	-3.289019E-4
1.027000E-7	-7.965810E-4
1.028000E-7	-1.080957E-3
1.029000E-7	-1.084383E-3
1.030000E-7	-9.798837E-4
1.031000E-7	-8.119990E-4
1.032000E-7	-8.239907E-4
1.033000E-7	-1.058687E-3
1.034000E-7	-1.305375E-3
1.035000E-7	-1.512661E-3
1.036000E-7	-1.461268E-3
1.037000E-7	-1.158047E-3
1.038000E-7	-8.376956E-4
1.039000E-7	-5.824422E-4
1.040000E-7	-5.653111E-4
1.041000E-7	-8.514005E-4
1.042000E-7	-1.228285E-3
1.043000E-7	-1.548636E-3
1.044000E-7	-1.594890E-3
1.045000E-7	-1.358481E-3
1.046000E-7	-9.593264E-4
1.047000E-7	-4.676638E-4
1.048000E-7	-6.508299E-5
1.049000E-7	2.090146E-4
1.050000E-7	2.843914E-4
1.051000E-7	2.107277E-4
1.052000E-7	2.742495E-5
1.053000E-7	-1.079107E-4
1.054000E-7	-3.408937E-4
1.055000E-7	-5.464669E-4
1.056000E-7	-7.126386E-4
1.057000E-7	-7.623188E-4
1.058000E-7	-7.982941E-4
1.059000E-7	-8.017203E-4
1.060000E-7	-8.137121E-4
1.061000E-7	-7.314828E-4
1.062000E-7	-5.961471E-4
1.063000E-7	-4.008526E-4
1.064000E-7	-2.244022E-4
1.065000E-7	-8.550364E-6
1.066000E-7	5.312160E-5
1.067000E-7	-5.124144E-6
1.068000E-7	-1.490254E-4
1.069000E-7	-3.289019E-4
1.070000E-7	-4.590983E-4
1.071000E-7	-5.944340E-4
1.072000E-7	-7.246303E-4
1.073000E-7	-8.959413E-4
1.074000E-7	-1.082670E-3
1.075000E-7	-1.135777E-3
1.076000E-7	-1.098088E-3
1.077000E-7	-9.421953E-4
1.078000E-7	-8.342694E-4
1.079000E-7	-7.451877E-4
1.080000E-7	-7.931547E-4
1.081000E-7	-8.119990E-4
1.082000E-7	-8.565398E-4
1.083000E-7	-8.239907E-4
1.084000E-7	-6.561059E-4
1.085000E-7	-4.488196E-4
1.086000E-7	-2.809349E-4
1.087000E-7	-3.100577E-4
1.088000E-7	-4.625245E-4
1.089000E-7	-7.074992E-4
1.090000E-7	-8.805234E-4
1.091000E-7	-9.027938E-4
1.092000E-7	-9.096462E-4
1.093000E-7	-9.815968E-4
1.094000E-7	-9.884493E-4
1.095000E-7	-1.005580E-3
1.096000E-7	-9.233511E-4
1.097000E-7	-8.805234E-4
1.098000E-7	-7.708843E-4
1.099000E-7	-6.972206E-4
1.100000E-7	-6.098520E-4
1.101000E-7	-5.875815E-4
1.102000E-7	-6.543928E-4
1.103000E-7	-6.218437E-4
1.104000E-7	-5.875815E-4
1.105000E-7	-6.098520E-4
1.106000E-7	-7.109255E-4
1.107000E-7	-9.250642E-4
1.108000E-7	-1.260834E-3
1.109000E-7	-1.582898E-3
1.110000E-7	-1.728513E-3
1.111000E-7	-1.725087E-3
1.112000E-7	-1.502382E-3
1.113000E-7	-1.079244E-3
1.114000E-7	-6.424011E-4
1.115000E-7	-2.449595E-4
1.116000E-7	-1.216156E-4
1.117000E-7	-2.124105E-4
1.118000E-7	-4.573852E-4
1.119000E-7	-7.040730E-4
1.120000E-7	-9.216380E-4
1.121000E-7	-1.015859E-3
1.122000E-7	-9.747444E-4
1.123000E-7	-7.880154E-4
1.124000E-7	-5.721636E-4
1.125000E-7	-4.111312E-4
1.126000E-7	-3.340413E-4
1.127000E-7	-3.717297E-4
1.128000E-7	-4.008526E-4
1.129000E-7	-3.802952E-4
1.130000E-7	-2.261153E-4
1.131000E-7	1.728297E-6
1.132000E-7	2.175802E-4
1.133000E-7	2.706866E-4
1.134000E-7	1.524820E-4
1.135000E-7	-6.508299E-5
1.136000E-7	-3.545986E-4
1.137000E-7	-6.578191E-4
1.138000E-7	-9.062200E-4
1.139000E-7	-1.144342E-3
1.140000E-7	-1.194022E-3
1.141000E-7	-1.017572E-3
1.142000E-7	-6.578191E-4
1.143000E-7	-1.575909E-4
1.144000E-7	2.329981E-4
1.145000E-7	5.619153E-4
1.146000E-7	5.910381E-4
1.147000E-7	3.717601E-4
1.148000E-7	-4.795189E-5
1.149000E-7	-6.029995E-4
1.150000E-7	-1.038129E-3
1.151000E-7	-1.188883E-3
1.152000E-7	-1.007293E-3
1.153000E-7	-5.807291E-4
1.154000E-7	-3.767323E-5
1.155000E-7	3.974567E-4
1.156000E-7	4.916778E-4
1.157000E-7	3.392110E-4
1.158000E-7	1.518652E-8
1.159000E-7	-2.809349E-4
1.160000E-7	-4.231230E-4
1.161000E-7	-5.430407E-4
1.162000E-7	-5.738767E-4
1.163000E-7	-6.561059E-4
1.164000E-7	-7.948679E-4
1.165000E-7	-1.110080E-3
1.166000E-7	-1.394456E-3
1.167000E-7	-1.552062E-3
1.168000E-7	-1.510948E-3
1.169000E-7	-1.272826E-3
1.170000E-7	-9.730313E-4
1.171000E-7	-6.595322E-4
1.172000E-7	-5.173440E-4
1.173000E-7	-4.710901E-4
1.174000E-7	-5.413276E-4
1.175000E-7	-6.167044E-4
1.176000E-7	-7.743105E-4
1.177000E-7	-9.696051E-4
1.178000E-7	-1.154621E-3
1.179000E-7	-1.327645E-3
1.180000E-7	-1.392743E-3
1.181000E-7	-1.303662E-3
1.182000E-7	-1.111793E-3
1.183000E-7	-8.137121E-4
1.184000E-7	-4.865081E-4
1.185000E-7	-3.083446E-4
1.186000E-7	-3.563117E-4
1.187000E-7	-5.276227E-4
1.188000E-7	-7.023599E-4
1.189000E-7	-7.948679E-4
1.190000E-7	-7.931547E-4
1.191000E-7	-5.687373E-4
1.192000E-7	-2.740824E-4
1.193000E-7	-4.623878E-5
1.194000E-7	3.427739E-5
1.195000E-7	2.228562E-5
1.196000E-7	-7.193543E-5
1.197000E-7	-1.421729E-4
1.198000E-7	-2.329678E-4
1.199000E-7	-2.535251E-4
1.200000E-7	-2.312547E-4
1.201000E-7	-2.209760E-4
1.202000E-7	-2.552382E-4
1.203000E-7	-3.665904E-4
1.204000E-7	-5.875815E-4
1.205000E-7	-8.428349E-4
1.206000E-7	-1.104941E-3
1.207000E-7	-1.235137E-3
1.208000E-7	-1.313940E-3
1.209000E-7	-1.279678E-3
1.210000E-7	-1.223145E-3
1.211000E-7	-1.118646E-3
1.212000E-7	-8.890889E-4
1.213000E-7	-5.875815E-4
1.214000E-7	-2.055580E-4
1.215000E-7	9.766246E-5
1.216000E-7	2.775390E-4
1.217000E-7	2.501292E-4
1.218000E-7	3.427739E-5
1.219000E-7	-3.940001E-4
1.220000E-7	-7.451877E-4
1.221000E-7	-9.421953E-4
1.222000E-7	-9.456215E-4
1.223000E-7	-7.863023E-4
1.224000E-7	-4.556721E-4
1.225000E-7	-1.438861E-4
1.226000E-7	4.626916E-5
1.227000E-7	9.252313E-5
1.228000E-7	-6.837254E-6
1.229000E-7	-1.027714E-4
1.230000E-7	-1.421729E-4
1.231000E-7	-1.575909E-4
1.232000E-7	-2.500989E-4
1.233000E-7	-2.192629E-4
1.234000E-7	-2.415333E-4
1.235000E-7	-2.055580E-4
1.236000E-7	-9.077964E-5
1.237000E-7	3.599050E-5
1.238000E-7	1.987359E-4
1.239000E-7	2.775390E-4
1.240000E-7	1.661869E-4
1.241000E-7	-6.508299E-5
1.242000E-7	-4.813687E-4
1.243000E-7	-8.856627E-4
1.244000E-7	-1.231711E-3
1.245000E-7	-1.298522E-3
1.246000E-7	-1.178604E-3
1.247000E-7	-8.462612E-4
1.248000E-7	-5.207703E-4
1.249000E-7	-3.905739E-4
1.250000E-7	-4.556721E-4
1.251000E-7	-7.109255E-4
1.252000E-7	-8.890889E-4
1.253000E-7	-9.781706E-4
1.254000E-7	-7.777368E-4
1.255000E-7	-3.374675E-4
1.256000E-7	1.781786E-4
1.257000E-7	5.841857E-4
1.258000E-7	6.972510E-4
1.259000E-7	7.058165E-4
1.260000E-7	5.721939E-4
1.261000E-7	4.094485E-4
1.262000E-7	1.764655E-4
1.263000E-7	-4.452567E-5
1.264000E-7	-2.158367E-4
1.265000E-7	-3.991394E-4
1.266000E-7	-5.361882E-4
1.267000E-7	-6.766633E-4
1.268000E-7	-7.760236E-4
1.269000E-7	-8.514005E-4
1.270000E-7	-8.788102E-4
1.271000E-7	-9.233511E-4
1.272000E-7	-8.668185E-4
1.273000E-7	-7.897285E-4
1.274000E-7	-6.389748E-4
1.275000E-7	-3.957132E-4
1.276000E-7	-1.558778E-4
1.277000E-7	1.387771E-4
1.278000E-7	3.786125E-4
1.279000E-7	4.642680E-4
1.280000E-7	4.043091E-4
1.281000E-7	1.627606E-4
1.282000E-7	-2.672300E-4
1.283000E-7	-6.646715E-4
1.284000E-7	-9.884493E-4
1.285000E-7	-1.005580E-3
1.286000E-7	-8.051465E-4
1.287000E-7	-5.259096E-4
1.288000E-7	-3.768690E-4
1.289000E-7	-4.556721E-4
1.290000E-7	-6.132782E-4
1.291000E-7	-7.383352E-4
1.292000E-7	-8.633923E-4
1.293000E-7	-8.051465E-4
1.294000E-7	-7.280566E-4
1.295000E-7	-5.721636E-4
1.296000E-7	-4.642376E-4
1.297000E-7	-4.453934E-4
1.298000E-7	-4.556721E-4
1.299000E-7	-4.813687E-4
1.300000E-7	-4.659507E-4
1.301000E-7	-5.276227E-4
1.302000E-7	-7.349090E-4
1.303000E-7	-1.003867E-3
1.304000E-7	-1.265973E-3
1.305000E-7	-1.312227E-3
1.306000E-7	-1.115219E-3
1.307000E-7	-7.092124E-4
1.308000E-7	-2.740824E-4
1.309000E-7	-2.054213E-5
1.310000E-7	1.728297E-6
1.311000E-7	-1.061976E-4
1.312000E-7	-2.723693E-4
1.313000E-7	-4.488196E-4
1.314000E-7	-6.304093E-4
1.315000E-7	-8.051465E-4
1.316000E-7	-1.012433E-3
1.317000E-7	-1.307088E-3
1.318000E-7	-1.647997E-3
1.319000E-7	-1.834726E-3
1.320000E-7	-1.817595E-3
1.321000E-7	-1.639431E-3
1.322000E-7	-1.409874E-3
1.323000E-7	-1.125498E-3
1.324000E-7	-9.507609E-4
1.325000E-7	-7.657450E-4
1.326000E-7	-5.704504E-4
1.327000E-7	-4.625245E-4
1.328000E-7	-4.025657E-4
1.329000E-7	-3.820083E-4
1.330000E-7	-5.036392E-4
1.331000E-7	-6.184175E-4
1.332000E-7	-8.770971E-4
1.333000E-7	-1.152908E-3
1.334000E-7	-1.396169E-3
1.335000E-7	-1.526366E-3
1.336000E-7	-1.510948E-3
1.337000E-7	-1.195736E-3
1.338000E-7	-6.475404E-4
1.339000E-7	-1.711591E-5
1.340000E-7	3.392110E-4
1.341000E-7	4.779729E-4
1.342000E-7	2.227195E-4
1.343000E-7	-2.449595E-4
1.344000E-7	-7.828761E-4
1.345000E-7	-1.103228E-3
1.346000E-7	-1.192309E-3
1.347000E-7	-1.007293E-3
1.348000E-7	-7.126386E-4
1.349000E-7	-4.453934E-4
1.350000E-7	-4.882212E-4
1.351000E-7	-6.561059E-4
1.352000E-7	-1.002154E-3
1.353000E-7	-1.313940E-3
1.354000E-7	-1.596603E-3
1.355000E-7	-1.701103E-3
1.356000E-7	-1.507522E-3
1.357000E-7	-1.110080E-3
1.358000E-7	-6.663846E-4
1.359000E-7	-3.151971E-4
1.360000E-7	-1.130501E-4
1.361000E-7	-6.165677E-5
1.362000E-7	1.518652E-8
1.363000E-7	4.284294E-5
1.364000E-7	2.073015E-4
1.365000E-7	3.306454E-4
1.366000E-7	3.580552E-4
1.367000E-7	5.826093E-5
1.368000E-7	-4.710901E-4
1.369000E-7	-9.850231E-4
1.370000E-7	-1.293383E-3
1.371000E-7	-1.346489E-3
1.372000E-7	-1.072392E-3
1.373000E-7	-6.732370E-4
1.374000E-7	-3.117708E-4
1.375000E-7	-1.336074E-4
1.376000E-7	-1.644434E-4
1.377000E-7	-4.025657E-4
1.378000E-7	-7.006468E-4
1.379000E-7	-1.022711E-3
1.380000E-7	-1.180318E-3
1.381000E-7	-1.152908E-3
1.382000E-7	-1.044982E-3
1.383000E-7	-9.319167E-4
1.384000E-7	-7.863023E-4
1.385000E-7	-7.109255E-4
1.386000E-7	-6.509666E-4
1.387000E-7	-4.111312E-4
1.388000E-7	-2.124105E-4
1.389000E-7	4.284294E-5
1.390000E-7	1.182198E-4
1.391000E-7	5.312160E-5
1.392000E-7	-4.334016E-4
1.393000E-7	-9.798837E-4
1.394000E-7	-1.421866E-3
1.395000E-7	-1.522940E-3
1.396000E-7	-1.276252E-3
1.397000E-7	-7.948679E-4
1.398000E-7	-3.751559E-4
1.399000E-7	-1.181894E-4
1.400000E-7	-3.767323E-5
1.401000E-7	-1.199025E-4
1.402000E-7	-2.072711E-4
1.403000E-7	-2.757955E-4
1.404000E-7	-1.884269E-4
1.405000E-7	-1.490254E-4
1.406000E-7	-8.735342E-5
1.407000E-7	-1.610172E-4
1.408000E-7	-3.528855E-4
1.409000E-7	-4.556721E-4
1.410000E-7	-4.865081E-4
1.411000E-7	-5.276227E-4
1.412000E-7	-4.967867E-4
1.413000E-7	-4.539590E-4
1.414000E-7	-4.402541E-4
1.415000E-7	-4.882212E-4
1.416000E-7	-4.847949E-4
1.417000E-7	-4.128443E-4
1.418000E-7	-7.364854E-5
1.419000E-7	2.672603E-4
1.420000E-7	5.602022E-4
1.421000E-7	7.229476E-4
1.422000E-7	6.664150E-4
1.423000E-7	2.929570E-4
1.424000E-7	-1.541647E-4
1.425000E-7	-5.224834E-4
1.426000E-7	-6.304093E-4
1.427000E-7	-4.728032E-4
1.428000E-7	-1.884269E-4
1.429000E-7	6.168715E-5
1.430000E-7	1.130804E-4
1.431000E-7	4.626916E-5
1.432000E-7	-2.895004E-4
1.433000E-7	-7.297697E-4
1.434000E-7	-1.151195E-3
1.435000E-7	-1.471546E-3
1.436000E-7	-1.517800E-3
1.437000E-7	-1.456128E-3
1.438000E-7	-1.356768E-3
1.439000E-7	-1.106654E-3
1.440000E-7	-9.678920E-4
1.441000E-7	-1.007293E-3
1.442000E-7	-1.170039E-3
1.443000E-7	-1.406448E-3
1.444000E-7	-1.612021E-3
1.445000E-7	-1.584612E-3
1.446000E-7	-1.281391E-3
1.447000E-7	-8.119990E-4
1.448000E-7	-3.477461E-4
1.449000E-7	1.372007E-5
1.450000E-7	1.130804E-4
1.451000E-7	-6.165677E-5
1.452000E-7	-3.734428E-4
1.453000E-7	-5.584587E-4
1.454000E-7	-4.745163E-4
1.455000E-7	-2.500989E-4
1.456000E-7	-3.938634E-5
1.457000E-7	2.571184E-5
1.458000E-7	-9.934519E-5
1.459000E-7	-3.511724E-4
1.460000E-7	-7.486139E-4
1.461000E-7	-1.063826E-3
1.462000E-7	-1.267686E-3
1.463000E-7	-1.427005E-3
1.464000E-7	-1.462981E-3
1.465000E-7	-1.452702E-3
1.466000E-7	-1.391030E-3
1.467000E-7	-1.305375E-3
1.468000E-7	-1.094662E-3
1.469000E-7	-6.783764E-4
1.470000E-7	-2.569513E-4
1.471000E-7	9.937557E-5
1.472000E-7	2.826783E-4
1.473000E-7	1.764655E-4
1.474000E-7	-5.309122E-5
1.475000E-7	-2.672300E-4
1.476000E-7	-3.922870E-4
1.477000E-7	-4.402541E-4
1.478000E-7	-2.500989E-4
1.479000E-7	-4.452567E-5
1.480000E-7	8.567069E-5
1.481000E-7	1.644737E-4
1.482000E-7	4.626916E-5
1.483000E-7	-1.387467E-4
1.484000E-7	-3.717297E-4
1.485000E-7	-5.670242E-4
1.486000E-7	-6.663846E-4
1.487000E-7	-6.286962E-4
1.488000E-7	-3.974263E-4
1.489000E-7	-8.735342E-5
1.490000E-7	1.679000E-4
1.491000E-7	2.158670E-4
1.492000E-7	1.165067E-4
1.493000E-7	-2.552382E-4
1.494000E-7	-6.663846E-4
1.495000E-7	-9.747444E-4
1.496000E-7	-1.053547E-3
1.497000E-7	-8.205645E-4
1.498000E-7	-5.995733E-4
1.499000E-7	-5.070654E-4
1.500000E-7	-5.687373E-4
1.501000E-7	-6.920813E-4
1.502000E-7	-7.537532E-4
1.503000E-7	-6.852288E-4
1.504000E-7	-5.601718E-4
1.505000E-7	-3.426068E-4
1.506000E-7	-1.987056E-4
1.507000E-7	-1.130501E-4
1.508000E-7	-2.261153E-4
1.509000E-7	-4.419672E-4
1.510000E-7	-7.074992E-4
1.511000E-7	-8.651054E-4
1.512000E-7	-9.182118E-4
1.513000E-7	-9.576133E-4
1.514000E-7	-9.045069E-4
1.515000E-7	-7.554663E-4
1.516000E-7	-5.173440E-4
1.517000E-7	-3.614510E-4
1.518000E-7	-3.597379E-4
1.519000E-7	-6.115651E-4
1.520000E-7	-8.599660E-4
1.521000E-7	-1.089523E-3
1.522000E-7	-1.271112E-3
1.523000E-7	-1.377325E-3
1.524000E-7	-1.277965E-3
1.525000E-7	-1.161473E-3
1.526000E-7	-1.070679E-3
1.527000E-7	-1.108367E-3
1.528000E-7	-1.303662E-3
1.529000E-7	-1.522940E-3
1.530000E-7	-1.738791E-3
1.531000E-7	-1.802177E-3
1.532000E-7	-1.718234E-3
1.533000E-7	-1.562341E-3
1.534000E-7	-1.399596E-3
1.535000E-7	-1.188883E-3
1.536000E-7	-1.075818E-3
1.537000E-7	-9.593264E-4
1.538000E-7	-9.164987E-4
1.539000E-7	-9.353429E-4
1.540000E-7	-1.152908E-3
1.541000E-7	-1.308801E-3
1.542000E-7	-1.452702E-3
1.543000E-7	-1.588038E-3
1.544000E-7	-1.593177E-3
1.545000E-7	-1.421866E-3
1.546000E-7	-1.252268E-3
1.547000E-7	-1.137490E-3
1.548000E-7	-1.067252E-3
1.549000E-7	-1.002154E-3
1.550000E-7	-9.507609E-4
1.551000E-7	-9.610395E-4
1.552000E-7	-1.039843E-3
1.553000E-7	-1.079244E-3
1.554000E-7	-1.147769E-3
1.555000E-7	-1.252268E-3
1.556000E-7	-1.277965E-3
1.557000E-7	-1.216293E-3
1.558000E-7	-1.159760E-3
1.559000E-7	-1.082670E-3
1.560000E-7	-1.029564E-3
1.561000E-7	-1.009007E-3
1.562000E-7	-9.781706E-4
1.563000E-7	-7.331959E-4
1.564000E-7	-4.282623E-4
1.565000E-7	-1.318943E-4
1.566000E-7	1.182198E-4
1.567000E-7	1.747524E-4
1.568000E-7	1.045149E-4
1.569000E-7	-1.010583E-4
1.570000E-7	-2.500989E-4
1.571000E-7	-2.980660E-4
1.572000E-7	-2.295416E-4
1.573000E-7	-3.411034E-6
1.574000E-7	3.888912E-4
1.575000E-7	6.561363E-4
1.576000E-7	8.103162E-4
1.577000E-7	7.640623E-4
1.578000E-7	4.676942E-4
1.579000E-7	-4.109945E-5
1.580000E-7	-6.235569E-4
1.581000E-7	-1.087810E-3
1.582000E-7	-1.425292E-3
1.583000E-7	-1.504095E-3
1.584000E-7	-1.399596E-3
1.585000E-7	-1.106654E-3
1.586000E-7	-7.520401E-4
1.587000E-7	-3.734428E-4
1.588000E-7	-1.044845E-4
1.589000E-7	-9.934519E-5
1.590000E-7	-2.860742E-4
1.591000E-7	-5.910078E-4
1.592000E-7	-7.503270E-4
1.593000E-7	-8.651054E-4
1.594000E-7	-8.222776E-4
1.595000E-7	-6.492535E-4
1.596000E-7	-4.625245E-4
1.597000E-7	-2.895004E-4
1.598000E-7	-2.209760E-4
1.599000E-7	-2.963528E-4
1.600000E-7	-5.224834E-4
1.601000E-7	-7.691712E-4
1.602000E-7	-1.130637E-3
1.603000E-7	-1.533218E-3
1.604000E-7	-1.886119E-3
1.605000E-7	-2.086553E-3
1.606000E-7	-2.115676E-3
1.607000E-7	-1.940938E-3
1.608000E-7	-1.683972E-3
1.609000E-7	-1.521227E-3
1.610000E-7	-1.322506E-3
1.611000E-7	-1.204301E-3
1.612000E-7	-1.110080E-3
1.613000E-7	-1.044982E-3
1.614000E-7	-9.387691E-4
1.615000E-7	-8.154252E-4
1.616000E-7	-7.417614E-4
1.617000E-7	-7.606057E-4
1.618000E-7	-8.873758E-4
1.619000E-7	-9.867362E-4
1.620000E-7	-1.012433E-3
1.621000E-7	-9.319167E-4
1.622000E-7	-8.085727E-4
1.623000E-7	-7.023599E-4
1.624000E-7	-6.269831E-4
1.625000E-7	-6.783764E-4
1.626000E-7	-8.445480E-4
1.627000E-7	-1.012433E-3
1.628000E-7	-1.031277E-3
1.629000E-7	-9.439084E-4
1.630000E-7	-7.366221E-4
1.631000E-7	-5.635980E-4
1.632000E-7	-4.590983E-4
1.633000E-7	-4.299754E-4
1.634000E-7	-4.950736E-4
1.635000E-7	-5.396145E-4
1.636000E-7	-5.413276E-4
1.637000E-7	-4.385410E-4
1.638000E-7	-2.877873E-4
1.639000E-7	-1.113370E-4
1.640000E-7	-7.364854E-5
1.641000E-7	-1.711591E-5
1.642000E-7	-8.564031E-5
1.643000E-7	-8.906653E-5
1.644000E-7	-9.077964E-5
1.645000E-7	-1.130501E-4
1.646000E-7	-2.106973E-4
1.647000E-7	-3.220495E-4
1.648000E-7	-5.036392E-4
1.649000E-7	-7.606057E-4
1.650000E-7	-1.123785E-3
1.651000E-7	-1.449276E-3
1.652000E-7	-1.610308E-3
1.653000E-7	-1.627439E-3
1.654000E-7	-1.473259E-3
1.655000E-7	-1.142629E-3
1.656000E-7	-7.657450E-4
1.657000E-7	-4.539590E-4
1.658000E-7	-3.100577E-4
1.659000E-7	-3.717297E-4
1.660000E-7	-5.087785E-4
1.661000E-7	-4.899343E-4
1.662000E-7	-4.642376E-4
1.663000E-7	-2.929266E-4
1.664000E-7	-7.022232E-5
1.665000E-7	-4.281256E-5
1.666000E-7	-2.158367E-4
1.667000E-7	-5.721636E-4
1.668000E-7	-8.291301E-4
1.669000E-7	-8.479743E-4
1.670000E-7	-5.721636E-4
1.671000E-7	-1.130501E-4
1.672000E-7	2.878177E-4
1.673000E-7	4.848253E-4
1.674000E-7	4.163009E-4
1.675000E-7	1.456295E-4
1.676000E-7	-1.678696E-4
1.677000E-7	-3.768690E-4
1.678000E-7	-4.745163E-4
1.679000E-7	-5.173440E-4
1.680000E-7	-5.755898E-4
1.681000E-7	-7.486139E-4
1.682000E-7	-8.805234E-4
1.683000E-7	-1.017572E-3
1.684000E-7	-1.051834E-3
1.685000E-7	-1.074105E-3
1.686000E-7	-1.183744E-3
1.687000E-7	-1.368760E-3
1.688000E-7	-1.543497E-3
1.689000E-7	-1.755923E-3
1.690000E-7	-1.875840E-3
1.691000E-7	-1.702816E-3
1.692000E-7	-1.447563E-3
1.693000E-7	-1.036416E-3
1.694000E-7	-7.212041E-4
1.695000E-7	-6.646715E-4
1.696000E-7	-8.668185E-4
1.697000E-7	-1.098088E-3
1.698000E-7	-1.231711E-3
1.699000E-7	-1.156334E-3
1.700000E-7	-8.342694E-4
1.701000E-7	-4.882212E-4
1.702000E-7	-3.169102E-4
1.703000E-7	-3.991394E-4
1.704000E-7	-6.920813E-4
1.705000E-7	-1.110080E-3
1.706000E-7	-1.409874E-3
1.707000E-7	-1.427005E-3
1.708000E-7	-1.070679E-3
1.709000E-7	-5.464669E-4
1.710000E-7	1.714629E-5
1.711000E-7	3.135143E-4
1.712000E-7	4.642680E-4
1.713000E-7	4.505631E-4
1.714000E-7	3.323585E-4
1.715000E-7	1.576213E-4
1.716000E-7	-6.508299E-5
1.717000E-7	-1.815745E-4
1.718000E-7	-2.278284E-4
1.719000E-7	-3.151971E-4
1.720000E-7	-4.693770E-4
1.721000E-7	-5.087785E-4
1.722000E-7	-4.436803E-4
1.723000E-7	-2.895004E-4
1.724000E-7	-3.253390E-5
1.725000E-7	2.158670E-4
1.726000E-7	3.477765E-4
1.727000E-7	3.563421E-4
1.728000E-7	1.507689E-4
1.729000E-7	-1.507385E-4
1.730000E-7	-3.717297E-4
1.731000E-7	-5.190571E-4
1.732000E-7	-6.578191E-4
1.733000E-7	-7.246303E-4
1.734000E-7	-8.034334E-4
1.735000E-7	-8.496874E-4
1.736000E-7	-9.781706E-4
1.737000E-7	-1.168326E-3
1.738000E-7	-1.293383E-3
1.739000E-7	-1.339637E-3
1.740000E-7	-1.216293E-3
1.741000E-7	-1.039843E-3
1.742000E-7	-7.486139E-4
1.743000E-7	-4.642376E-4
1.744000E-7	-2.860742E-4
1.745000E-7	-2.089842E-4
1.746000E-7	-2.209760E-4
1.747000E-7	-2.192629E-4
1.748000E-7	-2.432464E-4
1.749000E-7	-2.055580E-4
1.750000E-7	-2.415333E-4
1.751000E-7	-2.603775E-4
1.752000E-7	-4.145574E-4
1.753000E-7	-6.081389E-4
1.754000E-7	-7.982941E-4
1.755000E-7	-9.233511E-4
1.756000E-7	-9.747444E-4
1.757000E-7	-8.959413E-4
1.758000E-7	-8.068596E-4
1.759000E-7	-8.154252E-4
1.760000E-7	-8.582529E-4
1.761000E-7	-9.096462E-4
1.762000E-7	-1.101515E-3
1.763000E-7	-1.238563E-3
1.764000E-7	-1.361907E-3
1.765000E-7	-1.427005E-3
1.766000E-7	-1.497243E-3
1.767000E-7	-1.468120E-3
1.768000E-7	-1.408161E-3
1.769000E-7	-1.182031E-3
1.770000E-7	-8.959413E-4
1.771000E-7	-5.207703E-4
1.772000E-7	-1.318943E-4
1.773000E-7	2.501292E-4
1.774000E-7	4.368582E-4
1.775000E-7	4.728335E-4
1.776000E-7	3.135143E-4
1.777000E-7	1.182198E-4
1.778000E-7	5.312160E-5
1.779000E-7	-2.568146E-5
1.780000E-7	-2.054213E-5
1.781000E-7	4.626916E-5
1.782000E-7	1.456295E-4
1.783000E-7	1.576213E-4
1.784000E-7	1.730393E-4
1.785000E-7	1.764655E-4
1.786000E-7	1.730393E-4
1.787000E-7	2.381375E-4
1.788000E-7	2.980963E-4
1.789000E-7	2.381375E-4
1.790000E-7	5.654782E-5
1.791000E-7	-1.284681E-4
1.792000E-7	-3.083446E-4
1.793000E-7	-2.535251E-4
1.794000E-7	-9.934519E-5
1.795000E-7	2.090146E-4
1.796000E-7	4.402845E-4
1.797000E-7	5.516366E-4
1.798000E-7	4.454238E-4
1.799000E-7	2.621210E-4
1.800000E-7	1.559082E-4
1.801000E-7	6.682648E-5
1.802000E-7	-7.364854E-5
1.803000E-7	-2.209760E-4
1.804000E-7	-4.453934E-4
1.805000E-7	-7.331959E-4
1.806000E-7	-9.935886E-4
1.807000E-7	-1.043269E-3
1.808000E-7	-1.007293E-3
1.809000E-7	-8.051465E-4
1.810000E-7	-6.886550E-4
1.811000E-7	-6.715239E-4
1.812000E-7	-8.051465E-4
1.813000E-7	-9.627526E-4
1.814000E-7	-1.015859E-3
1.815000E-7	-1.058687E-3
1.816000E-7	-9.661789E-4
1.817000E-7	-8.719578E-4
1.818000E-7	-8.359825E-4
1.819000E-7	-8.479743E-4
1.820000E-7	-9.113593E-4
1.821000E-7	-9.781706E-4
1.822000E-7	-9.421953E-4
1.823000E-7	-8.616791E-4
1.824000E-7	-7.863023E-4
1.825000E-7	-6.355486E-4
1.826000E-7	-4.368279E-4
1.827000E-7	-1.353205E-4
1.828000E-7	2.364244E-4
1.829000E-7	5.327924E-4
1.830000E-7	5.927512E-4
1.831000E-7	4.248665E-4
1.832000E-7	6.853959E-5
1.833000E-7	-3.802952E-4
1.834000E-7	-7.760236E-4
1.835000E-7	-9.953017E-4
1.836000E-7	-8.599660E-4
1.837000E-7	-5.498931E-4
1.838000E-7	-2.415333E-4
1.839000E-7	-1.010583E-4
1.840000E-7	-2.021318E-4
1.841000E-7	-4.882212E-4
1.842000E-7	-7.914416E-4
1.843000E-7	-9.096462E-4
1.844000E-7	-7.948679E-4
1.845000E-7	-5.036392E-4
1.846000E-7	-2.740824E-4
1.847000E-7	-1.181894E-4
1.848000E-7	-4.281256E-5
1.849000E-7	1.200696E-5
1.850000E-7	6.340026E-5
1.851000E-7	-3.938634E-5
1.852000E-7	-2.757955E-4
1.853000E-7	-6.201306E-4
1.854000E-7	-1.017572E-3
1.855000E-7	-1.283104E-3
1.856000E-7	-1.188883E-3
1.857000E-7	-6.698108E-4
1.858000E-7	1.029385E-5
1.859000E-7	6.201610E-4
1.860000E-7	8.308735E-4
1.861000E-7	5.533497E-4
1.862000E-7	-3.938634E-5
1.863000E-7	-7.417614E-4
1.864000E-7	-1.221432E-3
1.865000E-7	-1.322506E-3
1.866000E-7	-1.101515E-3
1.867000E-7	-7.314828E-4
1.868000E-7	-4.710901E-4
1.869000E-7	-4.385410E-4
1.870000E-7	-6.235569E-4
1.871000E-7	-9.473346E-4
1.872000E-7	-1.084383E-3
1.873000E-7	-1.063826E-3
1.874000E-7	-8.668185E-4
1.875000E-7	-6.389748E-4
1.876000E-7	-3.802952E-4
1.877000E-7	-2.689431E-4
1.878000E-7	-2.946397E-4
1.879000E-7	-3.700166E-4
1.880000E-7	-3.871477E-4
1.881000E-7	-3.545986E-4
1.882000E-7	-3.820083E-4
1.883000E-7	-2.689431E-4
1.884000E-7	-1.575909E-4
1.885000E-7	-8.735342E-5
1.886000E-7	-1.096239E-4
1.887000E-7	-2.072711E-4
1.888000E-7	-2.569513E-4
1.889000E-7	-2.877873E-4
1.890000E-7	-2.295416E-4
1.891000E-7	-1.661565E-4
1.892000E-7	-1.181894E-4
1.893000E-7	-2.500989E-4
1.894000E-7	-3.614510E-4
1.895000E-7	-5.396145E-4
1.896000E-7	-6.937944E-4
1.897000E-7	-8.890889E-4
1.898000E-7	-9.387691E-4
1.899000E-7	-8.514005E-4
1.900000E-7	-6.064258E-4
1.901000E-7	-3.066315E-4
1.902000E-7	1.096542E-4
1.903000E-7	3.100881E-4
1.904000E-7	3.426372E-4
1.905000E-7	1.781786E-4
1.906000E-7	-1.781483E-4
1.907000E-7	-5.464669E-4
1.908000E-7	-8.017203E-4
1.909000E-7	-9.233511E-4
1.910000E-7	-9.079331E-4
1.911000E-7	-7.777368E-4
1.912000E-7	-6.937944E-4
1.913000E-7	-6.132782E-4
1.914000E-7	-6.235569E-4
1.915000E-7	-7.417614E-4
1.916000E-7	-7.914416E-4
1.917000E-7	-7.794499E-4
1.918000E-7	-6.835157E-4
1.919000E-7	-5.978602E-4
1.920000E-7	-4.693770E-4
1.921000E-7	-3.100577E-4
1.922000E-7	-2.295416E-4
1.923000E-7	-2.672300E-4
1.924000E-7	-4.436803E-4
1.925000E-7	-6.852288E-4
1.926000E-7	-7.948679E-4
1.927000E-7	-7.434746E-4
1.928000E-7	-5.036392E-4
1.929000E-7	-1.987056E-4
1.930000E-7	4.284294E-5
1.931000E-7	1.319247E-4
1.932000E-7	-2.739457E-5
1.933000E-7	-3.614510E-4
1.934000E-7	-6.937944E-4
1.935000E-7	-8.137121E-4
1.936000E-7	-7.194910E-4
1.937000E-7	-4.625245E-4
1.938000E-7	-2.192629E-4
1.939000E-7	-7.022232E-5
1.940000E-7	-9.249275E-5
1.941000E-7	-2.124105E-4
1.942000E-7	-4.950736E-4
1.943000E-7	-7.708843E-4
1.944000E-7	-9.559002E-4
1.945000E-7	-9.833100E-4
1.946000E-7	-9.678920E-4
1.947000E-7	-7.982941E-4
1.948000E-7	-5.310489E-4
1.949000E-7	-4.402541E-4
1.950000E-7	-4.094181E-4
1.951000E-7	-5.224834E-4
1.952000E-7	-6.543928E-4
1.953000E-7	-7.229172E-4
1.954000E-7	-7.023599E-4
1.955000E-7	-5.601718E-4
1.956000E-7	-4.830818E-4
1.957000E-7	-5.293358E-4
1.958000E-7	-7.383352E-4
1.959000E-7	-9.524740E-4
1.960000E-7	-1.080957E-3
1.961000E-7	-9.815968E-4
1.962000E-7	-7.109255E-4
1.963000E-7	-3.237626E-4
1.964000E-7	-8.221409E-5
1.965000E-7	3.441407E-6
1.966000E-7	-1.079107E-4
1.967000E-7	-2.895004E-4
1.968000E-7	-3.340413E-4
1.969000E-7	-2.312547E-4
1.970000E-7	1.885940E-5
1.971000E-7	1.798917E-4
1.972000E-7	2.604079E-4
1.973000E-7	5.483471E-5
1.974000E-7	-2.261153E-4
1.975000E-7	-4.659507E-4
1.976000E-7	-5.635980E-4
1.977000E-7	-4.608114E-4
1.978000E-7	-2.929266E-4
1.979000E-7	-8.221409E-5
1.980000E-7	-3.082079E-5
1.981000E-7	-1.455992E-4
1.982000E-7	-4.899343E-4
1.983000E-7	-8.856627E-4
1.984000E-7	-1.223145E-3
1.985000E-7	-1.397883E-3
1.986000E-7	-1.301948E-3
1.987000E-7	-9.302035E-4
1.988000E-7	-4.419672E-4
1.989000E-7	-9.763208E-5
1.990000E-7	1.885940E-5
1.991000E-7	-9.077964E-5
1.992000E-7	-3.323282E-4
1.993000E-7	-6.149913E-4
1.994000E-7	-7.657450E-4
1.995000E-7	-7.708843E-4
1.996000E-7	-7.023599E-4
1.997000E-7	-5.790160E-4
1.998000E-7	-4.539590E-4
1.999000E-7	-4.471065E-4
2.000000E-7	-5.173440E-4
2.001000E-7	-6.081389E-4
