Study Name	Tungsten_Calibration
Sample Name	2024-10-03
Run Name	spot_02
Operator	Elena
Date	10/3/2024
Time	10:17
Sign	NEG
Grating Spacing	03.40um
Channel	3
Number Traces	10000
Files in Batch	1
Batch Number	1
dt	100.000001E-12
time stamp (ms)	10:18:08 AM
	
Time	Amplitude
0.000000E+0	-6.252352E-4
1.000000E-10	-7.605582E-4
2.000000E-10	-9.027331E-4
3.000000E-10	-9.781029E-4
4.000000E-10	-9.609734E-4
5.000000E-10	-8.719000E-4
6.000000E-10	-7.451417E-4
7.000000E-10	-6.406517E-4
8.000000E-10	-5.361618E-4
9.000000E-10	-4.402366E-4
1.000000E-9	-3.494502E-4
1.100000E-9	-2.518121E-4
1.200000E-9	-2.072754E-4
1.300000E-9	-2.500991E-4
1.400000E-9	-3.871351E-4
1.500000E-9	-5.806985E-4
1.600000E-9	-7.845395E-4
1.700000E-9	-9.284273E-4
1.800000E-9	-1.000371E-3
1.900000E-9	-9.626863E-4
2.000000E-9	-8.616223E-4
2.100000E-9	-6.851884E-4
2.200000E-9	-4.830603E-4
2.300000E-9	-2.860711E-4
2.400000E-9	-1.593128E-4
2.500000E-9	-1.901459E-4
2.600000E-9	-2.894970E-4
2.700000E-9	-4.453754E-4
2.800000E-9	-6.337999E-4
2.900000E-9	-7.828266E-4
3.000000E-9	-8.530575E-4
3.100000E-9	-7.999561E-4
3.200000E-9	-7.125956E-4
3.300000E-9	-6.098186E-4
3.400000E-9	-5.584301E-4
3.500000E-9	-4.796344E-4
3.600000E-9	-4.248200E-4
3.700000E-9	-4.128294E-4
3.800000E-9	-3.974128E-4
3.900000E-9	-4.282459E-4
4.000000E-9	-4.813474E-4
4.100000E-9	-5.858373E-4
4.200000E-9	-6.577812E-4
4.300000E-9	-7.228733E-4
4.400000E-9	-7.348640E-4
4.500000E-9	-7.194474E-4
4.600000E-9	-6.526424E-4
4.700000E-9	-5.327359E-4
4.800000E-9	-4.642179E-4
4.900000E-9	-3.974128E-4
5.000000E-9	-3.545891E-4
5.100000E-9	-3.563020E-4
5.200000E-9	-4.025517E-4
5.300000E-9	-5.241711E-4
5.400000E-9	-6.663460E-4
5.500000E-9	-8.393539E-4
5.600000E-9	-9.421309E-4
5.700000E-9	-9.712511E-4
5.800000E-9	-9.044460E-4
5.900000E-9	-7.982431E-4
6.000000E-9	-6.697719E-4
6.100000E-9	-5.926891E-4
6.200000E-9	-5.892632E-4
6.300000E-9	-6.526424E-4
6.400000E-9	-7.708359E-4
6.500000E-9	-8.342151E-4
6.600000E-9	-8.393539E-4
6.700000E-9	-7.622712E-4
6.800000E-9	-6.200963E-4
6.900000E-9	-5.087546E-4
7.000000E-9	-4.453754E-4
7.100000E-9	-4.316718E-4
7.200000E-9	-4.710697E-4
7.300000E-9	-5.224582E-4
7.400000E-9	-5.635690E-4
7.500000E-9	-5.772726E-4
7.600000E-9	-6.337999E-4
7.700000E-9	-6.509294E-4
7.800000E-9	-6.937532E-4
7.900000E-9	-7.571323E-4
8.000000E-9	-8.068079E-4
8.100000E-9	-8.376410E-4
8.200000E-9	-8.753259E-4
8.300000E-9	-9.387050E-4
8.400000E-9	-9.746770E-4
8.500000E-9	-9.729640E-4
8.600000E-9	-9.301403E-4
8.700000E-9	-8.616223E-4
8.800000E-9	-8.068079E-4
8.900000E-9	-7.434287E-4
9.000000E-9	-7.468546E-4
9.100000E-9	-7.639841E-4
9.200000E-9	-7.828266E-4
9.300000E-9	-7.828266E-4
9.400000E-9	-8.616223E-4
9.500000E-9	-9.112978E-4
9.600000E-9	-9.712511E-4
9.700000E-9	-1.014075E-3
9.800000E-9	-1.005510E-3
9.900000E-9	-9.284273E-4
1.000000E-8	-8.205115E-4
1.010000E-8	-6.680589E-4
1.020000E-8	-5.755596E-4
1.030000E-8	-5.464395E-4
1.040000E-8	-5.892632E-4
1.050000E-8	-6.577812E-4
1.060000E-8	-7.125956E-4
1.070000E-8	-7.245863E-4
1.080000E-8	-7.091697E-4
1.090000E-8	-7.348640E-4
1.100000E-8	-7.845395E-4
1.110000E-8	-8.736129E-4
1.120000E-8	-9.558345E-4
1.130000E-8	-9.900935E-4
1.140000E-8	-9.438439E-4
1.150000E-8	-8.376410E-4
1.160000E-8	-7.194474E-4
1.170000E-8	-6.081057E-4
1.180000E-8	-5.173193E-4
1.190000E-8	-5.053287E-4
1.200000E-8	-5.224582E-4
1.210000E-8	-5.378747E-4
1.220000E-8	-5.532913E-4
1.230000E-8	-5.447265E-4
1.240000E-8	-5.824114E-4
1.250000E-8	-6.971791E-4
1.260000E-8	-8.085208E-4
1.270000E-8	-9.044460E-4
1.280000E-8	-9.489827E-4
1.290000E-8	-9.472698E-4
1.300000E-8	-8.856036E-4
1.310000E-8	-7.554194E-4
1.320000E-8	-6.612071E-4
1.330000E-8	-6.063927E-4
1.340000E-8	-6.200963E-4
1.350000E-8	-6.612071E-4
1.360000E-8	-7.177345E-4
1.370000E-8	-7.605582E-4
1.380000E-8	-8.599093E-4
1.390000E-8	-9.729640E-4
1.400000E-8	-1.032917E-3
1.410000E-8	-1.020927E-3
1.420000E-8	-9.232885E-4
1.430000E-8	-7.485676E-4
1.440000E-8	-5.909762E-4
1.450000E-8	-4.830603E-4
1.460000E-8	-4.916251E-4
1.470000E-8	-5.909762E-4
1.480000E-8	-7.280122E-4
1.490000E-8	-8.804647E-4
1.500000E-8	-9.695381E-4
1.510000E-8	-1.000371E-3
1.520000E-8	-9.746770E-4
1.530000E-8	-9.918065E-4
1.540000E-8	-1.055186E-3
1.550000E-8	-1.110000E-3
1.560000E-8	-1.139120E-3
1.570000E-8	-1.101435E-3
1.580000E-8	-1.017501E-3
1.590000E-8	-8.547705E-4
1.600000E-8	-7.091697E-4
1.610000E-8	-5.635690E-4
1.620000E-8	-4.933380E-4
1.630000E-8	-4.727826E-4
1.640000E-8	-5.173193E-4
1.650000E-8	-6.081057E-4
1.660000E-8	-7.057438E-4
1.670000E-8	-8.633352E-4
1.680000E-8	-1.043195E-3
1.690000E-8	-1.212777E-3
1.700000E-8	-1.320693E-3
1.710000E-8	-1.312128E-3
1.720000E-8	-1.145972E-3
1.730000E-8	-8.804647E-4
1.740000E-8	-5.704208E-4
1.750000E-8	-3.545891E-4
1.760000E-8	-2.740804E-4
1.770000E-8	-3.511632E-4
1.780000E-8	-5.310229E-4
1.790000E-8	-6.783366E-4
1.800000E-8	-8.033820E-4
1.810000E-8	-8.513446E-4
1.820000E-8	-8.462057E-4
1.830000E-8	-8.393539E-4
1.840000E-8	-8.496316E-4
1.850000E-8	-8.102338E-4
1.860000E-8	-7.417158E-4
1.870000E-8	-6.320870E-4
1.880000E-8	-5.635690E-4
1.890000E-8	-5.584301E-4
1.900000E-8	-6.423647E-4
1.910000E-8	-7.913913E-4
1.920000E-8	-9.695381E-4
1.930000E-8	-1.154537E-3
1.940000E-8	-1.437173E-3
1.950000E-8	-2.004160E-3
1.960000E-8	-3.045634E-3
1.970000E-8	-4.679788E-3
1.980000E-8	-6.791855E-3
1.990000E-8	-9.243087E-3
2.000000E-8	-1.167034E-2
2.010000E-8	-1.376185E-2
2.020000E-8	-1.525212E-2
2.030000E-8	-1.601267E-2
2.040000E-8	-1.605549E-2
2.050000E-8	-1.544910E-2
2.060000E-8	-1.425347E-2
2.070000E-8	-1.256621E-2
2.080000E-8	-1.064771E-2
2.090000E-8	-8.874803E-3
2.100000E-8	-7.528424E-3
2.110000E-8	-6.856947E-3
2.120000E-8	-6.925465E-3
2.130000E-8	-7.615784E-3
2.140000E-8	-8.681239E-3
2.150000E-8	-9.791231E-3
2.160000E-8	-1.066484E-2
2.170000E-8	-1.106738E-2
2.180000E-8	-1.090636E-2
2.190000E-8	-1.016808E-2
2.200000E-8	-8.945034E-3
2.210000E-8	-7.394814E-3
2.220000E-8	-5.808622E-3
2.230000E-8	-4.508493E-3
2.240000E-8	-3.746230E-3
2.250000E-8	-3.698268E-3
2.260000E-8	-4.352614E-3
2.270000E-8	-5.469458E-3
2.280000E-8	-6.764448E-3
2.290000E-8	-7.883005E-3
2.300000E-8	-8.525361E-3
2.310000E-8	-8.559620E-3
2.320000E-8	-7.968652E-3
2.330000E-8	-6.851809E-3
2.340000E-8	-5.452328E-3
2.350000E-8	-3.999747E-3
2.360000E-8	-2.822950E-3
2.370000E-8	-2.139483E-3
2.380000E-8	-2.142909E-3
2.390000E-8	-2.780126E-3
2.400000E-8	-3.850720E-3
2.410000E-8	-5.092609E-3
2.420000E-8	-6.260841E-3
2.430000E-8	-7.055650E-3
2.440000E-8	-7.401666E-3
2.450000E-8	-7.136158E-3
2.460000E-8	-6.339637E-3
2.470000E-8	-5.125155E-3
2.480000E-8	-3.689703E-3
2.490000E-8	-2.293649E-3
2.500000E-8	-1.255601E-3
2.510000E-8	-8.187985E-4
2.520000E-8	-1.125417E-3
2.530000E-8	-2.118928E-3
2.540000E-8	-3.502991E-3
2.550000E-8	-4.947008E-3
2.560000E-8	-6.067277E-3
2.570000E-8	-6.591440E-3
2.580000E-8	-6.450978E-3
2.590000E-8	-5.668160E-3
2.600000E-8	-4.475947E-3
2.610000E-8	-3.127855E-3
2.620000E-8	-1.894531E-3
2.630000E-8	-9.883806E-4
2.640000E-8	-6.132445E-4
2.650000E-8	-8.462057E-4
2.660000E-8	-1.653005E-3
2.670000E-8	-2.864061E-3
2.680000E-8	-4.237847E-3
2.690000E-8	-5.407792E-3
2.700000E-8	-6.070703E-3
2.710000E-8	-6.108388E-3
2.720000E-8	-5.455754E-3
2.730000E-8	-4.251550E-3
2.740000E-8	-2.749293E-3
2.750000E-8	-1.236758E-3
2.760000E-8	-4.797100E-5
2.770000E-8	5.721169E-4
2.780000E-8	4.933212E-4
2.790000E-8	-2.158401E-4
2.800000E-8	-1.396063E-3
2.810000E-8	-2.771562E-3
2.820000E-8	-4.030580E-3
2.830000E-8	-4.873351E-3
2.840000E-8	-5.118303E-3
2.850000E-8	-4.672936E-3
2.860000E-8	-3.723962E-3
2.870000E-8	-2.391287E-3
2.880000E-8	-9.918065E-4
2.890000E-8	2.312399E-4
2.900000E-8	1.027762E-3
2.910000E-8	1.164798E-3
2.920000E-8	6.577644E-4
2.930000E-8	-4.145423E-4
2.940000E-8	-1.784902E-3
2.950000E-8	-3.165540E-3
2.960000E-8	-4.213866E-3
2.970000E-8	-4.700343E-3
2.980000E-8	-4.486225E-3
2.990000E-8	-3.624611E-3
3.000000E-8	-2.261102E-3
3.010000E-8	-7.982431E-4
3.020000E-8	4.316550E-4
3.030000E-8	1.190492E-3
3.040000E-8	1.253871E-3
3.050000E-8	6.834587E-4
3.060000E-8	-3.151912E-4
3.070000E-8	-1.497127E-3
3.080000E-8	-2.622535E-3
3.090000E-8	-3.530398E-3
3.100000E-8	-4.044283E-3
3.110000E-8	-4.083681E-3
3.120000E-8	-3.583500E-3
3.130000E-8	-2.584850E-3
3.140000E-8	-1.255601E-3
3.150000E-8	1.113334E-4
3.160000E-8	1.145955E-3
3.170000E-8	1.579332E-3
3.180000E-8	1.289843E-3
3.190000E-8	3.768406E-4
3.200000E-8	-9.678252E-4
3.210000E-8	-2.334759E-3
3.220000E-8	-3.489288E-3
3.230000E-8	-4.093959E-3
3.240000E-8	-4.090533E-3
3.250000E-8	-3.516695E-3
3.260000E-8	-2.497490E-3
3.270000E-8	-1.277869E-3
3.280000E-8	-8.394295E-5
3.290000E-8	7.965134E-4
3.300000E-8	1.147668E-3
3.310000E-8	9.095681E-4
3.320000E-8	1.678607E-4
3.330000E-8	-9.061590E-4
3.340000E-8	-2.077817E-3
3.350000E-8	-3.026791E-3
3.360000E-8	-3.609194E-3
3.370000E-8	-3.727388E-3
3.380000E-8	-3.319706E-3
3.390000E-8	-2.471795E-3
3.400000E-8	-1.300137E-3
3.410000E-8	-3.769330E-5
3.420000E-8	1.029475E-3
3.430000E-8	1.676970E-3
3.440000E-8	1.678683E-3
3.450000E-8	1.077437E-3
3.460000E-8	-3.598035E-5
3.470000E-8	-1.411479E-3
3.480000E-8	-2.694479E-3
3.490000E-8	-3.597204E-3
3.500000E-8	-3.941506E-3
3.510000E-8	-3.684564E-3
3.520000E-8	-2.888042E-3
3.530000E-8	-1.721523E-3
3.540000E-8	-4.505143E-4
3.550000E-8	6.012371E-4
3.560000E-8	1.219612E-3
3.570000E-8	1.238454E-3
3.580000E-8	7.160047E-4
3.590000E-8	-2.432473E-4
3.600000E-8	-1.440599E-3
3.610000E-8	-2.589989E-3
3.620000E-8	-3.431047E-3
3.630000E-8	-3.773637E-3
3.640000E-8	-3.559519E-3
3.650000E-8	-2.845218E-3
3.660000E-8	-1.776338E-3
3.670000E-8	-5.395877E-4
3.680000E-8	5.943853E-4
3.690000E-8	1.358361E-3
3.700000E-8	1.558776E-3
3.710000E-8	1.185353E-3
3.720000E-8	3.528593E-4
3.730000E-8	-7.896784E-4
3.740000E-8	-1.976753E-3
3.750000E-8	-2.903459E-3
3.760000E-8	-3.396788E-3
3.770000E-8	-3.292298E-3
3.780000E-8	-2.672210E-3
3.790000E-8	-1.656431E-3
3.800000E-8	-4.522272E-4
3.810000E-8	6.663292E-4
3.820000E-8	1.416601E-3
3.830000E-8	1.699238E-3
3.840000E-8	1.454286E-3
3.850000E-8	7.382731E-4
3.860000E-8	-3.237560E-4
3.870000E-8	-1.505691E-3
3.880000E-8	-2.588276E-3
3.890000E-8	-3.306002E-3
3.900000E-8	-3.521834E-3
3.910000E-8	-3.150124E-3
3.920000E-8	-2.249112E-3
3.930000E-8	-1.041482E-3
3.940000E-8	1.952679E-4
3.950000E-8	1.166511E-3
3.960000E-8	1.610165E-3
3.970000E-8	1.483406E-3
3.980000E-8	8.444760E-4
3.990000E-8	-1.044984E-4
4.000000E-8	-1.147685E-3
4.010000E-8	-2.007586E-3
4.020000E-8	-2.550591E-3
4.030000E-8	-2.689340E-3
4.040000E-8	-2.415268E-3
4.050000E-8	-1.778051E-3
4.060000E-8	-9.061590E-4
4.070000E-8	1.369520E-5
4.080000E-8	7.845227E-4
4.090000E-8	1.255584E-3
4.100000E-8	1.324102E-3
4.110000E-8	1.019197E-3
4.120000E-8	3.374428E-4
4.130000E-8	-5.293100E-4
4.140000E-8	-1.462868E-3
4.150000E-8	-2.225131E-3
4.160000E-8	-2.684201E-3
4.170000E-8	-2.660220E-3
4.180000E-8	-2.124066E-3
4.190000E-8	-1.144259E-3
4.200000E-8	1.540815E-5
4.210000E-8	1.075724E-3
4.220000E-8	1.757478E-3
4.230000E-8	1.858542E-3
4.240000E-8	1.409749E-3
4.250000E-8	5.378579E-4
4.260000E-8	-5.961150E-4
4.270000E-8	-1.663283E-3
4.280000E-8	-2.488925E-3
4.290000E-8	-2.853783E-3
4.300000E-8	-2.768136E-3
4.310000E-8	-2.255964E-3
4.320000E-8	-1.445738E-3
4.330000E-8	-4.847733E-4
4.340000E-8	4.025349E-4
4.350000E-8	1.046604E-3
4.360000E-8	1.279565E-3
4.370000E-8	1.068872E-3
4.380000E-8	4.299421E-4
4.390000E-8	-4.916251E-4
4.400000E-8	-1.490275E-3
4.410000E-8	-2.331333E-3
4.420000E-8	-2.822950E-3
4.430000E-8	-2.891468E-3
4.440000E-8	-2.514619E-3
4.450000E-8	-1.810597E-3
4.460000E-8	-9.558345E-4
4.470000E-8	-1.164890E-4
4.480000E-8	5.361450E-4
4.490000E-8	8.701702E-4
4.500000E-8	8.359112E-4
4.510000E-8	4.522104E-4
4.520000E-8	-2.141272E-4
4.530000E-8	-9.815288E-4
4.540000E-8	-1.721523E-3
4.550000E-8	-2.228556E-3
4.560000E-8	-2.410129E-3
4.570000E-8	-2.231982E-3
4.580000E-8	-1.723236E-3
4.590000E-8	-9.763899E-4
4.600000E-8	-1.918588E-4
4.610000E-8	4.830435E-4
4.620000E-8	9.010033E-4
4.630000E-8	1.017484E-3
4.640000E-8	7.965134E-4
4.650000E-8	2.209622E-4
4.660000E-8	-5.944021E-4
4.670000E-8	-1.418331E-3
4.680000E-8	-2.134344E-3
4.690000E-8	-2.514619E-3
4.700000E-8	-2.488925E-3
4.710000E-8	-2.057261E-3
4.720000E-8	-1.320693E-3
4.730000E-8	-4.590790E-4
4.740000E-8	2.483694E-4
4.750000E-8	6.491997E-4
4.760000E-8	6.680421E-4
4.770000E-8	3.083226E-4
4.780000E-8	-3.220430E-4
4.790000E-8	-1.092871E-3
4.800000E-8	-1.800319E-3
4.810000E-8	-2.321056E-3
4.820000E-8	-2.542026E-3
4.830000E-8	-2.399851E-3
4.840000E-8	-1.940781E-3
4.850000E-8	-1.238471E-3
4.860000E-8	-4.693567E-4
4.870000E-8	2.192492E-4
4.880000E-8	6.560515E-4
4.890000E-8	7.982263E-4
4.900000E-8	6.012371E-4
4.910000E-8	1.815643E-4
4.920000E-8	-3.939869E-4
4.930000E-8	-1.017501E-3
4.940000E-8	-1.594765E-3
4.950000E-8	-1.925364E-3
4.960000E-8	-1.969901E-3
4.970000E-8	-1.675274E-3
4.980000E-8	-1.115139E-3
4.990000E-8	-3.974128E-4
5.000000E-8	2.843413E-4
5.010000E-8	7.451249E-4
5.020000E-8	8.941515E-4
5.030000E-8	7.108659E-4
5.040000E-8	2.483694E-4
5.050000E-8	-3.357466E-4
5.060000E-8	-8.838906E-4
5.070000E-8	-1.325832E-3
5.080000E-8	-1.577635E-3
5.090000E-8	-1.606756E-3
5.100000E-8	-1.387498E-3
5.110000E-8	-9.849547E-4
5.120000E-8	-5.036157E-4
5.130000E-8	-6.860199E-6
5.140000E-8	3.460075E-4
5.150000E-8	4.847565E-4
5.160000E-8	3.442946E-4
5.170000E-8	-3.255445E-5
5.180000E-8	-5.601431E-4
5.190000E-8	-1.046621E-3
5.200000E-8	-1.411479E-3
5.210000E-8	-1.562219E-3
5.220000E-8	-1.557080E-3
5.230000E-8	-1.351526E-3
5.240000E-8	-1.039769E-3
5.250000E-8	-6.286611E-4
5.260000E-8	-2.004236E-4
5.270000E-8	1.918420E-4
5.280000E-8	4.693399E-4
5.290000E-8	6.098018E-4
5.300000E-8	5.087378E-4
5.310000E-8	1.661478E-4
5.320000E-8	-3.494502E-4
5.330000E-8	-9.661122E-4
5.340000E-8	-1.536525E-3
5.350000E-8	-1.904809E-3
5.360000E-8	-1.940781E-3
5.370000E-8	-1.625598E-3
5.380000E-8	-1.048334E-3
5.390000E-8	-3.117653E-4
5.400000E-8	3.168874E-4
5.410000E-8	6.646162E-4
5.420000E-8	6.868846E-4
5.430000E-8	4.025349E-4
5.440000E-8	-1.182020E-4
5.450000E-8	-7.160215E-4
5.460000E-8	-1.226481E-3
5.470000E-8	-1.610181E-3
5.480000E-8	-1.745505E-3
5.490000E-8	-1.629024E-3
5.500000E-8	-1.318980E-3
5.510000E-8	-8.393539E-4
5.520000E-8	-3.580150E-4
5.530000E-8	9.762975E-5
5.540000E-8	3.785536E-4
5.550000E-8	4.522104E-4
5.560000E-8	3.254521E-4
5.570000E-8	1.540815E-5
5.580000E-8	-4.213941E-4
5.590000E-8	-9.010201E-4
5.600000E-8	-1.349813E-3
5.610000E-8	-1.661570E-3
5.620000E-8	-1.783189E-3
5.630000E-8	-1.644440E-3
5.640000E-8	-1.284721E-3
5.650000E-8	-7.674100E-4
5.660000E-8	-2.192660E-4
5.670000E-8	2.226751E-4
5.680000E-8	4.898953E-4
5.690000E-8	5.447097E-4
5.700000E-8	3.083226E-4
5.710000E-8	-1.079243E-4
5.720000E-8	-6.252352E-4
5.730000E-8	-1.118565E-3
5.740000E-8	-1.459442E-3
5.750000E-8	-1.534812E-3
5.760000E-8	-1.438886E-3
5.770000E-8	-1.187083E-3
5.780000E-8	-8.496316E-4
5.790000E-8	-4.762085E-4
5.800000E-8	-1.713034E-4
5.810000E-8	2.225995E-5
5.820000E-8	4.281535E-5
5.830000E-8	-1.096372E-4
5.840000E-8	-3.939869E-4
5.850000E-8	-7.639841E-4
5.860000E-8	-1.130555E-3
5.870000E-8	-1.452590E-3
5.880000E-8	-1.613607E-3
5.890000E-8	-1.598191E-3
5.900000E-8	-1.372081E-3
5.910000E-8	-1.046621E-3
5.920000E-8	-6.869014E-4
5.930000E-8	-3.905610E-4
5.940000E-8	-1.935718E-4
5.950000E-8	-1.438962E-4
5.960000E-8	-2.209790E-4
5.970000E-8	-3.494502E-4
5.980000E-8	-5.447265E-4
5.990000E-8	-7.434287E-4
6.000000E-8	-9.404180E-4
6.010000E-8	-1.116852E-3
6.020000E-8	-1.235045E-3
6.030000E-8	-1.212777E-3
6.040000E-8	-9.986583E-4
6.050000E-8	-6.526424E-4
6.060000E-8	-2.381085E-4
6.070000E-8	1.250370E-4
6.080000E-8	3.442946E-4
6.090000E-8	3.614241E-4
6.100000E-8	1.010557E-4
6.110000E-8	-3.648668E-4
6.120000E-8	-8.684741E-4
6.130000E-8	-1.262453E-3
6.140000E-8	-1.476571E-3
6.150000E-8	-1.432035E-3
6.160000E-8	-1.211064E-3
6.170000E-8	-8.736129E-4
6.180000E-8	-4.984769E-4
6.190000E-8	-1.524610E-4
6.200000E-8	6.679665E-5
6.210000E-8	1.198981E-4
6.220000E-8	-3.434299E-6
6.230000E-8	-2.980617E-4
6.240000E-8	-6.612071E-4
6.250000E-8	-9.952324E-4
6.260000E-8	-1.209351E-3
6.270000E-8	-1.250462E-3
6.280000E-8	-1.115139E-3
6.290000E-8	-8.907424E-4
6.300000E-8	-6.697719E-4
6.310000E-8	-5.019028E-4
6.320000E-8	-3.802833E-4
6.330000E-8	-2.689416E-4
6.340000E-8	-1.901459E-4
6.350000E-8	-1.284797E-4
6.360000E-8	-1.456092E-4
6.370000E-8	-2.997747E-4
6.380000E-8	-5.704208E-4
6.390000E-8	-8.787518E-4
6.400000E-8	-1.118565E-3
6.410000E-8	-1.231619E-3
6.420000E-8	-1.223055E-3
6.430000E-8	-1.110000E-3
6.440000E-8	-9.267144E-4
6.450000E-8	-7.314381E-4
6.460000E-8	-5.961150E-4
6.470000E-8	-4.607920E-4
6.480000E-8	-4.436625E-4
6.490000E-8	-5.001898E-4
6.500000E-8	-6.714848E-4
6.510000E-8	-9.404180E-4
6.520000E-8	-1.269304E-3
6.530000E-8	-1.488562E-3
6.540000E-8	-1.546802E-3
6.550000E-8	-1.421757E-3
6.560000E-8	-1.190509E-3
6.570000E-8	-8.736129E-4
6.580000E-8	-5.618560E-4
6.590000E-8	-3.494502E-4
6.600000E-8	-2.792193E-4
6.610000E-8	-3.151912E-4
6.620000E-8	-4.025517E-4
6.630000E-8	-5.104675E-4
6.640000E-8	-6.714848E-4
6.650000E-8	-8.136597E-4
6.660000E-8	-9.112978E-4
6.670000E-8	-9.626863E-4
6.680000E-8	-9.592604E-4
6.690000E-8	-8.650482E-4
6.700000E-8	-7.348640E-4
6.710000E-8	-5.687078E-4
6.720000E-8	-4.076905E-4
6.730000E-8	-2.792193E-4
6.740000E-8	-2.312567E-4
6.750000E-8	-2.398214E-4
6.760000E-8	-3.580150E-4
6.770000E-8	-5.327359E-4
6.780000E-8	-7.331510E-4
6.790000E-8	-9.078719E-4
6.800000E-8	-9.918065E-4
6.810000E-8	-9.232885E-4
6.820000E-8	-7.400028E-4
6.830000E-8	-5.190323E-4
6.840000E-8	-3.340337E-4
6.850000E-8	-2.483862E-4
6.860000E-8	-3.066265E-4
6.870000E-8	-4.693567E-4
6.880000E-8	-7.160215E-4
6.890000E-8	-9.643993E-4
6.900000E-8	-1.154537E-3
6.910000E-8	-1.248749E-3
6.920000E-8	-1.204212E-3
6.930000E-8	-1.130555E-3
6.940000E-8	-1.055186E-3
6.950000E-8	-9.986583E-4
6.960000E-8	-9.626863E-4
6.970000E-8	-8.924554E-4
6.980000E-8	-7.931043E-4
6.990000E-8	-6.337999E-4
7.000000E-8	-5.207452E-4
7.010000E-8	-4.813474E-4
7.020000E-8	-5.515783E-4
7.030000E-8	-7.160215E-4
7.040000E-8	-9.267144E-4
7.050000E-8	-1.104861E-3
7.060000E-8	-1.193935E-3
7.070000E-8	-1.161389E-3
7.080000E-8	-1.029491E-3
7.090000E-8	-8.136597E-4
7.100000E-8	-5.892632E-4
7.110000E-8	-4.094035E-4
7.120000E-8	-3.271819E-4
7.130000E-8	-3.117653E-4
7.140000E-8	-3.186171E-4
7.150000E-8	-3.443114E-4
7.160000E-8	-3.597279E-4
7.170000E-8	-4.248200E-4
7.180000E-8	-5.378747E-4
7.190000E-8	-6.560683E-4
7.200000E-8	-7.571323E-4
7.210000E-8	-8.085208E-4
7.220000E-8	-7.674100E-4
7.230000E-8	-6.235222E-4
7.240000E-8	-4.762085E-4
7.250000E-8	-3.974128E-4
7.260000E-8	-3.871351E-4
7.270000E-8	-4.419495E-4
7.280000E-8	-4.744956E-4
7.290000E-8	-4.933380E-4
7.300000E-8	-5.258841E-4
7.310000E-8	-5.481524E-4
7.320000E-8	-6.303740E-4
7.330000E-8	-7.023179E-4
7.340000E-8	-7.999561E-4
7.350000E-8	-8.564834E-4
7.360000E-8	-8.804647E-4
7.370000E-8	-8.153726E-4
7.380000E-8	-7.006050E-4
7.390000E-8	-5.618560E-4
7.400000E-8	-4.299589E-4
7.410000E-8	-3.785704E-4
7.420000E-8	-4.248200E-4
7.430000E-8	-5.413006E-4
7.440000E-8	-6.903273E-4
7.450000E-8	-8.153726E-4
7.460000E-8	-8.479187E-4
7.470000E-8	-8.085208E-4
7.480000E-8	-7.502805E-4
7.490000E-8	-6.749107E-4
7.500000E-8	-6.269481E-4
7.510000E-8	-5.772726E-4
7.520000E-8	-5.926891E-4
7.530000E-8	-6.303740E-4
7.540000E-8	-6.817625E-4
7.550000E-8	-6.954661E-4
7.560000E-8	-7.177345E-4
7.570000E-8	-7.588453E-4
7.580000E-8	-8.033820E-4
7.590000E-8	-8.016690E-4
7.600000E-8	-7.228733E-4
7.610000E-8	-6.166704E-4
7.620000E-8	-4.350977E-4
7.630000E-8	-2.963488E-4
7.640000E-8	-2.141272E-4
7.650000E-8	-2.278308E-4
7.660000E-8	-3.443114E-4
7.670000E-8	-4.984769E-4
7.680000E-8	-6.937532E-4
7.690000E-8	-8.410669E-4
7.700000E-8	-9.541216E-4
7.710000E-8	-1.000371E-3
7.720000E-8	-1.053473E-3
7.730000E-8	-1.082593E-3
7.740000E-8	-1.086019E-3
7.750000E-8	-1.022640E-3
7.760000E-8	-9.147237E-4
7.770000E-8	-7.674100E-4
7.780000E-8	-6.629201E-4
7.790000E-8	-6.509294E-4
7.800000E-8	-6.954661E-4
7.810000E-8	-8.187985E-4
7.820000E-8	-9.506957E-4
7.830000E-8	-1.019214E-3
7.840000E-8	-9.678252E-4
7.850000E-8	-8.359280E-4
7.860000E-8	-6.988920E-4
7.870000E-8	-6.543553E-4
7.880000E-8	-7.040309E-4
7.890000E-8	-8.239374E-4
7.900000E-8	-9.352791E-4
7.910000E-8	-9.404180E-4
7.920000E-8	-8.410669E-4
7.930000E-8	-6.646330E-4
7.940000E-8	-4.899121E-4
7.950000E-8	-4.248200E-4
7.960000E-8	-4.984769E-4
7.970000E-8	-6.954661E-4
7.980000E-8	-9.044460E-4
7.990000E-8	-1.050047E-3
8.000000E-8	-1.098009E-3
8.010000E-8	-1.024353E-3
8.020000E-8	-8.616223E-4
8.030000E-8	-6.714848E-4
8.040000E-8	-5.618560E-4
8.050000E-8	-5.806985E-4
8.060000E-8	-7.057438E-4
8.070000E-8	-8.547705E-4
8.080000E-8	-9.712511E-4
8.090000E-8	-1.024353E-3
8.100000E-8	-9.643993E-4
8.110000E-8	-8.136597E-4
8.120000E-8	-6.355129E-4
8.130000E-8	-4.967639E-4
8.140000E-8	-4.299589E-4
8.150000E-8	-4.710697E-4
8.160000E-8	-5.532913E-4
8.170000E-8	-6.389388E-4
8.180000E-8	-6.612071E-4
8.190000E-8	-6.783366E-4
8.200000E-8	-6.869014E-4
8.210000E-8	-7.228733E-4
8.220000E-8	-8.239374E-4
8.230000E-8	-9.661122E-4
8.240000E-8	-1.055186E-3
8.250000E-8	-1.082593E-3
8.260000E-8	-1.043195E-3
8.270000E-8	-9.318532E-4
8.280000E-8	-7.794007E-4
8.290000E-8	-6.406517E-4
8.300000E-8	-5.087546E-4
8.310000E-8	-4.693567E-4
8.320000E-8	-4.881992E-4
8.330000E-8	-6.046798E-4
8.340000E-8	-7.759748E-4
8.350000E-8	-9.472698E-4
8.360000E-8	-1.072315E-3
8.370000E-8	-1.130555E-3
8.380000E-8	-1.106574E-3
8.390000E-8	-9.986583E-4
8.400000E-8	-8.307892E-4
8.410000E-8	-6.646330E-4
8.420000E-8	-5.258841E-4
8.430000E-8	-4.881992E-4
8.440000E-8	-5.498654E-4
8.450000E-8	-6.869014E-4
8.460000E-8	-7.999561E-4
8.470000E-8	-9.027331E-4
8.480000E-8	-9.575475E-4
8.490000E-8	-9.061590E-4
8.500000E-8	-8.102338E-4
8.510000E-8	-7.468546E-4
8.520000E-8	-7.656971E-4
8.530000E-8	-8.273633E-4
8.540000E-8	-8.787518E-4
8.550000E-8	-8.376410E-4
8.560000E-8	-7.091697E-4
8.570000E-8	-5.019028E-4
8.580000E-8	-3.220430E-4
8.590000E-8	-2.569509E-4
8.600000E-8	-3.220430E-4
8.610000E-8	-5.430136E-4
8.620000E-8	-7.639841E-4
8.630000E-8	-8.581964E-4
8.640000E-8	-7.965302E-4
8.650000E-8	-6.081057E-4
8.660000E-8	-3.888481E-4
8.670000E-8	-2.569509E-4
8.680000E-8	-2.620898E-4
8.690000E-8	-4.128294E-4
8.700000E-8	-6.235222E-4
8.710000E-8	-8.136597E-4
8.720000E-8	-9.147237E-4
8.730000E-8	-9.061590E-4
8.740000E-8	-8.273633E-4
8.750000E-8	-7.297251E-4
8.760000E-8	-6.629201E-4
8.770000E-8	-6.594942E-4
8.780000E-8	-7.194474E-4
8.790000E-8	-7.434287E-4
8.800000E-8	-7.691230E-4
8.810000E-8	-7.622712E-4
8.820000E-8	-6.646330E-4
8.830000E-8	-5.258841E-4
8.840000E-8	-3.939869E-4
8.850000E-8	-3.271819E-4
8.860000E-8	-3.597279E-4
8.870000E-8	-4.385236E-4
8.880000E-8	-5.498654E-4
8.890000E-8	-6.355129E-4
8.900000E-8	-7.143086E-4
8.910000E-8	-7.725489E-4
8.920000E-8	-7.931043E-4
8.930000E-8	-7.896784E-4
8.940000E-8	-7.948172E-4
8.950000E-8	-8.136597E-4
8.960000E-8	-8.033820E-4
8.970000E-8	-7.571323E-4
8.980000E-8	-6.509294E-4
8.990000E-8	-5.498654E-4
9.000000E-8	-4.625049E-4
9.010000E-8	-4.265330E-4
9.020000E-8	-4.470884E-4
9.030000E-8	-5.173193E-4
9.040000E-8	-5.806985E-4
9.050000E-8	-6.149575E-4
9.060000E-8	-6.115316E-4
9.070000E-8	-5.687078E-4
9.080000E-8	-5.104675E-4
9.090000E-8	-4.899121E-4
9.100000E-8	-5.121805E-4
9.110000E-8	-5.378747E-4
9.120000E-8	-5.430136E-4
9.130000E-8	-5.121805E-4
9.140000E-8	-4.590790E-4
9.150000E-8	-4.196812E-4
9.160000E-8	-3.956999E-4
9.170000E-8	-4.385236E-4
9.180000E-8	-5.841244E-4
9.190000E-8	-7.811136E-4
9.200000E-8	-9.575475E-4
9.210000E-8	-1.099722E-3
9.220000E-8	-1.192222E-3
9.230000E-8	-1.200786E-3
9.240000E-8	-1.149398E-3
9.250000E-8	-1.005510E-3
9.260000E-8	-8.787518E-4
9.270000E-8	-7.434287E-4
9.280000E-8	-6.731978E-4
9.290000E-8	-6.235222E-4
9.300000E-8	-6.029668E-4
9.310000E-8	-5.550042E-4
9.320000E-8	-5.121805E-4
9.330000E-8	-4.796344E-4
9.340000E-8	-4.881992E-4
9.350000E-8	-5.224582E-4
9.360000E-8	-5.481524E-4
9.370000E-8	-5.430136E-4
9.380000E-8	-5.138934E-4
9.390000E-8	-4.813474E-4
9.400000E-8	-4.779215E-4
9.410000E-8	-5.601431E-4
9.420000E-8	-6.988920E-4
9.430000E-8	-8.496316E-4
9.440000E-8	-9.524086E-4
9.450000E-8	-9.781029E-4
9.460000E-8	-9.095849E-4
9.470000E-8	-8.136597E-4
9.480000E-8	-7.811136E-4
9.490000E-8	-8.119467E-4
9.500000E-8	-8.427798E-4
9.510000E-8	-7.931043E-4
9.520000E-8	-6.680589E-4
9.530000E-8	-5.070416E-4
9.540000E-8	-3.528761E-4
9.550000E-8	-2.826452E-4
9.560000E-8	-3.528761E-4
9.570000E-8	-5.207452E-4
9.580000E-8	-6.903273E-4
9.590000E-8	-7.999561E-4
9.600000E-8	-8.222244E-4
9.610000E-8	-7.605582E-4
9.620000E-8	-6.440776E-4
9.630000E-8	-5.344488E-4
9.640000E-8	-4.830603E-4
9.650000E-8	-5.070416E-4
9.660000E-8	-5.275970E-4
9.670000E-8	-5.532913E-4
9.680000E-8	-5.858373E-4
9.690000E-8	-5.755596E-4
9.700000E-8	-5.824114E-4
9.710000E-8	-6.612071E-4
9.720000E-8	-7.605582E-4
9.730000E-8	-8.325021E-4
9.740000E-8	-8.462057E-4
9.750000E-8	-8.085208E-4
9.760000E-8	-6.971791E-4
9.770000E-8	-5.053287E-4
9.780000E-8	-3.391725E-4
9.790000E-8	-2.706545E-4
9.800000E-8	-3.357466E-4
9.810000E-8	-4.676438E-4
9.820000E-8	-6.663460E-4
9.830000E-8	-8.307892E-4
9.840000E-8	-9.232885E-4
9.850000E-8	-9.112978E-4
9.860000E-8	-8.239374E-4
9.870000E-8	-6.937532E-4
9.880000E-8	-5.498654E-4
9.890000E-8	-4.350977E-4
9.900000E-8	-3.665797E-4
9.910000E-8	-3.597279E-4
9.920000E-8	-4.248200E-4
9.930000E-8	-5.053287E-4
9.940000E-8	-6.303740E-4
9.950000E-8	-7.451417E-4
9.960000E-8	-8.016690E-4
9.970000E-8	-7.622712E-4
9.980000E-8	-6.543553E-4
9.990000E-8	-4.967639E-4
1.000000E-7	-3.837092E-4
1.001000E-7	-3.083394E-4
1.002000E-7	-3.425984E-4
1.003000E-7	-4.590790E-4
1.004000E-7	-5.926891E-4
1.005000E-7	-6.543553E-4
1.006000E-7	-6.355129E-4
1.007000E-7	-5.498654E-4
1.008000E-7	-4.727826E-4
1.009000E-7	-4.762085E-4
1.010000E-7	-4.967639E-4
1.011000E-7	-5.550042E-4
1.012000E-7	-6.560683E-4
1.013000E-7	-6.971791E-4
1.014000E-7	-7.108827E-4
1.015000E-7	-6.920402E-4
1.016000E-7	-6.714848E-4
1.017000E-7	-6.783366E-4
1.018000E-7	-7.091697E-4
1.019000E-7	-7.519935E-4
1.020000E-7	-7.725489E-4
1.021000E-7	-7.931043E-4
1.022000E-7	-7.913913E-4
1.023000E-7	-7.965302E-4
1.024000E-7	-7.913913E-4
1.025000E-7	-7.725489E-4
1.026000E-7	-7.811136E-4
1.027000E-7	-7.776877E-4
1.028000E-7	-7.417158E-4
1.029000E-7	-6.646330E-4
1.030000E-7	-6.029668E-4
1.031000E-7	-5.601431E-4
1.032000E-7	-5.858373E-4
1.033000E-7	-6.697719E-4
1.034000E-7	-7.605582E-4
1.035000E-7	-8.239374E-4
1.036000E-7	-8.667611E-4
1.037000E-7	-8.222244E-4
1.038000E-7	-7.434287E-4
1.039000E-7	-6.526424E-4
1.040000E-7	-6.218093E-4
1.041000E-7	-6.132445E-4
1.042000E-7	-6.406517E-4
1.043000E-7	-6.320870E-4
1.044000E-7	-5.806985E-4
1.045000E-7	-4.744956E-4
1.046000E-7	-3.871351E-4
1.047000E-7	-3.374596E-4
1.048000E-7	-3.288948E-4
1.049000E-7	-3.357466E-4
1.050000E-7	-3.631538E-4
1.051000E-7	-3.374596E-4
1.052000E-7	-2.843581E-4
1.053000E-7	-2.398214E-4
1.054000E-7	-2.723675E-4
1.055000E-7	-3.956999E-4
1.056000E-7	-5.138934E-4
1.057000E-7	-6.817625E-4
1.058000E-7	-8.050949E-4
1.059000E-7	-9.095849E-4
1.060000E-7	-9.164367E-4
1.061000E-7	-8.667611E-4
1.062000E-7	-7.948172E-4
1.063000E-7	-7.211604E-4
1.064000E-7	-6.594942E-4
1.065000E-7	-6.355129E-4
1.066000E-7	-6.389388E-4
1.067000E-7	-6.543553E-4
1.068000E-7	-6.475035E-4
1.069000E-7	-5.909762E-4
1.070000E-7	-5.138934E-4
1.071000E-7	-4.505143E-4
1.072000E-7	-4.128294E-4
1.073000E-7	-4.453754E-4
1.074000E-7	-5.310229E-4
1.075000E-7	-6.577812E-4
1.076000E-7	-7.400028E-4
1.077000E-7	-7.639841E-4
1.078000E-7	-7.434287E-4
1.079000E-7	-6.629201E-4
1.080000E-7	-6.286611E-4
1.081000E-7	-5.892632E-4
1.082000E-7	-5.618560E-4
1.083000E-7	-4.847733E-4
1.084000E-7	-3.734315E-4
1.085000E-7	-2.569509E-4
1.086000E-7	-1.678775E-4
1.087000E-7	-2.329696E-4
1.088000E-7	-3.939869E-4
1.089000E-7	-6.389388E-4
1.090000E-7	-8.427798E-4
1.091000E-7	-1.010649E-3
1.092000E-7	-1.068889E-3
1.093000E-7	-1.022640E-3
1.094000E-7	-9.181496E-4
1.095000E-7	-7.896784E-4
1.096000E-7	-7.108827E-4
1.097000E-7	-6.098186E-4
1.098000E-7	-5.258841E-4
1.099000E-7	-4.556531E-4
1.100000E-7	-4.505143E-4
1.101000E-7	-5.121805E-4
1.102000E-7	-6.149575E-4
1.103000E-7	-6.869014E-4
1.104000E-7	-6.937532E-4
1.105000E-7	-6.869014E-4
1.106000E-7	-6.680589E-4
1.107000E-7	-6.612071E-4
1.108000E-7	-6.869014E-4
1.109000E-7	-6.851884E-4
1.110000E-7	-6.612071E-4
1.111000E-7	-5.772726E-4
1.112000E-7	-5.224582E-4
1.113000E-7	-4.950510E-4
1.114000E-7	-5.601431E-4
1.115000E-7	-7.194474E-4
1.116000E-7	-9.352791E-4
1.117000E-7	-1.115139E-3
1.118000E-7	-1.207638E-3
1.119000E-7	-1.156250E-3
1.120000E-7	-1.046621E-3
1.121000E-7	-9.027331E-4
1.122000E-7	-7.776877E-4
1.123000E-7	-7.143086E-4
1.124000E-7	-6.731978E-4
1.125000E-7	-6.543553E-4
1.126000E-7	-6.766237E-4
1.127000E-7	-6.954661E-4
1.128000E-7	-7.211604E-4
1.129000E-7	-7.502805E-4
1.130000E-7	-7.228733E-4
1.131000E-7	-6.337999E-4
1.132000E-7	-5.806985E-4
1.133000E-7	-5.275970E-4
1.134000E-7	-5.361618E-4
1.135000E-7	-6.063927E-4
1.136000E-7	-6.988920E-4
1.137000E-7	-7.434287E-4
1.138000E-7	-7.485676E-4
1.139000E-7	-7.502805E-4
1.140000E-7	-7.656971E-4
1.141000E-7	-8.016690E-4
1.142000E-7	-8.359280E-4
1.143000E-7	-8.359280E-4
1.144000E-7	-8.410669E-4
1.145000E-7	-7.862525E-4
1.146000E-7	-7.177345E-4
1.147000E-7	-6.680589E-4
1.148000E-7	-6.098186E-4
1.149000E-7	-5.550042E-4
1.150000E-7	-4.933380E-4
1.151000E-7	-4.196812E-4
1.152000E-7	-3.768574E-4
1.153000E-7	-4.076905E-4
1.154000E-7	-5.036157E-4
1.155000E-7	-6.577812E-4
1.156000E-7	-8.222244E-4
1.157000E-7	-9.455568E-4
1.158000E-7	-9.798158E-4
1.159000E-7	-9.404180E-4
1.160000E-7	-8.633352E-4
1.161000E-7	-7.656971E-4
1.162000E-7	-6.372258E-4
1.163000E-7	-5.275970E-4
1.164000E-7	-4.419495E-4
1.165000E-7	-4.659308E-4
1.166000E-7	-5.447265E-4
1.167000E-7	-6.869014E-4
1.168000E-7	-8.547705E-4
1.169000E-7	-9.661122E-4
1.170000E-7	-9.935194E-4
1.171000E-7	-9.181496E-4
1.172000E-7	-7.965302E-4
1.173000E-7	-6.937532E-4
1.174000E-7	-6.457906E-4
1.175000E-7	-6.149575E-4
1.176000E-7	-6.235222E-4
1.177000E-7	-6.423647E-4
1.178000E-7	-6.783366E-4
1.179000E-7	-7.125956E-4
1.180000E-7	-7.417158E-4
1.181000E-7	-7.656971E-4
1.182000E-7	-7.674100E-4
1.183000E-7	-8.136597E-4
1.184000E-7	-8.787518E-4
1.185000E-7	-9.832417E-4
1.186000E-7	-1.087732E-3
1.187000E-7	-1.159676E-3
1.188000E-7	-1.154537E-3
1.189000E-7	-1.115139E-3
1.190000E-7	-1.032917E-3
1.191000E-7	-9.524086E-4
1.192000E-7	-8.770388E-4
1.193000E-7	-8.136597E-4
1.194000E-7	-7.331510E-4
1.195000E-7	-6.389388E-4
1.196000E-7	-5.344488E-4
1.197000E-7	-4.676438E-4
1.198000E-7	-4.522272E-4
1.199000E-7	-5.036157E-4
1.200000E-7	-6.252352E-4
1.201000E-7	-7.588453E-4
1.202000E-7	-8.856036E-4
1.203000E-7	-9.284273E-4
1.204000E-7	-9.215755E-4
1.205000E-7	-8.427798E-4
1.206000E-7	-7.417158E-4
1.207000E-7	-6.115316E-4
1.208000E-7	-5.001898E-4
1.209000E-7	-4.213941E-4
1.210000E-7	-4.076905E-4
1.211000E-7	-4.265330E-4
1.212000E-7	-4.779215E-4
1.213000E-7	-5.430136E-4
1.214000E-7	-6.098186E-4
1.215000E-7	-6.766237E-4
1.216000E-7	-7.040309E-4
1.217000E-7	-7.057438E-4
1.218000E-7	-6.903273E-4
1.219000E-7	-6.646330E-4
1.220000E-7	-6.577812E-4
1.221000E-7	-6.834755E-4
1.222000E-7	-7.417158E-4
1.223000E-7	-8.376410E-4
1.224000E-7	-9.181496E-4
1.225000E-7	-9.352791E-4
1.226000E-7	-8.410669E-4
1.227000E-7	-7.245863E-4
1.228000E-7	-6.098186E-4
1.229000E-7	-6.166704E-4
1.230000E-7	-6.937532E-4
1.231000E-7	-8.222244E-4
1.232000E-7	-9.027331E-4
1.233000E-7	-8.547705E-4
1.234000E-7	-7.143086E-4
1.235000E-7	-5.464395E-4
1.236000E-7	-4.179682E-4
1.237000E-7	-3.837092E-4
1.238000E-7	-4.402366E-4
1.239000E-7	-5.293100E-4
1.240000E-7	-6.098186E-4
1.241000E-7	-6.081057E-4
1.242000E-7	-5.704208E-4
1.243000E-7	-5.344488E-4
1.244000E-7	-5.532913E-4
1.245000E-7	-6.149575E-4
1.246000E-7	-7.280122E-4
1.247000E-7	-8.273633E-4
1.248000E-7	-9.078719E-4
1.249000E-7	-9.763899E-4
1.250000E-7	-1.029491E-3
1.251000E-7	-1.041482E-3
1.252000E-7	-1.072315E-3
1.253000E-7	-1.077454E-3
1.254000E-7	-1.082593E-3
1.255000E-7	-1.079167E-3
1.256000E-7	-1.024353E-3
1.257000E-7	-9.318532E-4
1.258000E-7	-8.838906E-4
1.259000E-7	-8.547705E-4
1.260000E-7	-8.462057E-4
1.261000E-7	-9.112978E-4
1.262000E-7	-9.952324E-4
1.263000E-7	-1.068889E-3
1.264000E-7	-1.044908E-3
1.265000E-7	-9.130108E-4
1.266000E-7	-7.382899E-4
1.267000E-7	-5.909762E-4
1.268000E-7	-5.070416E-4
1.269000E-7	-5.344488E-4
1.270000E-7	-6.320870E-4
1.271000E-7	-6.886143E-4
1.272000E-7	-6.817625E-4
1.273000E-7	-5.995409E-4
1.274000E-7	-5.036157E-4
1.275000E-7	-4.350977E-4
1.276000E-7	-4.213941E-4
1.277000E-7	-4.470884E-4
1.278000E-7	-4.830603E-4
1.279000E-7	-5.019028E-4
1.280000E-7	-4.590790E-4
1.281000E-7	-4.231071E-4
1.282000E-7	-4.128294E-4
1.283000E-7	-5.104675E-4
1.284000E-7	-6.714848E-4
1.285000E-7	-8.170856E-4
1.286000E-7	-8.958813E-4
1.287000E-7	-8.719000E-4
1.288000E-7	-8.153726E-4
1.289000E-7	-7.143086E-4
1.290000E-7	-6.646330E-4
1.291000E-7	-6.286611E-4
1.292000E-7	-6.320870E-4
1.293000E-7	-6.457906E-4
1.294000E-7	-6.303740E-4
1.295000E-7	-6.046798E-4
1.296000E-7	-6.115316E-4
1.297000E-7	-6.834755E-4
1.298000E-7	-8.136597E-4
1.299000E-7	-9.695381E-4
1.300000E-7	-1.077454E-3
1.301000E-7	-1.101435E-3
1.302000E-7	-1.056899E-3
1.303000E-7	-9.455568E-4
1.304000E-7	-8.085208E-4
1.305000E-7	-6.543553E-4
1.306000E-7	-5.550042E-4
1.307000E-7	-4.762085E-4
1.308000E-7	-4.727826E-4
1.309000E-7	-5.275970E-4
1.310000E-7	-6.355129E-4
1.311000E-7	-7.605582E-4
1.312000E-7	-9.267144E-4
1.313000E-7	-1.075741E-3
1.314000E-7	-1.156250E-3
1.315000E-7	-1.094583E-3
1.316000E-7	-9.643993E-4
1.317000E-7	-8.307892E-4
1.318000E-7	-7.417158E-4
1.319000E-7	-7.160215E-4
1.320000E-7	-7.228733E-4
1.321000E-7	-7.485676E-4
1.322000E-7	-7.262992E-4
1.323000E-7	-6.286611E-4
1.324000E-7	-5.019028E-4
1.325000E-7	-3.768574E-4
1.326000E-7	-3.717186E-4
1.327000E-7	-4.762085E-4
1.328000E-7	-6.714848E-4
1.329000E-7	-8.787518E-4
1.330000E-7	-1.068889E-3
1.331000E-7	-1.197360E-3
1.332000E-7	-1.233332E-3
1.333000E-7	-1.166527E-3
1.334000E-7	-9.986583E-4
1.335000E-7	-8.085208E-4
1.336000E-7	-6.509294E-4
1.337000E-7	-5.481524E-4
1.338000E-7	-5.327359E-4
1.339000E-7	-6.063927E-4
1.340000E-7	-7.485676E-4
1.341000E-7	-8.256503E-4
1.342000E-7	-8.701870E-4
1.343000E-7	-7.948172E-4
1.344000E-7	-6.457906E-4
1.345000E-7	-4.864862E-4
1.346000E-7	-3.991258E-4
1.347000E-7	-4.299589E-4
1.348000E-7	-5.447265E-4
1.349000E-7	-6.543553E-4
1.350000E-7	-7.057438E-4
1.351000E-7	-6.560683E-4
1.352000E-7	-5.378747E-4
1.353000E-7	-4.368107E-4
1.354000E-7	-3.991258E-4
1.355000E-7	-4.008387E-4
1.356000E-7	-4.248200E-4
1.357000E-7	-4.539402E-4
1.358000E-7	-4.864862E-4
1.359000E-7	-4.607920E-4
1.360000E-7	-4.693567E-4
1.361000E-7	-5.190323E-4
1.362000E-7	-6.492165E-4
1.363000E-7	-7.674100E-4
1.364000E-7	-8.170856E-4
1.365000E-7	-7.725489E-4
1.366000E-7	-6.475035E-4
1.367000E-7	-4.933380E-4
1.368000E-7	-3.545891E-4
1.369000E-7	-2.603768E-4
1.370000E-7	-2.877840E-4
1.371000E-7	-3.922740E-4
1.372000E-7	-5.293100E-4
1.373000E-7	-6.200963E-4
1.374000E-7	-6.920402E-4
1.375000E-7	-7.314381E-4
1.376000E-7	-7.605582E-4
1.377000E-7	-7.656971E-4
1.378000E-7	-8.136597E-4
1.379000E-7	-8.804647E-4
1.380000E-7	-9.112978E-4
1.381000E-7	-9.044460E-4
1.382000E-7	-8.770388E-4
1.383000E-7	-8.325021E-4
1.384000E-7	-7.571323E-4
1.385000E-7	-7.074568E-4
1.386000E-7	-6.954661E-4
1.387000E-7	-6.577812E-4
1.388000E-7	-6.200963E-4
1.389000E-7	-5.532913E-4
1.390000E-7	-5.430136E-4
1.391000E-7	-5.926891E-4
1.392000E-7	-6.988920E-4
1.393000E-7	-8.102338E-4
1.394000E-7	-8.736129E-4
1.395000E-7	-8.307892E-4
1.396000E-7	-7.400028E-4
1.397000E-7	-6.235222E-4
1.398000E-7	-5.721337E-4
1.399000E-7	-5.601431E-4
1.400000E-7	-6.286611E-4
1.401000E-7	-7.160215E-4
1.402000E-7	-8.136597E-4
1.403000E-7	-8.684741E-4
1.404000E-7	-8.684741E-4
1.405000E-7	-8.170856E-4
1.406000E-7	-7.691230E-4
1.407000E-7	-6.937532E-4
1.408000E-7	-6.355129E-4
1.409000E-7	-6.046798E-4
1.410000E-7	-5.978280E-4
1.411000E-7	-5.687078E-4
1.412000E-7	-5.841244E-4
1.413000E-7	-6.149575E-4
1.414000E-7	-6.509294E-4
1.415000E-7	-6.320870E-4
1.416000E-7	-6.269481E-4
1.417000E-7	-6.269481E-4
1.418000E-7	-6.337999E-4
1.419000E-7	-6.646330E-4
1.420000E-7	-7.040309E-4
1.421000E-7	-7.999561E-4
1.422000E-7	-8.993072E-4
1.423000E-7	-9.369921E-4
1.424000E-7	-8.907424E-4
1.425000E-7	-7.725489E-4
1.426000E-7	-6.372258E-4
1.427000E-7	-5.310229E-4
1.428000E-7	-5.001898E-4
1.429000E-7	-5.361618E-4
1.430000E-7	-6.629201E-4
1.431000E-7	-8.016690E-4
1.432000E-7	-9.524086E-4
1.433000E-7	-1.087732E-3
1.434000E-7	-1.154537E-3
1.435000E-7	-1.145972E-3
1.436000E-7	-1.041482E-3
1.437000E-7	-8.376410E-4
1.438000E-7	-6.252352E-4
1.439000E-7	-4.402366E-4
1.440000E-7	-3.597279E-4
1.441000E-7	-3.905610E-4
1.442000E-7	-5.138934E-4
1.443000E-7	-6.200963E-4
1.444000E-7	-6.680589E-4
1.445000E-7	-6.629201E-4
1.446000E-7	-6.406517E-4
1.447000E-7	-6.320870E-4
1.448000E-7	-6.937532E-4
1.449000E-7	-7.554194E-4
1.450000E-7	-8.119467E-4
1.451000E-7	-7.759748E-4
1.452000E-7	-7.057438E-4
1.453000E-7	-5.961150E-4
1.454000E-7	-5.104675E-4
1.455000E-7	-4.710697E-4
1.456000E-7	-4.984769E-4
1.457000E-7	-5.327359E-4
1.458000E-7	-5.789855E-4
1.459000E-7	-6.132445E-4
1.460000E-7	-6.612071E-4
1.461000E-7	-7.057438E-4
1.462000E-7	-7.434287E-4
1.463000E-7	-7.674100E-4
1.464000E-7	-7.708359E-4
1.465000E-7	-7.194474E-4
1.466000E-7	-7.057438E-4
1.467000E-7	-7.194474E-4
1.468000E-7	-6.988920E-4
1.469000E-7	-6.937532E-4
1.470000E-7	-6.663460E-4
1.471000E-7	-6.269481E-4
1.472000E-7	-5.926891E-4
1.473000E-7	-5.824114E-4
1.474000E-7	-5.687078E-4
1.475000E-7	-5.721337E-4
1.476000E-7	-6.235222E-4
1.477000E-7	-6.766237E-4
1.478000E-7	-7.040309E-4
1.479000E-7	-7.074568E-4
1.480000E-7	-6.800496E-4
1.481000E-7	-7.262992E-4
1.482000E-7	-7.502805E-4
1.483000E-7	-7.639841E-4
1.484000E-7	-7.417158E-4
1.485000E-7	-6.440776E-4
1.486000E-7	-5.138934E-4
1.487000E-7	-4.059776E-4
1.488000E-7	-3.802833E-4
1.489000E-7	-4.453754E-4
1.490000E-7	-5.978280E-4
1.491000E-7	-7.999561E-4
1.492000E-7	-9.335662E-4
1.493000E-7	-9.592604E-4
1.494000E-7	-8.701870E-4
1.495000E-7	-7.040309E-4
1.496000E-7	-5.464395E-4
1.497000E-7	-4.659308E-4
1.498000E-7	-5.138934E-4
1.499000E-7	-5.892632E-4
1.500000E-7	-6.612071E-4
1.501000E-7	-6.663460E-4
1.502000E-7	-6.098186E-4
1.503000E-7	-5.430136E-4
1.504000E-7	-5.104675E-4
1.505000E-7	-5.293100E-4
1.506000E-7	-6.423647E-4
1.507000E-7	-7.639841E-4
1.508000E-7	-8.821777E-4
1.509000E-7	-9.335662E-4
1.510000E-7	-9.095849E-4
1.511000E-7	-8.410669E-4
1.512000E-7	-7.485676E-4
1.513000E-7	-6.834755E-4
1.514000E-7	-6.509294E-4
1.515000E-7	-6.337999E-4
1.516000E-7	-6.269481E-4
1.517000E-7	-6.612071E-4
1.518000E-7	-7.143086E-4
1.519000E-7	-7.811136E-4
1.520000E-7	-8.325021E-4
1.521000E-7	-8.496316E-4
1.522000E-7	-8.701870E-4
1.523000E-7	-8.856036E-4
1.524000E-7	-9.198626E-4
1.525000E-7	-8.719000E-4
1.526000E-7	-7.948172E-4
1.527000E-7	-6.869014E-4
1.528000E-7	-5.875503E-4
1.529000E-7	-4.830603E-4
1.530000E-7	-4.573661E-4
1.531000E-7	-5.344488E-4
1.532000E-7	-6.440776E-4
1.533000E-7	-7.588453E-4
1.534000E-7	-8.359280E-4
1.535000E-7	-8.307892E-4
1.536000E-7	-7.451417E-4
1.537000E-7	-5.944021E-4
1.538000E-7	-4.659308E-4
1.539000E-7	-4.213941E-4
1.540000E-7	-4.847733E-4
1.541000E-7	-6.200963E-4
1.542000E-7	-8.085208E-4
1.543000E-7	-9.489827E-4
1.544000E-7	-1.022640E-3
1.545000E-7	-1.005510E-3
1.546000E-7	-8.770388E-4
1.547000E-7	-6.988920E-4
1.548000E-7	-5.550042E-4
1.549000E-7	-4.470884E-4
1.550000E-7	-4.059776E-4
1.551000E-7	-4.265330E-4
1.552000E-7	-5.344488E-4
1.553000E-7	-6.817625E-4
1.554000E-7	-8.581964E-4
1.555000E-7	-9.524086E-4
1.556000E-7	-9.130108E-4
1.557000E-7	-7.571323E-4
1.558000E-7	-5.156064E-4
1.559000E-7	-3.511632E-4
1.560000E-7	-2.826452E-4
1.561000E-7	-4.162553E-4
1.562000E-7	-6.886143E-4
1.563000E-7	-9.489827E-4
1.564000E-7	-1.123704E-3
1.565000E-7	-1.142546E-3
1.566000E-7	-1.041482E-3
1.567000E-7	-9.215755E-4
1.568000E-7	-8.376410E-4
1.569000E-7	-8.119467E-4
1.570000E-7	-8.273633E-4
1.571000E-7	-8.410669E-4
1.572000E-7	-7.742618E-4
1.573000E-7	-6.509294E-4
1.574000E-7	-4.899121E-4
1.575000E-7	-4.025517E-4
1.576000E-7	-4.299589E-4
1.577000E-7	-5.961150E-4
1.578000E-7	-7.896784E-4
1.579000E-7	-9.746770E-4
1.580000E-7	-1.096296E-3
1.581000E-7	-1.091158E-3
1.582000E-7	-9.609734E-4
1.583000E-7	-7.622712E-4
1.584000E-7	-5.978280E-4
1.585000E-7	-5.121805E-4
1.586000E-7	-4.813474E-4
1.587000E-7	-5.207452E-4
1.588000E-7	-5.687078E-4
1.589000E-7	-6.149575E-4
1.590000E-7	-6.320870E-4
1.591000E-7	-5.909762E-4
1.592000E-7	-5.053287E-4
1.593000E-7	-4.350977E-4
1.594000E-7	-3.528761E-4
1.595000E-7	-2.757934E-4
1.596000E-7	-2.415344E-4
1.597000E-7	-2.655157E-4
1.598000E-7	-3.494502E-4
1.599000E-7	-4.796344E-4
1.600000E-7	-6.286611E-4
1.601000E-7	-7.143086E-4
1.602000E-7	-7.177345E-4
1.603000E-7	-7.040309E-4
1.604000E-7	-6.457906E-4
1.605000E-7	-5.755596E-4
1.606000E-7	-5.738467E-4
1.607000E-7	-6.286611E-4
1.608000E-7	-6.834755E-4
1.609000E-7	-7.108827E-4
1.610000E-7	-7.143086E-4
1.611000E-7	-6.988920E-4
1.612000E-7	-7.023179E-4
1.613000E-7	-7.451417E-4
1.614000E-7	-7.674100E-4
1.615000E-7	-7.519935E-4
1.616000E-7	-7.091697E-4
1.617000E-7	-6.372258E-4
1.618000E-7	-5.601431E-4
1.619000E-7	-4.625049E-4
1.620000E-7	-4.094035E-4
1.621000E-7	-3.854222E-4
1.622000E-7	-3.956999E-4
1.623000E-7	-4.368107E-4
1.624000E-7	-4.744956E-4
1.625000E-7	-5.293100E-4
1.626000E-7	-6.046798E-4
1.627000E-7	-6.783366E-4
1.628000E-7	-7.314381E-4
1.629000E-7	-7.468546E-4
1.630000E-7	-7.314381E-4
1.631000E-7	-7.177345E-4
1.632000E-7	-7.331510E-4
1.633000E-7	-7.365769E-4
1.634000E-7	-7.160215E-4
1.635000E-7	-6.783366E-4
1.636000E-7	-5.755596E-4
1.637000E-7	-4.402366E-4
1.638000E-7	-3.203301E-4
1.639000E-7	-2.500991E-4
1.640000E-7	-2.569509E-4
1.641000E-7	-3.237560E-4
1.642000E-7	-4.299589E-4
1.643000E-7	-4.385236E-4
1.644000E-7	-3.665797E-4
1.645000E-7	-2.792193E-4
1.646000E-7	-2.449603E-4
1.647000E-7	-2.757934E-4
1.648000E-7	-4.316718E-4
1.649000E-7	-6.423647E-4
1.650000E-7	-8.496316E-4
1.651000E-7	-9.678252E-4
1.652000E-7	-9.678252E-4
1.653000E-7	-8.924554E-4
1.654000E-7	-7.776877E-4
1.655000E-7	-6.937532E-4
1.656000E-7	-6.560683E-4
1.657000E-7	-6.731978E-4
1.658000E-7	-7.228733E-4
1.659000E-7	-7.571323E-4
1.660000E-7	-7.451417E-4
1.661000E-7	-7.297251E-4
1.662000E-7	-6.680589E-4
1.663000E-7	-6.098186E-4
1.664000E-7	-5.755596E-4
1.665000E-7	-5.755596E-4
1.666000E-7	-6.081057E-4
1.667000E-7	-6.132445E-4
1.668000E-7	-5.961150E-4
1.669000E-7	-5.652819E-4
1.670000E-7	-5.344488E-4
1.671000E-7	-5.481524E-4
1.672000E-7	-6.098186E-4
1.673000E-7	-6.851884E-4
1.674000E-7	-7.725489E-4
1.675000E-7	-8.359280E-4
1.676000E-7	-8.119467E-4
1.677000E-7	-7.691230E-4
1.678000E-7	-7.108827E-4
1.679000E-7	-7.177345E-4
1.680000E-7	-7.794007E-4
1.681000E-7	-8.616223E-4
1.682000E-7	-9.678252E-4
1.683000E-7	-9.935194E-4
1.684000E-7	-8.890295E-4
1.685000E-7	-7.245863E-4
1.686000E-7	-5.173193E-4
1.687000E-7	-4.128294E-4
1.688000E-7	-4.282459E-4
1.689000E-7	-5.241711E-4
1.690000E-7	-6.509294E-4
1.691000E-7	-7.245863E-4
1.692000E-7	-7.417158E-4
1.693000E-7	-7.040309E-4
1.694000E-7	-6.509294E-4
1.695000E-7	-6.355129E-4
1.696000E-7	-7.023179E-4
1.697000E-7	-7.776877E-4
1.698000E-7	-8.376410E-4
1.699000E-7	-8.393539E-4
1.700000E-7	-7.554194E-4
1.701000E-7	-6.406517E-4
1.702000E-7	-5.138934E-4
1.703000E-7	-4.642179E-4
1.704000E-7	-4.762085E-4
1.705000E-7	-5.738467E-4
1.706000E-7	-7.074568E-4
1.707000E-7	-8.050949E-4
1.708000E-7	-7.965302E-4
1.709000E-7	-7.382899E-4
1.710000E-7	-6.749107E-4
1.711000E-7	-6.029668E-4
1.712000E-7	-5.121805E-4
1.713000E-7	-3.905610E-4
1.714000E-7	-2.980617E-4
1.715000E-7	-2.175531E-4
1.716000E-7	-1.730164E-4
1.717000E-7	-2.141272E-4
1.718000E-7	-3.597279E-4
1.719000E-7	-5.755596E-4
1.720000E-7	-7.554194E-4
1.721000E-7	-8.290762E-4
1.722000E-7	-7.982431E-4
1.723000E-7	-7.057438E-4
1.724000E-7	-6.218093E-4
1.725000E-7	-5.909762E-4
1.726000E-7	-6.731978E-4
1.727000E-7	-8.462057E-4
1.728000E-7	-1.038056E-3
1.729000E-7	-1.188796E-3
1.730000E-7	-1.216203E-3
1.731000E-7	-1.110000E-3
1.732000E-7	-9.078719E-4
1.733000E-7	-6.663460E-4
1.734000E-7	-4.967639E-4
1.735000E-7	-4.368107E-4
1.736000E-7	-5.019028E-4
1.737000E-7	-6.851884E-4
1.738000E-7	-9.232885E-4
1.739000E-7	-1.077454E-3
1.740000E-7	-1.118565E-3
1.741000E-7	-1.068889E-3
1.742000E-7	-9.369921E-4
1.743000E-7	-7.537064E-4
1.744000E-7	-5.824114E-4
1.745000E-7	-4.813474E-4
1.746000E-7	-4.950510E-4
1.747000E-7	-5.738467E-4
1.748000E-7	-6.475035E-4
1.749000E-7	-7.074568E-4
1.750000E-7	-7.331510E-4
1.751000E-7	-7.006050E-4
1.752000E-7	-6.714848E-4
1.753000E-7	-6.817625E-4
1.754000E-7	-7.125956E-4
1.755000E-7	-7.143086E-4
1.756000E-7	-6.475035E-4
1.757000E-7	-5.036157E-4
1.758000E-7	-3.751445E-4
1.759000E-7	-3.340337E-4
1.760000E-7	-3.939869E-4
1.761000E-7	-5.944021E-4
1.762000E-7	-8.222244E-4
1.763000E-7	-9.798158E-4
1.764000E-7	-9.883806E-4
1.765000E-7	-8.581964E-4
1.766000E-7	-6.903273E-4
1.767000E-7	-5.413006E-4
1.768000E-7	-5.430136E-4
1.769000E-7	-6.320870E-4
1.770000E-7	-7.588453E-4
1.771000E-7	-8.153726E-4
1.772000E-7	-7.348640E-4
1.773000E-7	-5.584301E-4
1.774000E-7	-3.477373E-4
1.775000E-7	-1.832941E-4
1.776000E-7	-1.370444E-4
1.777000E-7	-2.175531E-4
1.778000E-7	-3.922740E-4
1.779000E-7	-5.378747E-4
1.780000E-7	-6.612071E-4
1.781000E-7	-6.646330E-4
1.782000E-7	-6.235222E-4
1.783000E-7	-5.806985E-4
1.784000E-7	-5.550042E-4
1.785000E-7	-5.378747E-4
1.786000E-7	-5.464395E-4
1.787000E-7	-5.601431E-4
1.788000E-7	-5.515783E-4
1.789000E-7	-5.532913E-4
1.790000E-7	-5.241711E-4
1.791000E-7	-5.310229E-4
1.792000E-7	-5.995409E-4
1.793000E-7	-6.903273E-4
1.794000E-7	-7.828266E-4
1.795000E-7	-8.273633E-4
1.796000E-7	-8.153726E-4
1.797000E-7	-7.794007E-4
1.798000E-7	-7.125956E-4
1.799000E-7	-6.475035E-4
1.800000E-7	-6.389388E-4
1.801000E-7	-6.680589E-4
1.802000E-7	-7.211604E-4
1.803000E-7	-7.639841E-4
1.804000E-7	-7.451417E-4
1.805000E-7	-6.543553E-4
1.806000E-7	-5.361618E-4
1.807000E-7	-4.402366E-4
1.808000E-7	-3.939869E-4
1.809000E-7	-3.888481E-4
1.810000E-7	-4.385236E-4
1.811000E-7	-5.275970E-4
1.812000E-7	-5.978280E-4
1.813000E-7	-5.961150E-4
1.814000E-7	-5.121805E-4
1.815000E-7	-4.008387E-4
1.816000E-7	-2.757934E-4
1.817000E-7	-1.610257E-4
1.818000E-7	-9.079475E-5
1.819000E-7	-9.593360E-5
1.820000E-7	-2.021365E-4
1.821000E-7	-3.597279E-4
1.822000E-7	-5.310229E-4
1.823000E-7	-6.355129E-4
1.824000E-7	-6.355129E-4
1.825000E-7	-5.669949E-4
1.826000E-7	-4.659308E-4
1.827000E-7	-3.939869E-4
1.828000E-7	-3.991258E-4
1.829000E-7	-4.916251E-4
1.830000E-7	-6.252352E-4
1.831000E-7	-7.434287E-4
1.832000E-7	-8.170856E-4
1.833000E-7	-8.462057E-4
1.834000E-7	-8.187985E-4
1.835000E-7	-7.502805E-4
1.836000E-7	-6.218093E-4
1.837000E-7	-4.864862E-4
1.838000E-7	-4.299589E-4
1.839000E-7	-4.470884E-4
1.840000E-7	-5.327359E-4
1.841000E-7	-6.560683E-4
1.842000E-7	-7.742618E-4
1.843000E-7	-8.205115E-4
1.844000E-7	-8.102338E-4
1.845000E-7	-7.502805E-4
1.846000E-7	-6.886143E-4
1.847000E-7	-6.440776E-4
1.848000E-7	-6.954661E-4
1.849000E-7	-7.537064E-4
1.850000E-7	-8.205115E-4
1.851000E-7	-8.273633E-4
1.852000E-7	-8.342151E-4
1.853000E-7	-8.273633E-4
1.854000E-7	-8.701870E-4
1.855000E-7	-9.284273E-4
1.856000E-7	-9.678252E-4
1.857000E-7	-9.643993E-4
1.858000E-7	-8.907424E-4
1.859000E-7	-8.136597E-4
1.860000E-7	-7.485676E-4
1.861000E-7	-6.851884E-4
1.862000E-7	-6.954661E-4
1.863000E-7	-7.091697E-4
1.864000E-7	-7.245863E-4
1.865000E-7	-7.143086E-4
1.866000E-7	-7.108827E-4
1.867000E-7	-7.485676E-4
1.868000E-7	-8.359280E-4
1.869000E-7	-9.078719E-4
1.870000E-7	-9.609734E-4
1.871000E-7	-9.438439E-4
1.872000E-7	-8.547705E-4
1.873000E-7	-7.434287E-4
1.874000E-7	-6.372258E-4
1.875000E-7	-6.046798E-4
1.876000E-7	-6.320870E-4
1.877000E-7	-6.646330E-4
1.878000E-7	-6.988920E-4
1.879000E-7	-6.886143E-4
1.880000E-7	-6.492165E-4
1.881000E-7	-5.687078E-4
1.882000E-7	-5.053287E-4
1.883000E-7	-4.762085E-4
1.884000E-7	-4.967639E-4
1.885000E-7	-5.464395E-4
1.886000E-7	-6.115316E-4
1.887000E-7	-6.098186E-4
1.888000E-7	-5.978280E-4
1.889000E-7	-5.498654E-4
1.890000E-7	-5.344488E-4
1.891000E-7	-5.858373E-4
1.892000E-7	-7.074568E-4
1.893000E-7	-8.273633E-4
1.894000E-7	-8.667611E-4
1.895000E-7	-8.033820E-4
1.896000E-7	-6.629201E-4
1.897000E-7	-4.813474E-4
1.898000E-7	-3.665797E-4
1.899000E-7	-3.288948E-4
1.900000E-7	-3.922740E-4
1.901000E-7	-5.378747E-4
1.902000E-7	-7.023179E-4
1.903000E-7	-8.701870E-4
1.904000E-7	-9.592604E-4
1.905000E-7	-1.000371E-3
1.906000E-7	-1.043195E-3
1.907000E-7	-1.056899E-3
1.908000E-7	-1.053473E-3
1.909000E-7	-1.020927E-3
1.910000E-7	-9.489827E-4
1.911000E-7	-8.342151E-4
1.912000E-7	-7.674100E-4
1.913000E-7	-7.451417E-4
1.914000E-7	-7.742618E-4
1.915000E-7	-8.444928E-4
1.916000E-7	-8.856036E-4
1.917000E-7	-8.342151E-4
1.918000E-7	-6.714848E-4
1.919000E-7	-4.505143E-4
1.920000E-7	-2.723675E-4
1.921000E-7	-2.141272E-4
1.922000E-7	-2.638027E-4
1.923000E-7	-3.956999E-4
1.924000E-7	-5.550042E-4
1.925000E-7	-6.440776E-4
1.926000E-7	-7.074568E-4
1.927000E-7	-7.262992E-4
1.928000E-7	-7.776877E-4
1.929000E-7	-8.393539E-4
1.930000E-7	-8.787518E-4
1.931000E-7	-8.444928E-4
1.932000E-7	-7.794007E-4
1.933000E-7	-6.988920E-4
1.934000E-7	-6.731978E-4
1.935000E-7	-6.714848E-4
1.936000E-7	-7.485676E-4
1.937000E-7	-8.102338E-4
1.938000E-7	-8.496316E-4
1.939000E-7	-8.068079E-4
1.940000E-7	-7.331510E-4
1.941000E-7	-6.526424E-4
1.942000E-7	-6.029668E-4
1.943000E-7	-6.303740E-4
1.944000E-7	-7.331510E-4
1.945000E-7	-8.307892E-4
1.946000E-7	-8.958813E-4
1.947000E-7	-9.147237E-4
1.948000E-7	-9.147237E-4
1.949000E-7	-8.958813E-4
1.950000E-7	-8.924554E-4
1.951000E-7	-8.633352E-4
1.952000E-7	-8.496316E-4
1.953000E-7	-8.068079E-4
1.954000E-7	-7.554194E-4
1.955000E-7	-7.262992E-4
1.956000E-7	-7.125956E-4
1.957000E-7	-7.280122E-4
1.958000E-7	-7.776877E-4
1.959000E-7	-8.187985E-4
1.960000E-7	-7.794007E-4
1.961000E-7	-7.468546E-4
1.962000E-7	-7.160215E-4
1.963000E-7	-7.143086E-4
1.964000E-7	-6.954661E-4
1.965000E-7	-7.108827E-4
1.966000E-7	-7.348640E-4
1.967000E-7	-7.040309E-4
1.968000E-7	-6.612071E-4
1.969000E-7	-6.115316E-4
1.970000E-7	-5.995409E-4
1.971000E-7	-5.875503E-4
1.972000E-7	-5.978280E-4
1.973000E-7	-6.509294E-4
1.974000E-7	-6.920402E-4
1.975000E-7	-7.554194E-4
1.976000E-7	-8.119467E-4
1.977000E-7	-8.616223E-4
1.978000E-7	-9.044460E-4
1.979000E-7	-9.250014E-4
1.980000E-7	-8.958813E-4
1.981000E-7	-7.845395E-4
1.982000E-7	-6.252352E-4
1.983000E-7	-4.453754E-4
1.984000E-7	-3.169042E-4
1.985000E-7	-3.100524E-4
1.986000E-7	-4.333848E-4
1.987000E-7	-6.577812E-4
1.988000E-7	-9.010201E-4
1.989000E-7	-1.056899E-3
1.990000E-7	-1.072315E-3
1.991000E-7	-9.387050E-4
1.992000E-7	-6.937532E-4
1.993000E-7	-4.556531E-4
1.994000E-7	-3.237560E-4
1.995000E-7	-3.203301E-4
1.996000E-7	-4.076905E-4
1.997000E-7	-5.293100E-4
1.998000E-7	-6.303740E-4
1.999000E-7	-6.783366E-4
2.000000E-7	-6.594942E-4
2.001000E-7	-5.875503E-4
