Study Name	Tungsten_Calibration
Sample Name	2024-10-03
Run Name	spot_00
Operator	Elena
Date	10/3/2024
Time	10:15
Sign	POS
Grating Spacing	03.40um
Channel	3
Number Traces	10000
Files in Batch	1
Batch Number	1
dt	100.000001E-12
time stamp (ms)	10:15:37 AM
	
Time	Amplitude
0.000000E+0	-2.380882E-4
1.000000E-10	-2.620695E-4
2.000000E-10	-2.123939E-4
3.000000E-10	-1.301723E-4
4.000000E-10	-2.739534E-5
5.000000E-10	2.228022E-5
6.000000E-10	5.996512E-5
7.000000E-10	2.399317E-5
8.000000E-10	-5.994139E-5
9.000000E-10	-1.712831E-4
1.000000E-9	-2.586436E-4
1.100000E-9	-2.911896E-4
1.200000E-9	-2.552177E-4
1.300000E-9	-1.610054E-4
1.400000E-9	-4.966369E-5
1.500000E-9	5.653922E-5
1.600000E-9	1.164925E-4
1.700000E-9	1.130666E-4
1.800000E-9	8.052052E-5
1.900000E-9	6.167807E-5
2.000000E-9	3.769677E-5
2.100000E-9	3.427087E-5
2.200000E-9	1.724815E-6
2.300000E-9	-2.739534E-5
2.400000E-9	-4.623779E-5
2.500000E-9	-5.651549E-5
2.600000E-9	-5.308959E-5
2.700000E-9	-3.938599E-5
2.800000E-9	6.863665E-6
2.900000E-9	5.140037E-5
3.000000E-9	7.880757E-5
3.100000E-9	6.339102E-5
3.200000E-9	1.885432E-5
3.300000E-9	-8.563564E-5
3.400000E-9	-1.952644E-4
3.500000E-9	-2.791990E-4
3.600000E-9	-2.826249E-4
3.700000E-9	-2.158198E-4
3.800000E-9	-7.878384E-5
3.900000E-9	5.653922E-5
4.000000E-9	1.421867E-4
4.100000E-9	1.730198E-4
4.200000E-9	1.284831E-4
4.300000E-9	2.056727E-5
4.400000E-9	-8.392269E-5
4.500000E-9	-1.729961E-4
4.600000E-9	-1.935515E-4
4.700000E-9	-1.712831E-4
4.800000E-9	-1.250335E-4
4.900000E-9	-1.267464E-4
5.000000E-9	-1.592925E-4
5.100000E-9	-1.781349E-4
5.200000E-9	-1.781349E-4
5.300000E-9	-8.734859E-5
5.400000E-9	2.913202E-5
5.500000E-9	1.096407E-4
5.600000E-9	8.052052E-5
5.700000E-9	-8.906154E-5
5.800000E-9	-2.980414E-4
5.900000E-9	-4.796141E-4
6.000000E-9	-5.121602E-4
6.100000E-9	-4.196609E-4
6.200000E-9	-2.329493E-4
6.300000E-9	-5.822844E-5
6.400000E-9	5.140037E-5
6.500000E-9	5.825217E-5
6.600000E-9	2.399317E-5
6.700000E-9	-2.225649E-5
6.800000E-9	-6.679319E-5
6.900000E-9	-7.707089E-5
7.000000E-9	-1.044781E-4
7.100000E-9	-9.762629E-5
7.200000E-9	-4.623779E-5
7.300000E-9	6.863665E-6
7.400000E-9	5.653922E-5
7.500000E-9	2.399317E-5
7.600000E-9	-4.281189E-5
7.700000E-9	-1.798479E-4
7.800000E-9	-3.220227E-4
7.900000E-9	-4.008184E-4
8.000000E-9	-4.076702E-4
8.100000E-9	-3.562817E-4
8.200000E-9	-2.929026E-4
8.300000E-9	-2.723472E-4
8.400000E-9	-3.340134E-4
8.500000E-9	-4.042443E-4
8.600000E-9	-4.693364E-4
8.700000E-9	-4.830400E-4
8.800000E-9	-4.453551E-4
8.900000E-9	-3.562817E-4
9.000000E-9	-2.466529E-4
9.100000E-9	-1.404500E-4
9.200000E-9	-8.220974E-5
9.300000E-9	-8.906154E-5
9.400000E-9	-1.318853E-4
9.500000E-9	-1.918385E-4
9.600000E-9	-2.363752E-4
9.700000E-9	-2.500788E-4
9.800000E-9	-2.243846E-4
9.900000E-9	-1.524407E-4
1.000000E-8	-7.021909E-5
1.010000E-8	-8.552885E-6
1.020000E-8	2.228022E-5
1.030000E-8	6.863665E-6
1.040000E-8	-1.883059E-5
1.050000E-8	-1.197879E-5
1.060000E-8	3.940972E-5
1.070000E-8	9.422412E-5
1.080000E-8	1.336220E-4
1.090000E-8	1.027889E-4
1.100000E-8	1.028957E-5
1.110000E-8	-6.850614E-5
1.120000E-8	-1.438759E-4
1.130000E-8	-1.130428E-4
1.140000E-8	-6.839935E-6
1.150000E-8	1.301961E-4
1.160000E-8	1.918623E-4
1.170000E-8	1.678810E-4
1.180000E-8	6.681692E-5
1.190000E-8	-7.193204E-5
1.200000E-8	-1.610054E-4
1.210000E-8	-1.764220E-4
1.220000E-8	-1.507277E-4
1.230000E-8	-9.420039E-5
1.240000E-8	-5.822844E-5
1.250000E-8	-4.966369E-5
1.260000E-8	-3.082124E-5
1.270000E-8	1.186527E-8
1.280000E-8	3.084497E-5
1.290000E-8	1.885432E-5
1.300000E-8	-1.369174E-5
1.310000E-8	-7.535794E-5
1.320000E-8	-1.027651E-4
1.330000E-8	-7.535794E-5
1.340000E-8	-1.711764E-5
1.350000E-8	6.852987E-5
1.360000E-8	1.421867E-4
1.370000E-8	1.764457E-4
1.380000E-8	1.815846E-4
1.390000E-8	1.695939E-4
1.400000E-8	1.884364E-4
1.410000E-8	2.055659E-4
1.420000E-8	2.603803E-4
1.430000E-8	2.860745E-4
1.440000E-8	2.655191E-4
1.450000E-8	2.141306E-4
1.460000E-8	1.353349E-4
1.470000E-8	4.283562E-5
1.480000E-8	-4.623779E-5
1.490000E-8	-9.591334E-5
1.500000E-8	-8.563564E-5
1.510000E-8	-4.795074E-5
1.520000E-8	-1.701085E-6
1.530000E-8	1.028957E-5
1.540000E-8	-4.281189E-5
1.550000E-8	-1.438759E-4
1.560000E-8	-2.260975E-4
1.570000E-8	-2.586436E-4
1.580000E-8	-2.226716E-4
1.590000E-8	-9.420039E-5
1.600000E-8	4.283562E-5
1.610000E-8	1.644551E-4
1.620000E-8	1.970011E-4
1.630000E-8	9.765002E-5
1.640000E-8	-7.364499E-5
1.650000E-8	-2.569306E-4
1.660000E-8	-3.802630E-4
1.670000E-8	-4.179479E-4
1.680000E-8	-3.323004E-4
1.690000E-8	-2.038292E-4
1.700000E-8	-7.878384E-5
1.710000E-8	-1.197879E-5
1.720000E-8	3.598382E-5
1.730000E-8	5.140037E-5
1.740000E-8	6.339102E-5
1.750000E-8	7.538167E-5
1.760000E-8	8.394642E-5
1.770000E-8	5.140037E-5
1.780000E-8	2.913202E-5
1.790000E-8	-1.369174E-5
1.800000E-8	-8.563564E-5
1.810000E-8	-1.729961E-4
1.820000E-8	-2.535047E-4
1.830000E-8	-3.048932E-4
1.840000E-8	-2.843378E-4
1.850000E-8	-1.764220E-4
1.860000E-8	-2.396944E-5
1.870000E-8	1.301961E-4
1.880000E-8	2.244083E-4
1.890000E-8	2.055659E-4
1.900000E-8	7.709462E-5
1.910000E-8	-7.878384E-5
1.920000E-8	-2.260975E-4
1.930000E-8	-3.031803E-4
1.940000E-8	-2.860508E-4
1.950000E-8	-2.072551E-4
1.960000E-8	-1.113299E-4
1.970000E-8	2.056727E-5
1.980000E-8	2.586673E-4
1.990000E-8	7.639876E-4
2.000000E-8	1.630740E-3
2.010000E-8	2.971980E-3
2.020000E-8	4.700347E-3
2.030000E-8	6.637693E-3
2.040000E-8	8.494531E-3
2.050000E-8	1.005845E-2
2.060000E-8	1.113419E-2
2.070000E-8	1.167034E-2
2.080000E-8	1.165150E-2
2.090000E-8	1.114104E-2
2.100000E-8	1.021947E-2
2.110000E-8	9.027259E-3
2.120000E-8	7.694583E-3
2.130000E-8	6.387603E-3
2.140000E-8	5.310157E-3
2.150000E-8	4.640394E-3
2.160000E-8	4.426275E-3
2.170000E-8	4.657523E-3
2.180000E-8	5.179973E-3
2.190000E-8	5.865153E-3
2.200000E-8	6.512648E-3
2.210000E-8	6.975144E-3
2.220000E-8	7.146439E-3
2.230000E-8	6.949450E-3
2.240000E-8	6.425288E-3
2.250000E-8	5.645895E-3
2.260000E-8	4.727754E-3
2.270000E-8	3.794196E-3
2.280000E-8	3.064480E-3
2.290000E-8	2.646520E-3
2.300000E-8	2.629390E-3
2.310000E-8	2.983971E-3
2.320000E-8	3.612624E-3
2.330000E-8	4.381738E-3
2.340000E-8	5.037798E-3
2.350000E-8	5.428351E-3
2.360000E-8	5.445480E-3
2.370000E-8	5.044650E-3
2.380000E-8	4.296091E-3
2.390000E-8	3.345403E-3
2.400000E-8	2.423836E-3
2.410000E-8	1.723240E-3
2.420000E-8	1.461158E-3
2.430000E-8	1.676990E-3
2.440000E-8	2.291939E-3
2.450000E-8	3.146701E-3
2.460000E-8	3.979195E-3
2.470000E-8	4.582153E-3
2.480000E-8	4.845948E-3
2.490000E-8	4.671227E-3
2.500000E-8	4.135073E-3
2.510000E-8	3.312857E-3
2.520000E-8	2.322772E-3
2.530000E-8	1.339539E-3
2.540000E-8	5.687113E-4
2.550000E-8	1.661680E-4
2.560000E-8	2.535285E-4
2.570000E-8	7.451451E-4
2.580000E-8	1.529676E-3
2.590000E-8	2.434114E-3
2.600000E-8	3.220358E-3
2.610000E-8	3.744521E-3
2.620000E-8	3.867853E-3
2.630000E-8	3.573226E-3
2.640000E-8	2.954851E-3
2.650000E-8	2.081246E-3
2.660000E-8	1.197364E-3
2.670000E-8	4.796379E-4
2.680000E-8	1.079277E-4
2.690000E-8	1.113536E-4
2.700000E-8	4.573695E-4
2.710000E-8	1.092874E-3
2.720000E-8	1.861989E-3
2.730000E-8	2.625964E-3
2.740000E-8	3.246052E-3
2.750000E-8	3.581790E-3
2.760000E-8	3.523550E-3
2.770000E-8	3.026795E-3
2.780000E-8	2.168607E-3
2.790000E-8	1.110003E-3
2.800000E-8	1.627421E-4
2.810000E-8	-4.607717E-4
2.820000E-8	-5.892430E-4
2.830000E-8	-2.089680E-4
2.840000E-8	5.687113E-4
2.850000E-8	1.502269E-3
2.860000E-8	2.434114E-3
2.870000E-8	3.112442E-3
2.880000E-8	3.401931E-3
2.890000E-8	3.273459E-3
2.900000E-8	2.727028E-3
2.910000E-8	1.894535E-3
2.920000E-8	8.993106E-4
2.930000E-8	-1.540469E-5
2.940000E-8	-7.177142E-4
2.950000E-8	-1.020906E-3
2.960000E-8	-8.924351E-4
2.970000E-8	-3.460040E-4
2.980000E-8	4.864897E-4
2.990000E-8	1.457732E-3
3.000000E-8	2.321059E-3
3.010000E-8	2.846935E-3
3.020000E-8	2.903462E-3
3.030000E-8	2.464947E-3
3.040000E-8	1.661573E-3
3.050000E-8	6.971825E-4
3.060000E-8	-1.901256E-4
3.070000E-8	-7.828063E-4
3.080000E-8	-1.003777E-3
3.090000E-8	-8.393337E-4
3.100000E-8	-3.699853E-4
3.110000E-8	3.117688E-4
3.120000E-8	1.055189E-3
3.130000E-8	1.731804E-3
3.140000E-8	2.214856E-3
3.150000E-8	2.379299E-3
3.160000E-8	2.165181E-3
3.170000E-8	1.562222E-3
3.180000E-8	7.537099E-4
3.190000E-8	-9.762629E-5
3.200000E-8	-7.622509E-4
3.210000E-8	-1.044888E-3
3.220000E-8	-9.369718E-4
3.230000E-8	-4.145220E-4
3.240000E-8	3.271853E-4
3.250000E-8	1.101439E-3
3.260000E-8	1.810600E-3
3.270000E-8	2.285087E-3
3.280000E-8	2.461521E-3
3.290000E-8	2.297078E-3
3.300000E-8	1.748934E-3
3.310000E-8	9.130142E-4
3.320000E-8	-5.308959E-5
3.330000E-8	-9.369718E-4
3.340000E-8	-1.466273E-3
3.350000E-8	-1.515949E-3
3.360000E-8	-1.010629E-3
3.370000E-8	-1.370241E-4
3.380000E-8	8.975977E-4
3.390000E-8	1.836294E-3
3.400000E-8	2.415271E-3
3.410000E-8	2.543743E-3
3.420000E-8	2.194301E-3
3.430000E-8	1.522824E-3
3.440000E-8	6.954696E-4
3.450000E-8	-8.734859E-5
3.460000E-8	-7.022977E-4
3.470000E-8	-1.032897E-3
3.480000E-8	-1.067156E-3
3.490000E-8	-7.776675E-4
3.500000E-8	-1.935515E-4
3.510000E-8	5.635724E-4
3.520000E-8	1.389214E-3
3.530000E-8	2.045274E-3
3.540000E-8	2.420410E-3
3.550000E-8	2.367309E-3
3.560000E-8	1.918516E-3
3.570000E-8	1.151114E-3
3.580000E-8	2.809357E-4
3.590000E-8	-5.344286E-4
3.600000E-8	-1.085998E-3
3.610000E-8	-1.308682E-3
3.620000E-8	-1.128822E-3
3.630000E-8	-6.097984E-4
3.640000E-8	1.678810E-4
3.650000E-8	1.051763E-3
3.660000E-8	1.820878E-3
3.670000E-8	2.329624E-3
3.680000E-8	2.398142E-3
3.690000E-8	2.021293E-3
3.700000E-8	1.271021E-3
3.710000E-8	3.460278E-4
3.720000E-8	-5.155861E-4
3.730000E-8	-1.164794E-3
3.740000E-8	-1.464560E-3
3.750000E-8	-1.378913E-3
3.760000E-8	-9.438236E-4
3.770000E-8	-2.637824E-4
3.780000E-8	5.276005E-4
3.790000E-8	1.281299E-3
3.800000E-8	1.819165E-3
3.810000E-8	2.016154E-3
3.820000E-8	1.839720E-3
3.830000E-8	1.312132E-3
3.840000E-8	5.652854E-4
3.850000E-8	-2.072551E-4
3.860000E-8	-8.393337E-4
3.870000E-8	-1.171646E-3
3.880000E-8	-1.180211E-3
3.890000E-8	-9.215553E-4
3.900000E-8	-4.350774E-4
3.910000E-8	1.884364E-4
3.920000E-8	8.119502E-4
3.930000E-8	1.327548E-3
3.940000E-8	1.663286E-3
3.950000E-8	1.733517E-3
3.960000E-8	1.490278E-3
3.970000E-8	9.181531E-4
3.980000E-8	1.576033E-4
3.990000E-8	-6.783164E-4
4.000000E-8	-1.310395E-3
4.010000E-8	-1.611874E-3
4.020000E-8	-1.490255E-3
4.030000E-8	-9.695179E-4
4.040000E-8	-1.832738E-4
4.050000E-8	6.749142E-4
4.060000E-8	1.406344E-3
4.070000E-8	1.822591E-3
4.080000E-8	1.855137E-3
4.090000E-8	1.493704E-3
4.100000E-8	8.376444E-4
4.110000E-8	9.765002E-5
4.120000E-8	-5.464192E-4
4.130000E-8	-9.626661E-4
4.140000E-8	-1.072295E-3
4.150000E-8	-8.821574E-4
4.160000E-8	-4.607717E-4
4.170000E-8	1.079277E-4
4.180000E-8	7.160250E-4
4.190000E-8	1.228197E-3
4.200000E-8	1.558796E-3
4.210000E-8	1.610185E-3
4.220000E-8	1.377224E-3
4.230000E-8	8.684775E-4
4.240000E-8	2.021400E-4
4.250000E-8	-4.470681E-4
4.260000E-8	-9.541013E-4
4.270000E-8	-1.199053E-3
4.280000E-8	-1.118545E-3
4.290000E-8	-7.228531E-4
4.300000E-8	-9.077449E-5
4.310000E-8	6.012573E-4
4.320000E-8	1.248752E-3
4.330000E-8	1.718101E-3
4.340000E-8	1.899673E-3
4.350000E-8	1.726666E-3
4.360000E-8	1.281299E-3
4.370000E-8	6.098221E-4
4.380000E-8	-1.781349E-4
4.390000E-8	-8.735927E-4
4.400000E-8	-1.344654E-3
4.410000E-8	-1.467986E-3
4.420000E-8	-1.173359E-3
4.430000E-8	-5.652617E-4
4.440000E-8	2.398249E-4
4.450000E-8	1.038060E-3
4.460000E-8	1.637592E-3
4.470000E-8	1.918516E-3
4.480000E-8	1.776341E-3
4.490000E-8	1.289863E-3
4.500000E-8	6.046832E-4
4.510000E-8	-1.318853E-4
4.520000E-8	-7.348437E-4
4.530000E-8	-1.099702E-3
4.540000E-8	-1.154516E-3
4.550000E-8	-9.078517E-4
4.560000E-8	-4.299386E-4
4.570000E-8	1.593162E-4
4.580000E-8	7.485710E-4
4.590000E-8	1.233336E-3
4.600000E-8	1.457732E-3
4.610000E-8	1.432038E-3
4.620000E-8	1.139124E-3
4.630000E-8	6.749142E-4
4.640000E-8	1.062148E-4
4.650000E-8	-4.556328E-4
4.660000E-8	-8.907222E-4
4.670000E-8	-1.104841E-3
4.680000E-8	-1.022619E-3
4.690000E-8	-6.663257E-4
4.700000E-8	-7.364499E-5
4.710000E-8	6.149609E-4
4.720000E-8	1.192225E-3
4.730000E-8	1.545093E-3
4.740000E-8	1.521112E-3
4.750000E-8	1.199077E-3
4.760000E-8	6.766271E-4
4.770000E-8	9.422412E-5
4.780000E-8	-4.110961E-4
4.790000E-8	-7.416955E-4
4.800000E-8	-8.496114E-4
4.810000E-8	-7.416955E-4
4.820000E-8	-4.247997E-4
4.830000E-8	4.626152E-5
4.840000E-8	6.115350E-4
4.850000E-8	1.181947E-3
4.860000E-8	1.610185E-3
4.870000E-8	1.812313E-3
4.880000E-8	1.683842E-3
4.890000E-8	1.253891E-3
4.900000E-8	6.098221E-4
4.910000E-8	-7.707089E-5
4.920000E-8	-6.320667E-4
4.930000E-8	-9.386848E-4
4.940000E-8	-9.506754E-4
4.950000E-8	-6.937329E-4
4.960000E-8	-2.466529E-4
4.970000E-8	2.877875E-4
4.980000E-8	8.410703E-4
4.990000E-8	1.279586E-3
5.000000E-8	1.539954E-3
5.010000E-8	1.505695E-3
5.020000E-8	1.173383E-3
5.030000E-8	5.858408E-4
5.040000E-8	-1.096169E-4
5.050000E-8	-7.108624E-4
5.060000E-8	-1.067156E-3
5.070000E-8	-1.074008E-3
5.080000E-8	-7.862322E-4
5.090000E-8	-2.826249E-4
5.100000E-8	2.672321E-4
5.110000E-8	7.348674E-4
5.120000E-8	1.031208E-3
5.130000E-8	1.164818E-3
5.140000E-8	1.140837E-3
5.150000E-8	9.798193E-4
5.160000E-8	6.594976E-4
5.170000E-8	2.535285E-4
5.180000E-8	-2.123939E-4
5.190000E-8	-6.149372E-4
5.200000E-8	-8.273430E-4
5.210000E-8	-7.810934E-4
5.220000E-8	-4.676235E-4
5.230000E-8	3.598382E-5
5.240000E-8	5.909796E-4
5.250000E-8	1.055189E-3
5.260000E-8	1.313845E-3
5.270000E-8	1.337826E-3
5.280000E-8	1.133985E-3
5.290000E-8	7.862559E-4
5.300000E-8	3.443148E-4
5.310000E-8	-7.021909E-5
5.320000E-8	-3.871148E-4
5.330000E-8	-5.789653E-4
5.340000E-8	-6.097984E-4
5.350000E-8	-4.676235E-4
5.360000E-8	-1.798479E-4
5.370000E-8	2.261213E-4
5.380000E-8	6.492199E-4
5.390000E-8	1.005514E-3
5.400000E-8	1.195651E-3
5.410000E-8	1.168244E-3
5.420000E-8	9.301437E-4
5.430000E-8	4.967674E-4
5.440000E-8	1.724815E-6
5.450000E-8	-4.744753E-4
5.460000E-8	-7.947970E-4
5.470000E-8	-9.232682E-4
5.480000E-8	-7.947970E-4
5.490000E-8	-4.316515E-4
5.500000E-8	5.996512E-5
5.510000E-8	6.200998E-4
5.520000E-8	1.068893E-3
5.530000E-8	1.286437E-3
5.540000E-8	1.212781E-3
5.550000E-8	8.564869E-4
5.560000E-8	3.357501E-4
5.570000E-8	-1.918385E-4
5.580000E-8	-5.481322E-4
5.590000E-8	-6.560480E-4
5.600000E-8	-5.035955E-4
5.610000E-8	-1.969774E-4
5.620000E-8	1.661680E-4
5.630000E-8	4.642213E-4
5.640000E-8	6.714883E-4
5.650000E-8	7.674135E-4
5.660000E-8	8.222279E-4
5.670000E-8	7.931077E-4
5.680000E-8	6.971825E-4
5.690000E-8	4.744990E-4
5.700000E-8	1.164925E-4
5.710000E-8	-3.117450E-4
5.720000E-8	-6.663257E-4
5.730000E-8	-8.718797E-4
5.740000E-8	-8.616020E-4
5.750000E-8	-6.029466E-4
5.760000E-8	-2.021162E-4
5.770000E-8	2.295472E-4
5.780000E-8	5.704242E-4
5.790000E-8	7.759782E-4
5.800000E-8	7.982466E-4
5.810000E-8	6.971825E-4
5.820000E-8	4.899156E-4
5.830000E-8	2.346860E-4
5.840000E-8	-1.197879E-5
5.850000E-8	-1.935515E-4
5.860000E-8	-2.894767E-4
5.870000E-8	-2.740601E-4
5.880000E-8	-1.592925E-4
5.890000E-8	8.737232E-5
5.900000E-8	3.939904E-4
5.910000E-8	6.869048E-4
5.920000E-8	8.856070E-4
5.930000E-8	9.198660E-4
5.940000E-8	7.828300E-4
5.950000E-8	4.796379E-4
5.960000E-8	1.182054E-4
5.970000E-8	-2.346623E-4
5.980000E-8	-4.933177E-4
5.990000E-8	-6.132243E-4
6.000000E-8	-5.892430E-4
6.010000E-8	-4.059573E-4
6.020000E-8	-1.164687E-4
6.030000E-8	2.226954E-4
6.040000E-8	5.378782E-4
6.050000E-8	7.554228E-4
6.060000E-8	8.016725E-4
6.070000E-8	6.869048E-4
6.080000E-8	4.145458E-4
6.090000E-8	8.908527E-5
6.100000E-8	-2.072551E-4
6.110000E-8	-3.956796E-4
6.120000E-8	-4.676235E-4
6.130000E-8	-4.196609E-4
6.140000E-8	-3.100321E-4
6.150000E-8	-1.627184E-4
6.160000E-8	1.714137E-5
6.170000E-8	2.158436E-4
6.180000E-8	4.162587E-4
6.190000E-8	5.772760E-4
6.200000E-8	6.646365E-4
6.210000E-8	6.800530E-4
6.220000E-8	5.481559E-4
6.230000E-8	3.049170E-4
6.240000E-8	-1.701085E-6
6.250000E-8	-2.586436E-4
6.260000E-8	-4.196609E-4
6.270000E-8	-4.761882E-4
6.280000E-8	-4.128091E-4
6.290000E-8	-3.014673E-4
6.300000E-8	-1.044781E-4
6.310000E-8	1.507515E-4
6.320000E-8	4.008422E-4
6.330000E-8	5.961185E-4
6.340000E-8	6.629235E-4
6.350000E-8	5.430170E-4
6.360000E-8	2.278342E-4
6.370000E-8	-1.558666E-4
6.380000E-8	-4.881789E-4
6.390000E-8	-6.406315E-4
6.400000E-8	-5.892430E-4
6.410000E-8	-3.477170E-4
6.420000E-8	-3.082124E-5
6.430000E-8	3.169076E-4
6.440000E-8	5.721372E-4
6.450000E-8	7.177379E-4
6.460000E-8	7.108861E-4
6.470000E-8	5.995444E-4
6.480000E-8	3.991292E-4
6.490000E-8	1.627421E-4
6.500000E-8	-8.049679E-5
6.510000E-8	-2.689213E-4
6.520000E-8	-3.734112E-4
6.530000E-8	-3.716983E-4
6.540000E-8	-2.706342E-4
6.550000E-8	-6.679319E-5
6.560000E-8	1.558903E-4
6.570000E-8	3.939904E-4
6.580000E-8	5.858408E-4
6.590000E-8	7.091732E-4
6.600000E-8	7.177379E-4
6.610000E-8	5.858408E-4
6.620000E-8	3.580184E-4
6.630000E-8	8.394642E-5
6.640000E-8	-1.558666E-4
6.650000E-8	-2.963285E-4
6.660000E-8	-3.100321E-4
6.670000E-8	-1.764220E-4
6.680000E-8	8.223347E-5
6.690000E-8	3.186206E-4
6.700000E-8	5.207487E-4
6.710000E-8	6.457940E-4
6.720000E-8	6.509329E-4
6.730000E-8	5.618595E-4
6.740000E-8	3.751479E-4
6.750000E-8	1.678810E-4
6.760000E-8	-2.910829E-5
6.770000E-8	-1.798479E-4
6.780000E-8	-2.672083E-4
6.790000E-8	-2.637824E-4
6.800000E-8	-2.175328E-4
6.810000E-8	-1.490148E-4
6.820000E-8	-4.966369E-5
6.830000E-8	2.913202E-5
6.840000E-8	1.284831E-4
6.850000E-8	2.141306E-4
6.860000E-8	2.757968E-4
6.870000E-8	3.134817E-4
6.880000E-8	2.809357E-4
6.890000E-8	1.507515E-4
6.900000E-8	-5.480254E-5
6.910000E-8	-2.843378E-4
6.920000E-8	-4.179479E-4
6.930000E-8	-4.179479E-4
6.940000E-8	-2.517918E-4
6.950000E-8	2.056727E-5
6.960000E-8	3.151947E-4
6.970000E-8	5.276005E-4
6.980000E-8	6.098221E-4
6.990000E-8	5.447300E-4
7.000000E-8	4.042681E-4
7.010000E-8	2.175565E-4
7.020000E-8	1.028957E-5
7.030000E-8	-1.438759E-4
7.040000E-8	-2.483659E-4
7.050000E-8	-2.826249E-4
7.060000E-8	-2.466529E-4
7.070000E-8	-1.610054E-4
7.080000E-8	-3.414035E-6
7.090000E-8	2.381119E-4
7.100000E-8	4.984803E-4
7.110000E-8	7.040343E-4
7.120000E-8	7.794041E-4
7.130000E-8	7.108861E-4
7.140000E-8	5.104710E-4
7.150000E-8	2.209824E-4
7.160000E-8	-6.508024E-5
7.170000E-8	-2.740601E-4
7.180000E-8	-3.597076E-4
7.190000E-8	-2.980414E-4
7.200000E-8	-1.490148E-4
7.210000E-8	1.542842E-5
7.220000E-8	1.627421E-4
7.230000E-8	2.415378E-4
7.240000E-8	2.175565E-4
7.250000E-8	1.250572E-4
7.260000E-8	2.741907E-5
7.270000E-8	-6.679319E-5
7.280000E-8	-1.284594E-4
7.290000E-8	-1.935515E-4
7.300000E-8	-2.380882E-4
7.310000E-8	-3.048932E-4
7.320000E-8	-3.665594E-4
7.330000E-8	-3.854019E-4
7.340000E-8	-3.151709E-4
7.350000E-8	-1.592925E-4
7.360000E-8	8.565937E-5
7.370000E-8	3.237594E-4
7.380000E-8	4.796379E-4
7.390000E-8	5.173228E-4
7.400000E-8	4.111199E-4
7.410000E-8	2.107047E-4
7.420000E-8	-4.452484E-5
7.430000E-8	-2.740601E-4
7.440000E-8	-4.213738E-4
7.450000E-8	-4.350774E-4
7.460000E-8	-3.357263E-4
7.470000E-8	-1.284594E-4
7.480000E-8	1.387608E-4
7.490000E-8	3.768609E-4
7.500000E-8	5.156098E-4
7.510000E-8	5.738501E-4
7.520000E-8	5.293134E-4
7.530000E-8	4.402400E-4
7.540000E-8	2.946393E-4
7.550000E-8	1.558903E-4
7.560000E-8	4.968742E-5
7.570000E-8	1.186527E-8
7.580000E-8	1.714137E-5
7.590000E-8	7.366872E-5
7.600000E-8	1.781587E-4
7.610000E-8	2.792227E-4
7.620000E-8	3.614443E-4
7.630000E-8	3.854256E-4
7.640000E-8	3.768609E-4
7.650000E-8	3.408889E-4
7.660000E-8	2.929263E-4
7.670000E-8	2.072788E-4
7.680000E-8	1.113536E-4
7.690000E-8	-6.839935E-6
7.700000E-8	-9.591334E-5
7.710000E-8	-1.301723E-4
7.720000E-8	-9.248744E-5
7.730000E-8	2.399317E-5
7.740000E-8	1.901493E-4
7.750000E-8	3.494537E-4
7.760000E-8	4.368141E-4
7.770000E-8	4.076940E-4
7.780000E-8	3.100558E-4
7.790000E-8	1.832975E-4
7.800000E-8	7.195577E-5
7.810000E-8	6.863665E-6
7.820000E-8	-4.966369E-5
7.830000E-8	-9.077449E-5
7.840000E-8	-1.541536E-4
7.850000E-8	-1.935515E-4
7.860000E-8	-2.021162E-4
7.870000E-8	-1.079040E-4
7.880000E-8	8.052052E-5
7.890000E-8	3.323242E-4
7.900000E-8	5.669983E-4
7.910000E-8	6.817660E-4
7.920000E-8	6.714883E-4
7.930000E-8	5.361652E-4
7.940000E-8	3.032040E-4
7.950000E-8	7.538167E-5
7.960000E-8	-1.061910E-4
7.970000E-8	-1.404500E-4
7.980000E-8	-5.480254E-5
7.990000E-8	1.319090E-4
8.000000E-8	3.323242E-4
8.010000E-8	4.710731E-4
8.020000E-8	4.967674E-4
8.030000E-8	4.025551E-4
8.040000E-8	2.346860E-4
8.050000E-8	9.765002E-5
8.060000E-8	3.427087E-5
8.070000E-8	4.112267E-5
8.080000E-8	8.223347E-5
8.090000E-8	1.199184E-4
8.100000E-8	8.737232E-5
8.110000E-8	1.885432E-5
8.120000E-8	-5.308959E-5
8.130000E-8	-9.591334E-5
8.140000E-8	-1.164687E-4
8.150000E-8	-4.966369E-5
8.160000E-8	6.681692E-5
8.170000E-8	1.764457E-4
8.180000E-8	2.466767E-4
8.190000E-8	2.723709E-4
8.200000E-8	1.935752E-4
8.210000E-8	7.195577E-5
8.220000E-8	-8.563564E-5
8.230000E-8	-2.209587E-4
8.240000E-8	-2.757731E-4
8.250000E-8	-2.637824E-4
8.260000E-8	-2.072551E-4
8.270000E-8	-1.250335E-4
8.280000E-8	-3.424714E-5
8.290000E-8	4.626152E-5
8.300000E-8	1.062148E-4
8.310000E-8	1.284831E-4
8.320000E-8	1.610292E-4
8.330000E-8	1.678810E-4
8.340000E-8	1.404738E-4
8.350000E-8	8.908527E-5
8.360000E-8	4.283562E-5
8.370000E-8	1.542842E-5
8.380000E-8	2.913202E-5
8.390000E-8	3.598382E-5
8.400000E-8	3.255792E-5
8.410000E-8	-1.701085E-6
8.420000E-8	-5.480254E-5
8.430000E-8	-1.250335E-4
8.440000E-8	-1.764220E-4
8.450000E-8	-1.884126E-4
8.460000E-8	-1.678572E-4
8.470000E-8	-9.933924E-5
8.480000E-8	-5.480254E-5
8.490000E-8	-1.701085E-6
8.500000E-8	5.140037E-5
8.510000E-8	1.576033E-4
8.520000E-8	2.638062E-4
8.530000E-8	3.288983E-4
8.540000E-8	3.151947E-4
8.550000E-8	2.415378E-4
8.560000E-8	1.473256E-4
8.570000E-8	5.140037E-5
8.580000E-8	-1.883059E-5
8.590000E-8	-2.910829E-5
8.600000E-8	-8.552885E-6
8.610000E-8	-5.126985E-6
8.620000E-8	-6.839935E-6
8.630000E-8	-2.739534E-5
8.640000E-8	-2.739534E-5
8.650000E-8	-3.082124E-5
8.660000E-8	1.542842E-5
8.670000E-8	6.510397E-5
8.680000E-8	1.353349E-4
8.690000E-8	1.781587E-4
8.700000E-8	1.695939E-4
8.710000E-8	1.370479E-4
8.720000E-8	6.339102E-5
8.730000E-8	-6.839935E-6
8.740000E-8	-5.480254E-5
8.750000E-8	-4.623779E-5
8.760000E-8	-2.739534E-5
8.770000E-8	-1.711764E-5
8.780000E-8	-1.701085E-6
8.790000E-8	2.913202E-5
8.800000E-8	1.079277E-4
8.810000E-8	2.192695E-4
8.820000E-8	3.477407E-4
8.830000E-8	4.316753E-4
8.840000E-8	4.385271E-4
8.850000E-8	3.580184E-4
8.860000E-8	2.278342E-4
8.870000E-8	1.113536E-4
8.880000E-8	2.228022E-5
8.890000E-8	3.255792E-5
8.900000E-8	9.765002E-5
8.910000E-8	1.678810E-4
8.920000E-8	2.329731E-4
8.930000E-8	2.466767E-4
8.940000E-8	2.055659E-4
8.950000E-8	1.576033E-4
8.960000E-8	1.490385E-4
8.970000E-8	1.524644E-4
8.980000E-8	1.678810E-4
8.990000E-8	2.004270E-4
9.000000E-8	2.261213E-4
9.010000E-8	1.952882E-4
9.020000E-8	1.644551E-4
9.030000E-8	1.113536E-4
9.040000E-8	1.045018E-4
9.050000E-8	1.387608E-4
9.060000E-8	1.764457E-4
9.070000E-8	2.124177E-4
9.080000E-8	2.278342E-4
9.090000E-8	1.935752E-4
9.100000E-8	1.438997E-4
9.110000E-8	5.311332E-5
9.120000E-8	-2.739534E-5
9.130000E-8	-8.049679E-5
9.140000E-8	-7.707089E-5
9.150000E-8	-3.424714E-5
9.160000E-8	6.167807E-5
9.170000E-8	1.901493E-4
9.180000E-8	3.032040E-4
9.190000E-8	3.597314E-4
9.200000E-8	3.237594E-4
9.210000E-8	2.329731E-4
9.220000E-8	1.062148E-4
9.230000E-8	1.186527E-8
9.240000E-8	-8.049679E-5
9.250000E-8	-8.906154E-5
9.260000E-8	-5.822844E-5
9.270000E-8	-4.452484E-5
9.280000E-8	-3.938599E-5
9.290000E-8	-4.281189E-5
9.300000E-8	-2.910829E-5
9.310000E-8	-1.540469E-5
9.320000E-8	3.427087E-5
9.330000E-8	7.538167E-5
9.340000E-8	9.251117E-5
9.350000E-8	1.079277E-4
9.360000E-8	8.908527E-5
9.370000E-8	6.167807E-5
9.380000E-8	4.283562E-5
9.390000E-8	5.996512E-5
9.400000E-8	6.852987E-5
9.410000E-8	6.681692E-5
9.420000E-8	1.542842E-5
9.430000E-8	-7.707089E-5
9.440000E-8	-1.592925E-4
9.450000E-8	-2.106810E-4
9.460000E-8	-1.986903E-4
9.470000E-8	-1.370241E-4
9.480000E-8	-5.137664E-5
9.490000E-8	1.371547E-5
9.500000E-8	3.940972E-5
9.510000E-8	-1.540469E-5
9.520000E-8	-7.878384E-5
9.530000E-8	-1.233205E-4
9.540000E-8	-1.335982E-4
9.550000E-8	-1.061910E-4
9.560000E-8	-4.109894E-5
9.570000E-8	5.140037E-5
9.580000E-8	1.284831E-4
9.590000E-8	1.541774E-4
9.600000E-8	1.473256E-4
9.610000E-8	1.284831E-4
9.620000E-8	1.096407E-4
9.630000E-8	1.336220E-4
9.640000E-8	1.678810E-4
9.650000E-8	1.764457E-4
9.660000E-8	1.301961E-4
9.670000E-8	6.510397E-5
9.680000E-8	-3.424714E-5
9.690000E-8	-1.284594E-4
9.700000E-8	-1.610054E-4
9.710000E-8	-1.404500E-4
9.720000E-8	-7.364499E-5
9.730000E-8	-6.839935E-6
9.740000E-8	5.311332E-5
9.750000E-8	5.653922E-5
9.760000E-8	-6.839935E-6
9.770000E-8	-8.563564E-5
9.780000E-8	-1.918385E-4
9.790000E-8	-2.500788E-4
9.800000E-8	-2.312364E-4
9.810000E-8	-1.335982E-4
9.820000E-8	2.056727E-5
9.830000E-8	2.021400E-4
9.840000E-8	3.700091E-4
9.850000E-8	4.779249E-4
9.860000E-8	4.967674E-4
9.870000E-8	4.248235E-4
9.880000E-8	3.426019E-4
9.890000E-8	2.655191E-4
9.900000E-8	2.021400E-4
9.910000E-8	1.798716E-4
9.920000E-8	1.935752E-4
9.930000E-8	1.678810E-4
9.940000E-8	1.301961E-4
9.950000E-8	5.311332E-5
9.960000E-8	-3.414035E-6
9.970000E-8	-8.552885E-6
9.980000E-8	3.084497E-5
9.990000E-8	1.079277E-4
1.000000E-7	1.832975E-4
1.001000E-7	1.678810E-4
1.002000E-7	9.593707E-5
1.003000E-7	-2.054354E-5
1.004000E-7	-1.198946E-4
1.005000E-7	-1.661443E-4
1.006000E-7	-1.387371E-4
1.007000E-7	-6.165434E-5
1.008000E-7	5.996512E-5
1.009000E-7	1.490385E-4
1.010000E-7	1.850105E-4
1.011000E-7	1.507515E-4
1.012000E-7	5.996512E-5
1.013000E-7	-4.109894E-5
1.014000E-7	-9.933924E-5
1.015000E-7	-1.027651E-4
1.016000E-7	-5.651549E-5
1.017000E-7	3.437765E-6
1.018000E-7	6.852987E-5
1.019000E-7	8.737232E-5
1.020000E-7	7.366872E-5
1.021000E-7	6.852987E-5
1.022000E-7	6.167807E-5
1.023000E-7	6.852987E-5
1.024000E-7	6.852987E-5
1.025000E-7	5.825217E-5
1.026000E-7	3.769677E-5
1.027000E-7	-3.414035E-6
1.028000E-7	-1.540469E-5
1.029000E-7	-5.651549E-5
1.030000E-7	-9.591334E-5
1.031000E-7	-1.318853E-4
1.032000E-7	-1.284594E-4
1.033000E-7	-1.010522E-4
1.034000E-7	-4.623779E-5
1.035000E-7	1.028957E-5
1.036000E-7	4.283562E-5
1.037000E-7	4.797447E-5
1.038000E-7	2.056727E-5
1.039000E-7	-5.126985E-6
1.040000E-7	1.186527E-8
1.041000E-7	3.437765E-6
1.042000E-7	3.427087E-5
1.043000E-7	1.371547E-5
1.044000E-7	5.150715E-6
1.045000E-7	-3.414035E-6
1.046000E-7	4.112267E-5
1.047000E-7	1.370479E-4
1.048000E-7	2.689450E-4
1.049000E-7	3.717220E-4
1.050000E-7	4.231105E-4
1.051000E-7	3.905645E-4
1.052000E-7	3.134817E-4
1.053000E-7	2.124177E-4
1.054000E-7	1.370479E-4
1.055000E-7	1.233443E-4
1.056000E-7	1.182054E-4
1.057000E-7	1.250572E-4
1.058000E-7	9.765002E-5
1.059000E-7	5.825217E-5
1.060000E-7	-1.540469E-5
1.061000E-7	-8.049679E-5
1.062000E-7	-1.181817E-4
1.063000E-7	-8.220974E-5
1.064000E-7	-1.369174E-5
1.065000E-7	9.251117E-5
1.066000E-7	2.209824E-4
1.067000E-7	2.963522E-4
1.068000E-7	3.151947E-4
1.069000E-7	2.740839E-4
1.070000E-7	1.798716E-4
1.071000E-7	7.709462E-5
1.072000E-7	-1.026584E-5
1.073000E-7	-3.253419E-5
1.074000E-7	-1.701085E-6
1.075000E-7	9.251117E-5
1.076000E-7	2.192695E-4
1.077000E-7	3.391760E-4
1.078000E-7	4.265364E-4
1.079000E-7	4.282494E-4
1.080000E-7	3.374630E-4
1.081000E-7	1.747328E-4
1.082000E-7	-1.026584E-5
1.083000E-7	-1.610054E-4
1.084000E-7	-2.295234E-4
1.085000E-7	-2.038292E-4
1.086000E-7	-7.364499E-5
1.087000E-7	6.339102E-5
1.088000E-7	1.507515E-4
1.089000E-7	1.713069E-4
1.090000E-7	9.251117E-5
1.091000E-7	-1.701085E-6
1.092000E-7	-7.535794E-5
1.093000E-7	-8.906154E-5
1.094000E-7	-4.795074E-5
1.095000E-7	1.200252E-5
1.096000E-7	7.195577E-5
1.097000E-7	1.027889E-4
1.098000E-7	1.182054E-4
1.099000E-7	1.404738E-4
1.100000E-7	1.627421E-4
1.101000E-7	2.055659E-4
1.102000E-7	2.261213E-4
1.103000E-7	2.021400E-4
1.104000E-7	1.370479E-4
1.105000E-7	9.593707E-5
1.106000E-7	7.538167E-5
1.107000E-7	1.045018E-4
1.108000E-7	1.593162E-4
1.109000E-7	1.747328E-4
1.110000E-7	1.558903E-4
1.111000E-7	6.510397E-5
1.112000E-7	-1.883059E-5
1.113000E-7	-8.906154E-5
1.114000E-7	-9.248744E-5
1.115000E-7	-2.568239E-5
1.116000E-7	4.797447E-5
1.117000E-7	1.164925E-4
1.118000E-7	1.901493E-4
1.119000E-7	2.603803E-4
1.120000E-7	3.186206E-4
1.121000E-7	3.408889E-4
1.122000E-7	3.340371E-4
1.123000E-7	2.963522E-4
1.124000E-7	2.312601E-4
1.125000E-7	1.490385E-4
1.126000E-7	7.366872E-5
1.127000E-7	2.913202E-5
1.128000E-7	1.714137E-5
1.129000E-7	4.454857E-5
1.130000E-7	1.079277E-4
1.131000E-7	1.918623E-4
1.132000E-7	3.237594E-4
1.133000E-7	4.145458E-4
1.134000E-7	4.573695E-4
1.135000E-7	4.196846E-4
1.136000E-7	2.946393E-4
1.137000E-7	1.798716E-4
1.138000E-7	2.399317E-5
1.139000E-7	-9.762629E-5
1.140000E-7	-1.592925E-4
1.141000E-7	-1.610054E-4
1.142000E-7	-1.284594E-4
1.143000E-7	-9.762629E-5
1.144000E-7	-4.281189E-5
1.145000E-7	-1.711764E-5
1.146000E-7	-1.711764E-5
1.147000E-7	-3.767304E-5
1.148000E-7	-6.508024E-5
1.149000E-7	-6.850614E-5
1.150000E-7	-5.994139E-5
1.151000E-7	-3.082124E-5
1.152000E-7	4.454857E-5
1.153000E-7	1.027889E-4
1.154000E-7	1.336220E-4
1.155000E-7	1.096407E-4
1.156000E-7	5.311332E-5
1.157000E-7	-1.026584E-5
1.158000E-7	-5.137664E-5
1.159000E-7	-3.938599E-5
1.160000E-7	8.576616E-6
1.161000E-7	7.195577E-5
1.162000E-7	1.884364E-4
1.163000E-7	3.049170E-4
1.164000E-7	3.700091E-4
1.165000E-7	4.094069E-4
1.166000E-7	3.974163E-4
1.167000E-7	3.323242E-4
1.168000E-7	2.141306E-4
1.169000E-7	8.394642E-5
1.170000E-7	5.150715E-6
1.171000E-7	-1.883059E-5
1.172000E-7	2.913202E-5
1.173000E-7	9.936297E-5
1.174000E-7	1.370479E-4
1.175000E-7	1.490385E-4
1.176000E-7	1.627421E-4
1.177000E-7	1.576033E-4
1.178000E-7	1.952882E-4
1.179000E-7	2.432508E-4
1.180000E-7	2.535285E-4
1.181000E-7	2.244083E-4
1.182000E-7	1.644551E-4
1.183000E-7	8.394642E-5
1.184000E-7	2.228022E-5
1.185000E-7	-1.701085E-6
1.186000E-7	8.576616E-6
1.187000E-7	7.195577E-5
1.188000E-7	1.336220E-4
1.189000E-7	1.970011E-4
1.190000E-7	2.398249E-4
1.191000E-7	2.792227E-4
1.192000E-7	2.723709E-4
1.193000E-7	2.398249E-4
1.194000E-7	1.387608E-4
1.195000E-7	1.885432E-5
1.196000E-7	-1.507277E-4
1.197000E-7	-3.168839E-4
1.198000E-7	-4.162350E-4
1.199000E-7	-4.145220E-4
1.200000E-7	-2.894767E-4
1.201000E-7	-5.480254E-5
1.202000E-7	2.038529E-4
1.203000E-7	4.076940E-4
1.204000E-7	4.762120E-4
1.205000E-7	4.076940E-4
1.206000E-7	2.209824E-4
1.207000E-7	2.056727E-5
1.208000E-7	-1.524407E-4
1.209000E-7	-2.295234E-4
1.210000E-7	-2.089680E-4
1.211000E-7	-1.164687E-4
1.212000E-7	-2.054354E-5
1.213000E-7	8.223347E-5
1.214000E-7	1.250572E-4
1.215000E-7	1.130666E-4
1.216000E-7	5.653922E-5
1.217000E-7	5.150715E-6
1.218000E-7	-5.651549E-5
1.219000E-7	-8.392269E-5
1.220000E-7	-1.284594E-4
1.221000E-7	-1.233205E-4
1.222000E-7	-6.850614E-5
1.223000E-7	3.084497E-5
1.224000E-7	1.695939E-4
1.225000E-7	3.014911E-4
1.226000E-7	4.145458E-4
1.227000E-7	4.145458E-4
1.228000E-7	3.391760E-4
1.229000E-7	1.456126E-4
1.230000E-7	-2.054354E-5
1.231000E-7	-1.284594E-4
1.232000E-7	-1.832738E-4
1.233000E-7	-1.507277E-4
1.234000E-7	-8.049679E-5
1.235000E-7	-3.424714E-5
1.236000E-7	-8.552885E-6
1.237000E-7	-6.839935E-6
1.238000E-7	-1.540469E-5
1.239000E-7	-4.109894E-5
1.240000E-7	-1.010522E-4
1.241000E-7	-1.952644E-4
1.242000E-7	-2.877637E-4
1.243000E-7	-3.203098E-4
1.244000E-7	-2.860508E-4
1.245000E-7	-1.267464E-4
1.246000E-7	9.422412E-5
1.247000E-7	3.614443E-4
1.248000E-7	5.550077E-4
1.249000E-7	6.149609E-4
1.250000E-7	5.618595E-4
1.251000E-7	3.871386E-4
1.252000E-7	1.884364E-4
1.253000E-7	4.968742E-5
1.254000E-7	1.200252E-5
1.255000E-7	1.027889E-4
1.256000E-7	2.363990E-4
1.257000E-7	3.357501E-4
1.258000E-7	3.768609E-4
1.259000E-7	3.700091E-4
1.260000E-7	2.877875E-4
1.261000E-7	2.278342E-4
1.262000E-7	1.798716E-4
1.263000E-7	1.661680E-4
1.264000E-7	1.524644E-4
1.265000E-7	1.353349E-4
1.266000E-7	1.010759E-4
1.267000E-7	9.079822E-5
1.268000E-7	7.024282E-5
1.269000E-7	7.366872E-5
1.270000E-7	8.565937E-5
1.271000E-7	8.737232E-5
1.272000E-7	9.422412E-5
1.273000E-7	9.079822E-5
1.274000E-7	5.996512E-5
1.275000E-7	-1.701085E-6
1.276000E-7	-4.109894E-5
1.277000E-7	-5.822844E-5
1.278000E-7	-7.021909E-5
1.279000E-7	-6.850614E-5
1.280000E-7	-9.420039E-5
1.281000E-7	-1.079040E-4
1.282000E-7	-1.113299E-4
1.283000E-7	-8.734859E-5
1.284000E-7	-3.424714E-5
1.285000E-7	5.482627E-5
1.286000E-7	1.627421E-4
1.287000E-7	2.192695E-4
1.288000E-7	2.329731E-4
1.289000E-7	1.507515E-4
1.290000E-7	4.626152E-5
1.291000E-7	-8.734859E-5
1.292000E-7	-1.524407E-4
1.293000E-7	-1.198946E-4
1.294000E-7	1.724815E-6
1.295000E-7	1.730198E-4
1.296000E-7	3.066299E-4
1.297000E-7	3.511666E-4
1.298000E-7	2.638062E-4
1.299000E-7	8.737232E-5
1.300000E-7	-9.248744E-5
1.301000E-7	-2.243846E-4
1.302000E-7	-2.637824E-4
1.303000E-7	-1.729961E-4
1.304000E-7	-7.364499E-5
1.305000E-7	2.570612E-5
1.306000E-7	6.339102E-5
1.307000E-7	2.570612E-5
1.308000E-7	-1.540469E-5
1.309000E-7	-2.739534E-5
1.310000E-7	3.940972E-5
1.311000E-7	1.678810E-4
1.312000E-7	3.134817E-4
1.313000E-7	4.351012E-4
1.314000E-7	4.779249E-4
1.315000E-7	4.556566E-4
1.316000E-7	3.357501E-4
1.317000E-7	1.850105E-4
1.318000E-7	2.399317E-5
1.319000E-7	-1.010522E-4
1.320000E-7	-2.329493E-4
1.321000E-7	-3.048932E-4
1.322000E-7	-3.425781E-4
1.323000E-7	-3.083191E-4
1.324000E-7	-2.004033E-4
1.325000E-7	-6.165434E-5
1.326000E-7	5.825217E-5
1.327000E-7	1.473256E-4
1.328000E-7	1.661680E-4
1.329000E-7	1.164925E-4
1.330000E-7	6.339102E-5
1.331000E-7	-3.414035E-6
1.332000E-7	-1.369174E-5
1.333000E-7	-1.701085E-6
1.334000E-7	2.570612E-5
1.335000E-7	4.797447E-5
1.336000E-7	2.570612E-5
1.337000E-7	1.542842E-5
1.338000E-7	1.028957E-5
1.339000E-7	6.167807E-5
1.340000E-7	1.027889E-4
1.341000E-7	1.267702E-4
1.342000E-7	8.565937E-5
1.343000E-7	-2.225649E-5
1.344000E-7	-1.335982E-4
1.345000E-7	-1.884126E-4
1.346000E-7	-1.661443E-4
1.347000E-7	-5.480254E-5
1.348000E-7	9.251117E-5
1.349000E-7	1.610292E-4
1.350000E-7	1.627421E-4
1.351000E-7	7.024282E-5
1.352000E-7	-7.535794E-5
1.353000E-7	-1.644313E-4
1.354000E-7	-2.021162E-4
1.355000E-7	-1.541536E-4
1.356000E-7	-4.966369E-5
1.357000E-7	5.482627E-5
1.358000E-7	1.284831E-4
1.359000E-7	1.199184E-4
1.360000E-7	5.140037E-5
1.361000E-7	-6.165434E-5
1.362000E-7	-1.575795E-4
1.363000E-7	-1.969774E-4
1.364000E-7	-1.627184E-4
1.365000E-7	-9.933924E-5
1.366000E-7	-1.197879E-5
1.367000E-7	5.482627E-5
1.368000E-7	1.027889E-4
1.369000E-7	1.301961E-4
1.370000E-7	1.182054E-4
1.371000E-7	8.908527E-5
1.372000E-7	3.598382E-5
1.373000E-7	1.885432E-5
1.374000E-7	1.714137E-5
1.375000E-7	4.283562E-5
1.376000E-7	8.223347E-5
1.377000E-7	8.565937E-5
1.378000E-7	5.825217E-5
1.379000E-7	1.371547E-5
1.380000E-7	-1.540469E-5
1.381000E-7	2.570612E-5
1.382000E-7	9.422412E-5
1.383000E-7	1.781587E-4
1.384000E-7	2.107047E-4
1.385000E-7	1.935752E-4
1.386000E-7	1.096407E-4
1.387000E-7	3.437765E-6
1.388000E-7	-8.392269E-5
1.389000E-7	-1.353112E-4
1.390000E-7	-1.798479E-4
1.391000E-7	-1.952644E-4
1.392000E-7	-1.866997E-4
1.393000E-7	-1.490148E-4
1.394000E-7	-7.021909E-5
1.395000E-7	4.112267E-5
1.396000E-7	1.610292E-4
1.397000E-7	2.483896E-4
1.398000E-7	2.792227E-4
1.399000E-7	2.552414E-4
1.400000E-7	1.507515E-4
1.401000E-7	2.741907E-5
1.402000E-7	-1.284594E-4
1.403000E-7	-2.654954E-4
1.404000E-7	-3.922537E-4
1.405000E-7	-4.641976E-4
1.406000E-7	-4.659105E-4
1.407000E-7	-4.419292E-4
1.408000E-7	-3.888278E-4
1.409000E-7	-3.288745E-4
1.410000E-7	-2.552177E-4
1.411000E-7	-1.747090E-4
1.412000E-7	-1.061910E-4
1.413000E-7	-7.878384E-5
1.414000E-7	-5.651549E-5
1.415000E-7	-5.994139E-5
1.416000E-7	-5.308959E-5
1.417000E-7	-3.938599E-5
1.418000E-7	1.714137E-5
1.419000E-7	9.079822E-5
1.420000E-7	1.730198E-4
1.421000E-7	2.124177E-4
1.422000E-7	1.970011E-4
1.423000E-7	1.456126E-4
1.424000E-7	3.255792E-5
1.425000E-7	-1.061910E-4
1.426000E-7	-2.380882E-4
1.427000E-7	-2.980414E-4
1.428000E-7	-2.706342E-4
1.429000E-7	-1.473018E-4
1.430000E-7	1.542842E-5
1.431000E-7	1.353349E-4
1.432000E-7	1.541774E-4
1.433000E-7	9.079822E-5
1.434000E-7	-1.197879E-5
1.435000E-7	-8.563564E-5
1.436000E-7	-9.077449E-5
1.437000E-7	-2.568239E-5
1.438000E-7	6.339102E-5
1.439000E-7	1.113536E-4
1.440000E-7	9.593707E-5
1.441000E-7	4.626152E-5
1.442000E-7	5.150715E-6
1.443000E-7	8.576616E-6
1.444000E-7	1.200252E-5
1.445000E-7	3.437765E-6
1.446000E-7	-3.082124E-5
1.447000E-7	-7.364499E-5
1.448000E-7	-1.079040E-4
1.449000E-7	-6.508024E-5
1.450000E-7	1.714137E-5
1.451000E-7	1.336220E-4
1.452000E-7	2.432508E-4
1.453000E-7	2.895004E-4
1.454000E-7	2.518155E-4
1.455000E-7	1.421867E-4
1.456000E-7	2.399317E-5
1.457000E-7	-4.452484E-5
1.458000E-7	-3.767304E-5
1.459000E-7	3.427087E-5
1.460000E-7	1.764457E-4
1.461000E-7	3.117688E-4
1.462000E-7	3.957033E-4
1.463000E-7	3.974163E-4
1.464000E-7	3.203335E-4
1.465000E-7	1.747328E-4
1.466000E-7	1.028957E-5
1.467000E-7	-1.370241E-4
1.468000E-7	-2.226716E-4
1.469000E-7	-2.158198E-4
1.470000E-7	-1.558666E-4
1.471000E-7	-5.137664E-5
1.472000E-7	4.797447E-5
1.473000E-7	1.130666E-4
1.474000E-7	1.267702E-4
1.475000E-7	9.079822E-5
1.476000E-7	4.112267E-5
1.477000E-7	1.724815E-6
1.478000E-7	1.724815E-6
1.479000E-7	3.598382E-5
1.480000E-7	8.565937E-5
1.481000E-7	1.147795E-4
1.482000E-7	1.370479E-4
1.483000E-7	1.764457E-4
1.484000E-7	2.209824E-4
1.485000E-7	2.381119E-4
1.486000E-7	2.638062E-4
1.487000E-7	2.860745E-4
1.488000E-7	3.014911E-4
1.489000E-7	3.151947E-4
1.490000E-7	3.032040E-4
1.491000E-7	2.346860E-4
1.492000E-7	1.250572E-4
1.493000E-7	2.228022E-5
1.494000E-7	-2.910829E-5
1.495000E-7	1.186527E-8
1.496000E-7	1.250572E-4
1.497000E-7	2.518155E-4
1.498000E-7	3.443148E-4
1.499000E-7	3.066299E-4
1.500000E-7	1.387608E-4
1.501000E-7	-5.651549E-5
1.502000E-7	-2.072551E-4
1.503000E-7	-2.483659E-4
1.504000E-7	-2.004033E-4
1.505000E-7	-9.591334E-5
1.506000E-7	-4.966369E-5
1.507000E-7	-4.795074E-5
1.508000E-7	-1.318853E-4
1.509000E-7	-2.141069E-4
1.510000E-7	-2.637824E-4
1.511000E-7	-2.929026E-4
1.512000E-7	-2.398011E-4
1.513000E-7	-1.318853E-4
1.514000E-7	1.542842E-5
1.515000E-7	1.952882E-4
1.516000E-7	3.511666E-4
1.517000E-7	4.573695E-4
1.518000E-7	4.796379E-4
1.519000E-7	4.042681E-4
1.520000E-7	3.100558E-4
1.521000E-7	2.295472E-4
1.522000E-7	1.952882E-4
1.523000E-7	2.089918E-4
1.524000E-7	2.038529E-4
1.525000E-7	2.055659E-4
1.526000E-7	1.695939E-4
1.527000E-7	1.216313E-4
1.528000E-7	7.366872E-5
1.529000E-7	7.880757E-5
1.530000E-7	8.908527E-5
1.531000E-7	1.164925E-4
1.532000E-7	1.182054E-4
1.533000E-7	1.045018E-4
1.534000E-7	7.195577E-5
1.535000E-7	1.724815E-6
1.536000E-7	-5.822844E-5
1.537000E-7	-7.364499E-5
1.538000E-7	-7.535794E-5
1.539000E-7	-3.424714E-5
1.540000E-7	5.140037E-5
1.541000E-7	1.301961E-4
1.542000E-7	2.004270E-4
1.543000E-7	2.535285E-4
1.544000E-7	2.638062E-4
1.545000E-7	2.997781E-4
1.546000E-7	3.032040E-4
1.547000E-7	2.638062E-4
1.548000E-7	1.832975E-4
1.549000E-7	1.010759E-4
1.550000E-7	4.626152E-5
1.551000E-7	2.741907E-5
1.552000E-7	4.283562E-5
1.553000E-7	8.908527E-5
1.554000E-7	1.576033E-4
1.555000E-7	1.850105E-4
1.556000E-7	2.038529E-4
1.557000E-7	1.935752E-4
1.558000E-7	1.576033E-4
1.559000E-7	1.387608E-4
1.560000E-7	1.130666E-4
1.561000E-7	9.251117E-5
1.562000E-7	4.797447E-5
1.563000E-7	5.150715E-6
1.564000E-7	-6.679319E-5
1.565000E-7	-1.250335E-4
1.566000E-7	-1.353112E-4
1.567000E-7	-1.027651E-4
1.568000E-7	-5.994139E-5
1.569000E-7	-1.711764E-5
1.570000E-7	4.797447E-5
1.571000E-7	9.593707E-5
1.572000E-7	1.147795E-4
1.573000E-7	8.223347E-5
1.574000E-7	6.339102E-5
1.575000E-7	3.940972E-5
1.576000E-7	3.255792E-5
1.577000E-7	5.311332E-5
1.578000E-7	7.709462E-5
1.579000E-7	1.747328E-4
1.580000E-7	2.552414E-4
1.581000E-7	3.151947E-4
1.582000E-7	3.032040E-4
1.583000E-7	2.398249E-4
1.584000E-7	1.456126E-4
1.585000E-7	5.311332E-5
1.586000E-7	-1.883059E-5
1.587000E-7	-2.910829E-5
1.588000E-7	-2.910829E-5
1.589000E-7	3.427087E-5
1.590000E-7	1.079277E-4
1.591000E-7	1.541774E-4
1.592000E-7	1.764457E-4
1.593000E-7	1.353349E-4
1.594000E-7	1.010759E-4
1.595000E-7	4.968742E-5
1.596000E-7	6.863665E-6
1.597000E-7	-3.414035E-6
1.598000E-7	-5.126985E-6
1.599000E-7	1.186527E-8
1.600000E-7	1.542842E-5
1.601000E-7	4.283562E-5
1.602000E-7	1.096407E-4
1.603000E-7	1.661680E-4
1.604000E-7	2.518155E-4
1.605000E-7	3.511666E-4
1.606000E-7	4.590825E-4
1.607000E-7	5.310264E-4
1.608000E-7	5.344523E-4
1.609000E-7	4.916285E-4
1.610000E-7	3.905645E-4
1.611000E-7	2.518155E-4
1.612000E-7	1.267702E-4
1.613000E-7	3.769677E-5
1.614000E-7	1.885432E-5
1.615000E-7	7.366872E-5
1.616000E-7	1.884364E-4
1.617000E-7	2.980652E-4
1.618000E-7	3.819997E-4
1.619000E-7	4.128328E-4
1.620000E-7	4.025551E-4
1.621000E-7	3.083429E-4
1.622000E-7	1.541774E-4
1.623000E-7	-2.396944E-5
1.624000E-7	-1.866997E-4
1.625000E-7	-2.620695E-4
1.626000E-7	-2.260975E-4
1.627000E-7	-9.762629E-5
1.628000E-7	8.565937E-5
1.629000E-7	2.860745E-4
1.630000E-7	4.282494E-4
1.631000E-7	4.796379E-4
1.632000E-7	4.419530E-4
1.633000E-7	3.802868E-4
1.634000E-7	2.860745E-4
1.635000E-7	2.158436E-4
1.636000E-7	1.610292E-4
1.637000E-7	9.079822E-5
1.638000E-7	6.167807E-5
1.639000E-7	3.598382E-5
1.640000E-7	3.255792E-5
1.641000E-7	3.084497E-5
1.642000E-7	2.570612E-5
1.643000E-7	2.570612E-5
1.644000E-7	8.576616E-6
1.645000E-7	6.863665E-6
1.646000E-7	3.255792E-5
1.647000E-7	1.113536E-4
1.648000E-7	1.747328E-4
1.649000E-7	2.175565E-4
1.650000E-7	2.089918E-4
1.651000E-7	1.473256E-4
1.652000E-7	3.427087E-5
1.653000E-7	-7.193204E-5
1.654000E-7	-1.267464E-4
1.655000E-7	-1.027651E-4
1.656000E-7	-1.197879E-5
1.657000E-7	8.052052E-5
1.658000E-7	1.901493E-4
1.659000E-7	2.706580E-4
1.660000E-7	2.912134E-4
1.661000E-7	2.244083E-4
1.662000E-7	1.096407E-4
1.663000E-7	-1.026584E-5
1.664000E-7	-8.906154E-5
1.665000E-7	-1.216076E-4
1.666000E-7	-6.508024E-5
1.667000E-7	-6.839935E-6
1.668000E-7	7.195577E-5
1.669000E-7	1.045018E-4
1.670000E-7	4.797447E-5
1.671000E-7	-4.109894E-5
1.672000E-7	-1.010522E-4
1.673000E-7	-1.113299E-4
1.674000E-7	-6.850614E-5
1.675000E-7	2.399317E-5
1.676000E-7	1.045018E-4
1.677000E-7	1.456126E-4
1.678000E-7	8.908527E-5
1.679000E-7	2.570612E-5
1.680000E-7	-2.568239E-5
1.681000E-7	-3.253419E-5
1.682000E-7	4.283562E-5
1.683000E-7	1.456126E-4
1.684000E-7	2.432508E-4
1.685000E-7	2.449637E-4
1.686000E-7	1.747328E-4
1.687000E-7	3.940972E-5
1.688000E-7	-8.049679E-5
1.689000E-7	-1.490148E-4
1.690000E-7	-1.438759E-4
1.691000E-7	-8.734859E-5
1.692000E-7	-2.396944E-5
1.693000E-7	5.996512E-5
1.694000E-7	1.164925E-4
1.695000E-7	1.456126E-4
1.696000E-7	1.370479E-4
1.697000E-7	1.182054E-4
1.698000E-7	9.079822E-5
1.699000E-7	8.223347E-5
1.700000E-7	1.096407E-4
1.701000E-7	1.661680E-4
1.702000E-7	2.244083E-4
1.703000E-7	2.997781E-4
1.704000E-7	3.254724E-4
1.705000E-7	2.689450E-4
1.706000E-7	1.336220E-4
1.707000E-7	-3.938599E-5
1.708000E-7	-2.038292E-4
1.709000E-7	-3.083191E-4
1.710000E-7	-3.323004E-4
1.711000E-7	-2.654954E-4
1.712000E-7	-1.318853E-4
1.713000E-7	6.339102E-5
1.714000E-7	2.449637E-4
1.715000E-7	3.648702E-4
1.716000E-7	3.648702E-4
1.717000E-7	2.809357E-4
1.718000E-7	1.438997E-4
1.719000E-7	-3.414035E-6
1.720000E-7	-7.878384E-5
1.721000E-7	-4.281189E-5
1.722000E-7	4.797447E-5
1.723000E-7	1.644551E-4
1.724000E-7	2.569544E-4
1.725000E-7	2.775098E-4
1.726000E-7	2.175565E-4
1.727000E-7	1.558903E-4
1.728000E-7	5.996512E-5
1.729000E-7	8.576616E-6
1.730000E-7	-2.910829E-5
1.731000E-7	-2.396944E-5
1.732000E-7	6.863665E-6
1.733000E-7	4.283562E-5
1.734000E-7	1.045018E-4
1.735000E-7	1.593162E-4
1.736000E-7	2.089918E-4
1.737000E-7	2.175565E-4
1.738000E-7	1.970011E-4
1.739000E-7	1.678810E-4
1.740000E-7	1.370479E-4
1.741000E-7	1.216313E-4
1.742000E-7	7.538167E-5
1.743000E-7	5.140037E-5
1.744000E-7	-2.054354E-5
1.745000E-7	-1.010522E-4
1.746000E-7	-1.610054E-4
1.747000E-7	-1.558666E-4
1.748000E-7	-8.734859E-5
1.749000E-7	3.427087E-5
1.750000E-7	1.456126E-4
1.751000E-7	2.278342E-4
1.752000E-7	2.552414E-4
1.753000E-7	2.740839E-4
1.754000E-7	3.100558E-4
1.755000E-7	3.408889E-4
1.756000E-7	3.614443E-4
1.757000E-7	3.323242E-4
1.758000E-7	2.483896E-4
1.759000E-7	1.319090E-4
1.760000E-7	2.741907E-5
1.761000E-7	-2.225649E-5
1.762000E-7	-1.701085E-6
1.763000E-7	4.112267E-5
1.764000E-7	9.079822E-5
1.765000E-7	8.565937E-5
1.766000E-7	4.112267E-5
1.767000E-7	-1.197879E-5
1.768000E-7	-9.762629E-5
1.769000E-7	-1.524407E-4
1.770000E-7	-1.918385E-4
1.771000E-7	-2.243846E-4
1.772000E-7	-2.141069E-4
1.773000E-7	-1.935515E-4
1.774000E-7	-1.044781E-4
1.775000E-7	3.084497E-5
1.776000E-7	1.952882E-4
1.777000E-7	3.014911E-4
1.778000E-7	3.854256E-4
1.779000E-7	3.819997E-4
1.780000E-7	2.929263E-4
1.781000E-7	1.970011E-4
1.782000E-7	9.251117E-5
1.783000E-7	2.913202E-5
1.784000E-7	-2.054354E-5
1.785000E-7	-8.734859E-5
1.786000E-7	-9.420039E-5
1.787000E-7	-1.130428E-4
1.788000E-7	-1.455889E-4
1.789000E-7	-1.764220E-4
1.790000E-7	-2.260975E-4
1.791000E-7	-2.809119E-4
1.792000E-7	-2.843378E-4
1.793000E-7	-2.278105E-4
1.794000E-7	-1.335982E-4
1.795000E-7	-5.126985E-6
1.796000E-7	1.199184E-4
1.797000E-7	1.713069E-4
1.798000E-7	1.764457E-4
1.799000E-7	1.644551E-4
1.800000E-7	1.216313E-4
1.801000E-7	1.027889E-4
1.802000E-7	6.339102E-5
1.803000E-7	5.140037E-5
1.804000E-7	2.741907E-5
1.805000E-7	1.724815E-6
1.806000E-7	-2.054354E-5
1.807000E-7	-2.396944E-5
1.808000E-7	3.437765E-6
1.809000E-7	5.482627E-5
1.810000E-7	1.096407E-4
1.811000E-7	1.524644E-4
1.812000E-7	1.747328E-4
1.813000E-7	1.113536E-4
1.814000E-7	2.741907E-5
1.815000E-7	-3.596009E-5
1.816000E-7	-3.082124E-5
1.817000E-7	5.825217E-5
1.818000E-7	1.764457E-4
1.819000E-7	2.843616E-4
1.820000E-7	3.169076E-4
1.821000E-7	2.363990E-4
1.822000E-7	6.852987E-5
1.823000E-7	-1.010522E-4
1.824000E-7	-2.106810E-4
1.825000E-7	-2.209587E-4
1.826000E-7	-1.198946E-4
1.827000E-7	4.112267E-5
1.828000E-7	1.610292E-4
1.829000E-7	1.747328E-4
1.830000E-7	8.565937E-5
1.831000E-7	-6.336729E-5
1.832000E-7	-2.038292E-4
1.833000E-7	-2.757731E-4
1.834000E-7	-2.329493E-4
1.835000E-7	-1.490148E-4
1.836000E-7	-2.396944E-5
1.837000E-7	7.195577E-5
1.838000E-7	1.284831E-4
1.839000E-7	1.250572E-4
1.840000E-7	8.737232E-5
1.841000E-7	7.880757E-5
1.842000E-7	1.182054E-4
1.843000E-7	2.209824E-4
1.844000E-7	3.751479E-4
1.845000E-7	5.001933E-4
1.846000E-7	5.550077E-4
1.847000E-7	5.224616E-4
1.848000E-7	3.837127E-4
1.849000E-7	2.192695E-4
1.850000E-7	6.681692E-5
1.851000E-7	5.150715E-6
1.852000E-7	5.482627E-5
1.853000E-7	1.524644E-4
1.854000E-7	2.244083E-4
1.855000E-7	2.158436E-4
1.856000E-7	1.216313E-4
1.857000E-7	-1.026584E-5
1.858000E-7	-1.353112E-4
1.859000E-7	-1.764220E-4
1.860000E-7	-1.164687E-4
1.861000E-7	-5.126985E-6
1.862000E-7	1.113536E-4
1.863000E-7	1.593162E-4
1.864000E-7	1.130666E-4
1.865000E-7	2.056727E-5
1.866000E-7	-5.822844E-5
1.867000E-7	-1.010522E-4
1.868000E-7	-4.966369E-5
1.869000E-7	3.769677E-5
1.870000E-7	1.456126E-4
1.871000E-7	2.192695E-4
1.872000E-7	2.483896E-4
1.873000E-7	1.970011E-4
1.874000E-7	1.250572E-4
1.875000E-7	7.880757E-5
1.876000E-7	8.908527E-5
1.877000E-7	1.456126E-4
1.878000E-7	2.072788E-4
1.879000E-7	2.261213E-4
1.880000E-7	1.576033E-4
1.881000E-7	2.570612E-5
1.882000E-7	-7.364499E-5
1.883000E-7	-1.335982E-4
1.884000E-7	-7.878384E-5
1.885000E-7	5.825217E-5
1.886000E-7	2.021400E-4
1.887000E-7	3.049170E-4
1.888000E-7	2.877875E-4
1.889000E-7	1.507515E-4
1.890000E-7	-3.767304E-5
1.891000E-7	-2.192457E-4
1.892000E-7	-2.929026E-4
1.893000E-7	-2.654954E-4
1.894000E-7	-1.592925E-4
1.895000E-7	-3.414035E-6
1.896000E-7	1.182054E-4
1.897000E-7	1.747328E-4
1.898000E-7	1.456126E-4
1.899000E-7	9.251117E-5
1.900000E-7	8.394642E-5
1.901000E-7	8.908527E-5
1.902000E-7	1.199184E-4
1.903000E-7	1.216313E-4
1.904000E-7	7.366872E-5
1.905000E-7	-2.054354E-5
1.906000E-7	-1.387371E-4
1.907000E-7	-2.432270E-4
1.908000E-7	-2.860508E-4
1.909000E-7	-2.380882E-4
1.910000E-7	-1.267464E-4
1.911000E-7	2.741907E-5
1.912000E-7	1.747328E-4
1.913000E-7	3.100558E-4
1.914000E-7	4.179717E-4
1.915000E-7	4.830638E-4
1.916000E-7	5.104710E-4
1.917000E-7	4.693602E-4
1.918000E-7	3.494537E-4
1.919000E-7	1.935752E-4
1.920000E-7	3.427087E-5
1.921000E-7	-1.061910E-4
1.922000E-7	-1.678572E-4
1.923000E-7	-1.695702E-4
1.924000E-7	-1.216076E-4
1.925000E-7	-7.193204E-5
1.926000E-7	-3.253419E-5
1.927000E-7	-2.910829E-5
1.928000E-7	-4.623779E-5
1.929000E-7	-6.508024E-5
1.930000E-7	-7.193204E-5
1.931000E-7	-4.966369E-5
1.932000E-7	-1.883059E-5
1.933000E-7	5.140037E-5
1.934000E-7	1.113536E-4
1.935000E-7	1.695939E-4
1.936000E-7	2.312601E-4
1.937000E-7	2.706580E-4
1.938000E-7	2.483896E-4
1.939000E-7	1.850105E-4
1.940000E-7	9.593707E-5
1.941000E-7	6.510397E-5
1.942000E-7	8.052052E-5
1.943000E-7	1.353349E-4
1.944000E-7	1.952882E-4
1.945000E-7	2.244083E-4
1.946000E-7	2.261213E-4
1.947000E-7	2.004270E-4
1.948000E-7	1.815846E-4
1.949000E-7	1.713069E-4
1.950000E-7	1.644551E-4
1.951000E-7	1.661680E-4
1.952000E-7	1.695939E-4
1.953000E-7	1.421867E-4
1.954000E-7	1.627421E-4
1.955000E-7	1.627421E-4
1.956000E-7	1.644551E-4
1.957000E-7	1.644551E-4
1.958000E-7	1.233443E-4
1.959000E-7	1.233443E-4
1.960000E-7	6.852987E-5
1.961000E-7	4.283562E-5
1.962000E-7	2.570612E-5
1.963000E-7	2.228022E-5
1.964000E-7	1.371547E-5
1.965000E-7	-1.711764E-5
1.966000E-7	-7.021909E-5
1.967000E-7	-1.438759E-4
1.968000E-7	-2.175328E-4
1.969000E-7	-2.363752E-4
1.970000E-7	-2.260975E-4
1.971000E-7	-1.592925E-4
1.972000E-7	-6.679319E-5
1.973000E-7	-1.197879E-5
1.974000E-7	1.724815E-6
1.975000E-7	-2.910829E-5
1.976000E-7	-6.508024E-5
1.977000E-7	-9.248744E-5
1.978000E-7	-8.392269E-5
1.979000E-7	-5.480254E-5
1.980000E-7	1.724815E-6
1.981000E-7	6.167807E-5
1.982000E-7	1.199184E-4
1.983000E-7	1.918623E-4
1.984000E-7	2.278342E-4
1.985000E-7	2.329731E-4
1.986000E-7	1.850105E-4
1.987000E-7	8.223347E-5
1.988000E-7	-3.424714E-5
1.989000E-7	-1.695702E-4
1.990000E-7	-2.312364E-4
1.991000E-7	-2.312364E-4
1.992000E-7	-1.404500E-4
1.993000E-7	-1.540469E-5
1.994000E-7	1.045018E-4
1.995000E-7	1.541774E-4
1.996000E-7	1.524644E-4
1.997000E-7	7.880757E-5
1.998000E-7	-2.396944E-5
1.999000E-7	-1.061910E-4
2.000000E-7	-1.198946E-4
2.001000E-7	-8.049679E-5
